evaluations raw_y
1 4964241861.1368913651
2 134351716.3704240620
4 79725831.7934239209
26 60060416.5433304012
48 51371460.9846339971
62 47107461.4543802291
82 22677883.5342610851
163 16880106.9546903931
300 424850210.9094822407
evaluations raw_y
1 540497686.0406670570
2 112314568.4746362120
6 100577499.2628802210
7 47746861.0943101496
31 40828850.8595011979
80 36409543.7987103313
300 61566815.3681817800
evaluations raw_y
1 508493286.6114798784
3 213958840.6691364646
7 204532114.7776570320
8 122635654.3068193942
12 101051050.5042500198
18 89991607.5895403922
30 71653116.5232789367
34 62377213.9202504084
57 53063249.3380358294
139 49769078.8935457692
149 41420569.2609317154
300 1557775228.3501245975
evaluations raw_y
1 1069220211.0280774832
3 286333357.1891505122
4 226279844.3478918672
5 140635220.5010618567
7 73514906.3718005717
14 71176629.7335953414
48 65681853.0371353030
104 56134537.9721368998
163 53811604.3917098492
202 53412785.7423478812
225 35272084.9650536329
258 34666744.9533259422
300 503147447.4603881836
evaluations raw_y
1 126349429.4193172604
7 84094501.6848677695
11 54432196.6419312581
30 45184514.8999721035
78 41730348.6802585647
157 37209001.6024432480
300 104188449.8271389604
evaluations raw_y
1 1371200065.3300566673
2 590078364.2992358208
3 260300444.6464588046
4 225298644.3478050828
5 149155941.3787914217
7 102672826.2552701384
11 24561272.4698253572
300 482017128.2056658268
evaluations raw_y
1 2487843379.9468464851
2 217869132.3002078533
5 157299755.3362043500
7 156088608.4649835527
22 155024128.8884133697
26 131828597.9968814552
35 85311740.0055462569
53 80596918.4544934481
65 67570135.8258045167
89 63834096.1045665890
92 47977805.2510346398
202 25833077.4484768659
300 651157441.4976398945
evaluations raw_y
1 670506262.4129691124
2 575243281.6591595411
3 70263489.5152603686
107 52232322.0028070882
114 50170321.9798212498
172 26722997.6283462681
300 938946897.5962008238
evaluations raw_y
1 1173784220.7584257126
3 820934101.9335176945
4 196785100.2944674194
6 176079236.6660299301
25 116621283.5658602417
64 108177848.1534273624
67 103756557.6269601285
77 102914474.3644693792
87 80965535.4941641241
102 70250415.4738813043
143 67586831.6397065073
176 62249711.6389049068
194 52134182.1996700391
200 28524755.6817646101
300 172260009.6516664028
evaluations raw_y
1 659222207.9314417839
3 191636103.8968117833
5 119993846.5912802815
6 61367406.7924061567
229 47978802.8436043039
300 281577726.9062224030
evaluations raw_y
1 134060152.0081388801
14 121346816.9768309593
15 94946634.5679923296
41 56182357.3005218953
106 46758751.2146938592
130 19734000.5617447607
300 142892342.2721268535
evaluations raw_y
1 144315990.2074430883
4 83811807.6436441243
35 68546364.1555422992
36 51678919.6020614356
84 37065983.6005074084
215 20151805.4491934255
300 156380844.3700343966
evaluations raw_y
1 520366120.4270770550
2 136243431.3343490362
19 58650205.6355294660
239 45076730.7240171209
300 285280067.6767449975
evaluations raw_y
1 8629075813.2301902771
2 61690919.0444070995
27 41619686.1470100582
140 30999621.3982666694
300 431930174.4487389922
evaluations raw_y
1 7030872591.8984537125
2 59777226.0825800523
6 59189024.8588826209
12 53318057.5277896896
151 43422439.9828388840
300 7332124752.0849189758
evaluations raw_y
1 9742975073.6546459198
2 29542330.7979434580
153 25109749.4224951603
300 700577702.8223884106
evaluations raw_y
1 247222401.7806881964
3 158328487.2903216481
16 108100282.5649988502
27 68568594.1404167414
44 53469910.1173988730
122 33299526.4799705073
224 23127733.7720168233
300 1639443012.9893608093
evaluations raw_y
1 188653710.1099418104
3 128442729.1527305394
9 74094567.7876266837
13 55354300.6799958497
32 36062910.5249537230
300 203773829.6239064932
evaluations raw_y
1 743232065.1464745998
2 70153522.2764606774
26 41093554.3294988796
300 135820647.4430627823
evaluations raw_y
1 489308877.9351916909
2 162191713.4984767437
8 124385601.9408247769
10 69840638.2566068023
23 52155443.1512310430
218 38540958.0301319510
300 1396297105.0376007557
evaluations raw_y
1 1239177974.3843362331
2 317613319.6532700658
3 214011108.2524382174
10 51615407.2813149691
300 193910667.6106573343
evaluations raw_y
1 300870745.8506403565
4 63033146.5424478725
103 43551492.6713720262
117 40142762.9814358130
157 24145793.0467475690
300 857885831.0483402014
evaluations raw_y
1 12136759625.6867580414
2 314637051.9501310587
4 113682374.9443833977
10 54142388.1202126220
83 46407937.1492322162
128 33911294.0433994606
300 1504047812.0363709927
evaluations raw_y
1 207121359.3120526075
2 66640548.9408417866
10 66356150.1987448633
58 65353308.3841132149
119 63582187.2000540644
201 43687156.5930776447
300 2872190393.1894698143
evaluations raw_y
1 279691527.5042611361
4 114895299.7670090497
8 45632933.2121525705
22 28451050.4134200811
224 9326221.5213476084
300 844355162.4802067280
evaluations raw_y
1 20698710891.6249198914
2 1136928261.5589470863
11 161368627.3382081985
12 101339818.9274138957
45 88250420.3534192294
60 41243199.9370785132
300 325521369.9897884727
evaluations raw_y
1 27636058751.5335655212
2 1010085516.8743864298
5 472602467.6879100204
7 330310430.9250472188
11 29839126.8729937859
300 207061641526.6395568848
evaluations raw_y
1 9964006872.7531108856
2 1454967008.4106712341
3 894765348.6131582260
6 92632380.3981018960
40 75714213.4040353745
91 54700258.9303906932
123 48537172.6263764650
300 2799021395.6587524414
evaluations raw_y
1 212245018.2296013236
2 45551503.1813667789
225 13560478.1299538724
300 783632832.2225619555
evaluations raw_y
1 19367276590.4928398132
2 121394062.6449408829
20 97494824.8449616432
40 63684111.2566447034
123 60968430.1043128073
300 19010734679.3266372681
evaluations raw_y
1 989238613.7115304470
3 176856598.5222378373
5 90380930.0990974903
17 86294908.1493421197
73 45513061.8624361232
141 36201270.7768751085
150 31271546.1616583057
300 176960721.1211433113
evaluations raw_y
1 86000973.7247274369
24 81204791.0415610820
28 53979532.1923992485
48 35769201.8950287774
300 148686938.2089256048
evaluations raw_y
1 2899140029.2786254883
2 535778734.2169035673
3 227784810.5645582378
5 177675515.3006097078
7 88756821.1934988201
10 63592679.0690598935
43 62036170.5116623789
49 27045954.2426807508
300 130985040.9256574214
evaluations raw_y
1 1005902315.2511041164
2 33671280.8646876812
300 180486551.7016880512
evaluations raw_y
1 190077602.6003790498
5 104803851.8813003302
7 49874201.7698199600
97 32730536.5245941244
300 224421221.8067919612
evaluations raw_y
1 409939952.0830109715
3 114653234.0582503378
4 57882400.6285643429
21 46777514.4043574035
31 35827783.9381855056
128 29726474.8165442385
300 606219322.7951947451
evaluations raw_y
1 114553934.5046747625
3 45131337.1804551855
55 35005922.7013958693
300 516653443.5144789219
evaluations raw_y
1 152714403.6707993448
2 147475994.3381842077
4 103671947.6721220464
36 102243472.6944057941
37 99137962.9032834172
40 95008212.6854990721
47 72961239.5348473489
95 64319235.3195576072
97 36450312.0541581362
222 32871757.4471121952
300 53632315.5195317864
evaluations raw_y
1 629808427.6966015100
2 228119501.2250592709
3 165902088.5492357016
11 47319802.2501277551
37 26249484.3783093356
300 163389785.6556684971
evaluations raw_y
1 246191183.4555332065
2 172804075.0724104345
4 56875828.2829039916
38 40731540.6116103977
151 37810912.4483997971
160 13171798.0489540491
300 78160358.1270433515
evaluations raw_y
1 52448360.4497205988
122 49304002.7436668351
145 30458533.7337987199
300 1813157026.8146836758
evaluations raw_y
1 298134338.2669985890
2 87503428.7154230922
26 84541854.6224980652
34 61231177.7974046394
134 46759113.4349724427
181 42808833.0220692083
230 41845125.7570120245
300 552781463.9278743267
evaluations raw_y
1 91883389.7121836841
16 58155115.0563059896
212 55335264.2697478235
300 1739077620.0857183933
evaluations raw_y
1 656782076.5366281271
2 335116460.6933679581
5 194489360.6668884754
9 98876414.2363588959
11 79461471.3907050937
51 55254306.3834639639
116 21826360.7776852772
300 1208914164.8832907677
evaluations raw_y
1 298980006.7579054236
18 212748951.2780495584
25 109521026.7706627250
28 101425543.5680483878
34 25684576.1852977760
300 208199994.0696933568
evaluations raw_y
1 2438937133.4438996315
2 182905784.4036494195
6 149670119.0858619511
9 137707637.6212440431
12 102628656.8136570901
26 66398376.7688999325
52 60938893.4591370821
178 39509861.6001184657
234 33464532.5187721178
271 29400063.9464738369
300 859717560.1434774399
evaluations raw_y
1 208031568.3663882017
4 122771116.2328811437
5 108078313.4033204913
19 94481614.1107542366
22 38034618.3495643958
179 26249509.3599973992
300 96639328.7406415790
evaluations raw_y
1 881156455.9425554276
2 369189643.8406617641
4 97559903.6835845262
20 52965528.4948218465
92 40267049.5244868547
94 24355180.5517966934
300 2431882641.7921543121
evaluations raw_y
1 240602830.8843889236
8 92068413.9456209689
15 89868276.8090391755
32 72770573.9094940573
37 61560056.4292287752
106 43412857.8114055246
300 194138422.3840482533
evaluations raw_y
1 5884125726.1761789322
2 507064061.3965600133
7 404329888.8456176519
9 219008454.0422622561
10 130113931.4133728147
16 33148822.8717161939
300 965869342.9636843204
evaluations raw_y
1 1985049262.3817703724
2 660675798.4089399576
5 614156268.1701941490
6 208905722.0558770597
9 90940827.0961023867
20 80506397.2570376545
44 25960996.8240841590
263 17056913.2300837785
300 758942906.1156238317
evaluations raw_y
1 550504804.3479484320
2 72096690.9167598188
81 68863566.3195786625
151 60766740.7314011157
188 53648821.0149968415
243 47572815.2812416255
300 731110989.3644945621
evaluations raw_y
1 23331997784.1209983826
2 222910474.7763213813
4 65580593.1096831709
35 35451306.2220601365
300 172654041.5058584809
evaluations raw_y
1 15298800126.3960113525
2 918439792.3904635906
3 339005810.0151746869
7 207086387.7064199150
14 95837858.9051435441
42 31757771.1936600171
300 466370753.4460551739
evaluations raw_y
1 7382106538.1747159958
2 583736400.9117764235
4 166310871.9679531455
9 164194879.3765075505
18 143114964.8632189631
25 81344953.1908575147
85 53527256.1740082949
211 37189433.3939047381
300 184878357.8794455826
evaluations raw_y
1 147585004.1654602587
2 110358825.1452877522
4 34384625.4711437300
300 200096748.7890190780
evaluations raw_y
1 134721345.6177297235
4 117466309.6364029348
9 91203862.2805009335
26 73420444.6720816791
50 66223361.4360870868
60 54898356.6253833771
67 35948145.7259284183
155 30597448.7107904106
300 344052046.7057693601
evaluations raw_y
1 157998985.3142052889
6 114217896.0458317995
8 106336089.4000536650
21 102577881.5126739889
39 101796731.4664822966
41 81814419.6142584234
46 45365163.1183390021
56 42647630.0304086655
137 34641995.8994806632
166 34592444.3344212696
300 143022204.1891912520
evaluations raw_y
1 109411366.7866853327
7 106932321.9381869435
10 85718323.8269311786
22 74682740.2688174248
23 16605857.1180532072
300 113292711.5206853896
evaluations raw_y
1 140069924.2458641529
3 101565681.3748923391
4 87054445.7083282173
23 78264627.6736143380
28 76447834.2244635969
119 73098793.8972771466
138 66758780.2027865350
140 60357164.3555408567
150 50366639.6055304855
300 156240781.2470177710
evaluations raw_y
1 172631998.6733254790
23 78402671.4741752148
43 72065278.8672373742
55 68646116.7582626492
67 62307080.1035012975
156 54603633.5222393870
157 22864157.9086958058
246 17207450.2626766190
300 116086870.5434735715
evaluations raw_y
1 648272849.6644712687
2 173299971.1403518915
4 136116597.4315812886
8 132658882.2654352784
26 95342139.2701556087
33 90082661.6560525298
47 73987315.4344603419
101 67837183.3348977417
135 66669275.7776820213
158 34654130.9575512409
300 146636378.5369721055
evaluations raw_y
1 145385716.8081305027
5 125837412.6778903753
7 103962356.4446264356
12 100004575.0728687048
17 87687819.6442603469
25 56428967.7330428809
77 48943898.8455250114
231 35502544.4268289879
300 280371508.4481064677
evaluations raw_y
1 1562710532.9565491676
2 303388053.8659191728
3 100396345.7698710561
4 100212078.8160954714
11 93824608.7952333540
41 31215248.1139805205
91 24974172.1415027082
300 133677113.1504378468
evaluations raw_y
1 168532430.4596261084
3 110010323.7137776762
22 103929646.9493660182
23 61791229.5966025814
40 50810160.0062339604
51 26636917.6155037805
238 24698305.6236538887
300 2478689716.9511604309
evaluations raw_y
1 2701989482.3475832939
2 104950302.4724681377
4 83516218.2538301945
17 63465050.3658882380
18 61712055.2763364017
34 28493283.7036993019
300 293059019.5890057087
evaluations raw_y
1 963128347.9689278603
4 700946176.5985792875
5 90796183.1444610506
9 61328887.4336864129
36 32389946.2039402947
150 29374593.7339366861
300 29067957.8711752295
evaluations raw_y
1 467901866.3550918102
3 260224956.4983923733
4 166361567.9846582413
5 105560203.8912033588
25 85854258.4639759660
38 76392327.5856076628
58 42991936.6541718319
100 34082275.8276399896
300 164998670.2607776225
evaluations raw_y
1 1104612645.9912662506
2 661690170.1582291126
4 139520549.6193372309
8 51972965.0119051039
47 48698294.9641283378
89 45176452.7203227580
300 1017359714.5974833965
evaluations raw_y
1 35445857.4200230688
300 276907083.5207139254
