evaluations raw_y
1 141.0356696416
2 36.3152276726
8 36.1535897860
15 11.7442733745
150 15.7058816979
evaluations raw_y
1 33.5729662956
49 24.6100997459
56 21.7988308132
119 12.9680678889
150 20.5705962561
evaluations raw_y
1 127.3990823683
2 95.9032083067
7 63.5890884442
9 59.6040330225
10 17.6882906883
24 14.3953385657
145 9.4732528142
150 112.3841974285
evaluations raw_y
1 93.8998969080
2 68.8612875943
5 54.8944437556
8 32.7140707846
12 13.0608490499
51 12.1244084521
102 11.7391597820
150 106.8056757365
evaluations raw_y
1 50.1657998922
4 9.2477139530
150 104.8973299707
evaluations raw_y
1 89.4312401504
2 43.2131871882
25 41.7627758973
28 24.8624603822
30 24.5354741499
38 9.8763406528
150 108.2686700875
evaluations raw_y
1 88.2762720982
2 77.1407191607
4 38.6249580213
13 20.2057944073
93 5.1344096048
150 102.6279238119
evaluations raw_y
1 90.4116005911
2 58.1703420602
7 30.1778918261
10 21.8472083148
24 19.8423925553
75 17.4170436447
150 88.9470082765
evaluations raw_y
1 82.6911929946
3 70.6637415487
4 58.2290186841
6 44.7072123843
7 30.4058430582
11 22.2214953372
47 21.3618508026
132 19.5449403265
141 10.5520206572
150 64.1302449166
evaluations raw_y
1 100.5927146761
3 66.3270827662
6 62.8203638448
7 52.9255371581
14 20.6155467921
90 17.0864259966
103 16.2390927424
150 100.7621994443
evaluations raw_y
1 45.5965719106
4 42.7208791727
8 20.9616413152
150 32.9083626945
evaluations raw_y
1 78.6338707991
4 15.8098142553
37 13.6060702504
150 125.8428277051
evaluations raw_y
1 48.6933702017
10 22.9633418381
32 18.6822532568
150 53.9064122760
evaluations raw_y
1 99.7091576618
3 48.3080520664
4 34.3247363982
5 22.8314765242
49 16.8006686305
99 8.4482469979
112 6.1776779458
150 71.4435700222
evaluations raw_y
1 44.9984879065
6 42.6936756914
7 27.1510598397
22 13.3596293522
150 115.1855029547
evaluations raw_y
1 105.3700603119
2 55.6001518682
3 35.4407748757
28 34.2678794729
31 31.1731748081
62 22.5403066270
65 4.6988128736
150 42.6728080694
evaluations raw_y
1 67.9804054281
5 65.6714230737
7 59.4922859241
9 23.1220742924
44 23.0518048975
55 10.9830604793
150 88.7021446623
evaluations raw_y
1 140.2896993683
2 98.6365535776
5 78.5494490798
8 51.9901978920
10 26.5396520750
25 10.0069640978
150 112.5333881968
evaluations raw_y
1 117.6645219622
3 62.6367111737
5 37.9954416865
9 26.9066778667
37 19.4514694846
79 5.2904232285
150 76.7887206601
evaluations raw_y
1 90.1531435119
2 31.5460207088
47 28.3931874937
51 14.6873505968
59 13.5750670178
150 110.7010527648
evaluations raw_y
1 98.3041159449
3 89.6469969825
4 22.4291634552
14 14.2593818983
32 13.6087046186
148 12.0914326063
150 42.3157233509
evaluations raw_y
1 106.9865710492
2 77.7692727988
3 68.2612409762
6 46.8645446658
16 20.6229937311
150 154.8588611318
evaluations raw_y
1 77.6877906975
2 50.7886376835
3 42.1047479435
9 27.0101743967
41 8.2301774116
150 87.0379193692
evaluations raw_y
1 127.1613554695
2 69.3802316584
5 58.7065826260
9 27.0524011238
14 17.6004457311
23 14.0636046120
145 9.1731579691
150 63.8329807105
evaluations raw_y
1 77.9146130997
4 69.0404369746
8 28.9384872124
40 25.6157762320
47 22.5426189613
141 18.6128690505
150 115.5584158313
evaluations raw_y
1 54.9339927578
2 27.1451536757
3 6.0288252419
150 64.4804562925
evaluations raw_y
1 109.5743360112
2 59.2385382313
4 59.0055486822
6 43.5619877283
7 32.2040204493
9 27.4019375779
35 21.3306422946
43 18.2669125629
82 15.3338870443
103 13.9344793509
150 71.0021596264
evaluations raw_y
1 103.8577018530
3 71.5843904248
10 58.8237948483
18 42.1419677868
21 16.4011158891
90 12.2418943901
150 94.8985968806
evaluations raw_y
1 84.5666058135
5 84.5303540232
6 31.0116862930
60 20.5594642191
98 17.2318104464
150 109.2681735097
evaluations raw_y
1 89.4723284921
2 55.2053105216
3 43.3612587058
5 30.5973270199
18 30.5584815485
34 29.9756445886
48 5.7578586326
150 52.7444916383
evaluations raw_y
1 48.2418751601
7 44.3689784470
9 33.3880680926
20 6.4022699067
150 152.7748512050
evaluations raw_y
1 60.1675831916
4 39.2128888670
5 37.7419680047
10 27.9562669848
70 21.9430129106
88 19.5050661194
145 16.2841148426
150 81.3074616948
evaluations raw_y
1 130.6273278698
2 117.0201129487
4 44.3633820609
5 37.2912817492
8 19.9945532618
11 17.1020376515
35 15.1179183448
150 49.7796436576
evaluations raw_y
1 62.9877545006
3 51.4869451655
4 34.7303307046
10 29.1928467766
53 16.6145397589
150 75.1982867001
evaluations raw_y
1 55.7409828730
2 15.6780143449
78 12.6619978018
150 91.8166328696
evaluations raw_y
1 46.3921676662
8 32.3660488775
18 17.2185192646
51 12.9033252985
150 94.8385059768
evaluations raw_y
1 59.5468486028
3 57.1306229929
8 48.8172177362
13 38.3724304193
25 16.2401717092
106 13.4309718766
150 107.1243941690
evaluations raw_y
1 18.5014517344
11 16.6721594570
45 14.1519807580
150 104.9075988568
evaluations raw_y
1 99.8234458530
3 15.8528678935
63 8.6469949013
150 69.9792206070
evaluations raw_y
1 174.3874213500
2 109.1880288376
3 74.2140353879
4 68.3418308259
8 34.5164610198
36 13.0504763818
79 12.0470239309
150 109.6768240369
evaluations raw_y
1 45.4175135398
5 40.4361281352
8 39.0880065423
37 31.9606638682
58 17.5601858364
150 81.1209136481
evaluations raw_y
1 154.1341735360
2 135.7128066080
3 83.4701692812
4 78.4237029047
7 70.1215988019
8 27.4450341512
10 22.2429722165
33 18.8519995275
150 63.0901731579
evaluations raw_y
1 59.3800113315
2 46.9679790075
6 20.1706094845
150 27.0177044351
evaluations raw_y
1 56.3169101959
2 48.6451104659
9 34.8578680845
11 27.2471876708
51 25.7844719198
64 16.0334904335
99 4.3395238789
150 85.4542638262
evaluations raw_y
1 87.6574152494
2 45.5509579308
9 39.9961418214
16 28.1182645026
17 15.4269530405
94 9.5913852144
150 54.4057264729
evaluations raw_y
1 90.9593131963
4 43.7050759478
7 42.1685191230
13 36.7666234491
27 36.1983300341
29 31.8464005019
31 30.3681882047
53 23.9527279514
62 16.2492275509
70 8.9976714688
150 36.4080512710
evaluations raw_y
1 44.2761652654
10 39.1895957608
25 20.9528418101
47 6.3584153480
150 88.9852275572
evaluations raw_y
1 55.6666838350
3 19.8643496480
68 5.3282683897
150 56.2573259513
evaluations raw_y
1 88.8414428278
2 74.1816347350
3 68.0126659866
7 31.1857239759
20 20.7571555770
40 11.2287935576
117 11.1135172209
150 179.3269542318
evaluations raw_y
1 70.2375349097
2 59.8824481806
3 50.9865972199
4 49.5969484988
7 35.3233733880
12 32.7145507650
19 20.3484277544
128 18.5501455258
150 95.9590825828
evaluations raw_y
1 142.8096404851
2 86.5535821548
3 71.5763700036
4 53.3593469428
6 47.0982681533
14 37.7383124129
30 11.4117245606
87 10.3018170329
150 77.3367185048
evaluations raw_y
1 220.2048331117
2 95.4075717766
3 20.9703350147
16 16.9796985899
33 12.5905336397
150 24.7452718153
evaluations raw_y
1 127.9222465522
2 51.8940935766
10 49.1345142868
21 36.8126284794
26 28.3927500060
45 25.8172533780
75 24.2377448850
111 16.7998733791
150 79.1336701964
evaluations raw_y
1 69.0891946081
2 56.2586439629
8 27.9947350010
53 20.2719786784
150 43.2609963944
evaluations raw_y
1 121.9837242598
2 74.3102856591
4 49.5597184651
5 48.4197755912
7 26.9988729157
8 15.6089595651
150 107.2859343727
evaluations raw_y
1 141.8668838687
2 80.4205744764
4 49.2718905718
7 38.5876692062
11 34.6357757716
23 15.4832227905
150 221.4553912603
evaluations raw_y
1 64.4635610638
7 42.2719172245
10 38.0349906958
11 37.9806018319
27 16.3518719307
87 14.2659223650
96 12.7944419997
114 6.7668276870
150 152.8538864622
evaluations raw_y
1 58.2983035753
3 42.0687347792
4 40.4713660360
9 39.9536296854
11 36.4437988092
14 28.2147598669
19 25.6681406618
130 20.3685053330
150 45.0204681001
evaluations raw_y
1 78.3348460148
2 75.3445064139
5 15.8444563489
95 9.4289829047
150 100.8600775381
evaluations raw_y
1 22.5713708225
9 18.8820889937
65 18.5581659501
100 12.5453761404
150 103.5318581007
evaluations raw_y
1 97.5021607254
2 52.7226753188
10 41.1827959126
20 27.1502029468
115 18.5655434137
150 95.5819539964
evaluations raw_y
1 87.0686922053
2 27.4241808396
40 26.6092849608
62 21.6413095039
82 16.1493249233
90 14.7589607962
150 117.2596492138
evaluations raw_y
1 117.8953654722
2 48.9785477078
6 19.1484191576
113 16.1204487256
150 57.1457512398
evaluations raw_y
1 84.4501659560
2 83.7629455711
3 71.2120852628
5 52.7907528272
10 36.3961357574
12 26.6421994399
31 16.3578285204
70 15.4983872090
150 79.4923946177
evaluations raw_y
1 63.0199108549
5 54.1289159549
11 18.0539910781
97 8.1754771055
150 96.6717517193
evaluations raw_y
1 50.7783361179
4 39.7419246024
10 11.3565521200
150 72.0404592919
evaluations raw_y
1 169.5648908195
2 65.1314127298
8 25.0322536478
10 20.9695789068
50 20.4402759102
75 20.0019531810
83 19.6661947408
130 17.9075550833
150 63.1164112598
evaluations raw_y
1 50.8641514440
2 44.7080252381
26 30.7344285717
47 21.0843159277
70 18.1148594016
102 9.9893113154
150 77.7251091885
evaluations raw_y
1 130.2221940142
2 80.3024438903
4 26.2703661972
32 22.6019606620
113 21.6544158771
132 15.5322837122
150 27.4406023623
evaluations raw_y
1 121.6834282960
2 69.8343662365
4 37.2288684785
13 28.3631297405
35 17.8875402732
150 106.4099041912
