evaluations raw_y
1 346.6178988670
2 158.0599471636
6 136.7076202859
30 118.4990930821
35 105.5141258252
43 91.7592969787
56 23.9195780591
98 23.2798106816
111 19.0489988233
116 11.0115677112
122 10.2026759490
138 9.0962578402
149 9.3481695167
evaluations raw_y
1 346.6178988670
2 158.0599471636
6 136.7076202859
25 129.3809636506
47 98.6495929213
48 96.6822311821
59 89.5675802262
60 80.3989147162
64 66.8710449374
68 59.8065565044
86 32.9459668595
117 32.1866643281
134 31.3226783869
142 25.4214841031
149 32.8130717664
evaluations raw_y
1 346.6178988670
2 158.0599471636
6 136.7076202859
16 113.9692142225
29 83.3771228781
36 75.4890663247
41 57.6291589592
54 53.3590490560
60 53.2496011764
65 47.6920858537
80 37.2292182690
92 35.6808604886
114 32.4320498148
148 31.3577397840
149 31.9271683014
evaluations raw_y
1 346.6178988670
2 158.0599471636
6 136.7076202859
25 46.7785756341
67 44.8292623635
79 38.1310841615
91 33.7114156379
95 30.8246859297
104 29.9115431659
112 29.5100695472
117 26.7963211617
129 23.3586817871
131 22.2774528615
142 21.6577582468
149 23.7258378340
evaluations raw_y
1 346.6178988670
2 158.0599471636
6 136.7076202859
17 132.6894313231
25 103.9845333187
38 100.2483970476
45 57.6694872445
70 56.0923875351
74 53.8505901453
80 48.0335835918
94 44.3568578209
99 31.7274873683
119 30.3555257172
131 30.3419960386
149 45.2526891006
evaluations raw_y
1 253.1058344122
2 114.2560429066
27 75.2071570960
55 63.0998972066
76 46.3830059516
99 45.3154552595
103 41.0193341436
108 39.9519382429
109 39.9015813420
129 31.3777140709
137 31.2745491099
149 31.7692983312
evaluations raw_y
1 253.1058344122
2 114.2560429066
17 112.9978708064
20 103.4321438360
23 91.0198351455
30 88.8015497298
48 62.6886168057
114 58.5963920335
120 57.9926088886
121 55.7322941736
122 48.7543540020
123 47.7697424284
128 43.4081178052
138 42.7384559199
140 41.3654458806
142 40.8189779656
146 38.8108614008
149 42.4348578231
evaluations raw_y
1 253.1058344122
2 114.2560429066
17 87.2156884349
30 73.9104158474
40 51.5805932951
41 51.4026522240
53 41.9482772746
94 36.6583222377
124 35.1251047900
127 31.2463509814
131 31.1675230196
135 29.2624563772
136 28.9845802471
139 24.0557802334
146 23.8545562429
148 23.0695728635
149 29.0823805253
evaluations raw_y
1 253.1058344122
2 114.2560429066
47 76.0370698630
59 68.1891285683
71 66.5276269878
72 52.6734636913
79 46.2446530019
122 46.1125101602
136 42.8258916702
143 40.8262099527
149 42.6029817646
evaluations raw_y
1 253.1058344122
2 114.2560429066
16 113.7029396809
19 109.0717570523
20 92.8175659718
23 82.8325345238
61 72.7867178467
69 68.4578078022
77 53.9769778650
119 48.7494711474
135 48.3974283887
139 47.6972476518
145 47.3443649502
149 47.8356788004
evaluations raw_y
1 307.6619313988
3 123.3057706252
24 121.7628446588
36 68.7546228440
51 67.2202505970
69 51.5128341252
89 45.0022076597
101 36.5718750938
134 34.1814945633
135 34.0661668138
137 31.2778098446
139 28.6703477319
149 33.2423090956
evaluations raw_y
1 307.6619313988
3 123.3057706252
31 107.4095104654
35 102.2849485300
37 75.5274162965
68 44.2713039489
110 28.7429102930
136 25.1109580087
149 27.1141587952
evaluations raw_y
1 307.6619313988
3 123.3057706252
18 47.7400911013
34 46.7116714451
54 42.5850213849
76 24.4507418980
95 18.7940109591
103 13.8353099836
137 13.6403773972
142 13.5453218535
143 13.5249601743
149 15.0041274963
evaluations raw_y
1 307.6619313988
3 123.3057706252
34 63.1297614929
73 56.2006794606
79 55.9104931619
89 55.6809573792
93 45.6715671305
114 34.9625750583
144 31.9793272966
149 36.9163387865
evaluations raw_y
1 307.6619313988
3 123.3057706252
50 102.5681229181
57 74.8848008966
70 60.2939353434
115 58.7760264682
120 53.2051819889
136 53.0024210307
137 52.2100150940
138 49.9172270998
149 50.3516513802
evaluations raw_y
1 751.2521232939
2 360.8207667844
5 62.5243281138
116 62.0926374269
124 61.5751807168
149 62.3233056768
evaluations raw_y
1 751.2521232939
2 360.8207667844
5 62.5243281138
80 61.8269000437
84 59.5517135278
90 54.6424046978
93 50.0310758581
98 47.8158139737
99 39.2022055323
149 47.5967446920
evaluations raw_y
1 751.2521232939
2 360.8207667844
5 62.5243281138
77 61.7478703092
79 59.2620425298
82 48.8903411616
92 33.3499325677
94 31.6242448324
116 22.3785873750
138 21.8312628428
140 13.5639870054
146 9.8878838666
149 11.6417508760
evaluations raw_y
1 751.2521232939
2 360.8207667844
5 62.5243281138
54 51.0962504751
76 39.9827849680
99 39.4923979494
105 36.1288944645
112 28.1475419669
139 26.6044618019
144 21.7521347377
149 30.8955684278
evaluations raw_y
1 751.2521232939
2 360.8207667844
5 62.5243281138
60 59.9185663432
71 48.1884881497
86 41.8465329507
113 40.6959350603
115 37.1245547707
124 31.9923252974
137 27.8611311865
139 18.1102400829
149 31.5224533986
evaluations raw_y
1 1299.3186420078
2 321.1377015803
3 154.4705545864
4 136.7195055106
34 128.3657429074
43 96.0415211751
67 84.2958312955
73 80.6095207733
81 27.2822425148
138 24.2726336871
141 23.3664049767
149 24.7959065720
evaluations raw_y
1 1299.3186420078
2 321.1377015803
3 154.4705545864
4 136.7195055106
19 121.2129503797
27 87.5798313765
32 57.7253557470
38 37.0126904698
69 27.7738436379
75 27.5431807190
85 27.1743954165
102 21.7084367610
119 20.4177048373
121 16.2677312298
129 14.2633390649
134 10.2436575357
149 13.5849333352
evaluations raw_y
1 1299.3186420078
2 321.1377015803
3 154.4705545864
4 136.7195055106
30 102.6571949895
41 97.9723052269
43 74.4468171958
50 49.7963132202
119 43.0333216702
120 41.7026649597
125 37.7031517662
136 37.2201932316
137 36.0608220662
140 34.1481026034
149 43.2087404890
evaluations raw_y
1 1299.3186420078
2 321.1377015803
3 154.4705545864
4 136.7195055106
16 131.8277943091
18 106.9638307049
28 90.2448999816
36 68.4955233647
39 65.9643016109
56 49.7444909127
125 49.6274062404
127 48.4418369474
136 47.7561805644
147 47.2175985285
149 48.5616073465
evaluations raw_y
1 1299.3186420078
2 321.1377015803
3 154.4705545864
4 136.7195055106
47 69.7878009520
62 61.2513610894
80 59.4794765363
99 42.8394340238
112 37.8998560929
124 30.1150459449
126 28.8829337162
142 27.6169919223
148 27.1350558979
149 55.8903213357
evaluations raw_y
1 814.7912536175
5 604.1230001490
8 228.0113395180
10 208.3370946945
38 190.1536423039
43 97.2670326988
53 81.7949529493
81 75.7820130842
87 66.0554601423
89 64.8248336313
91 62.4600276170
100 55.9561683962
108 50.9217978179
120 48.2503136455
149 60.7834074454
evaluations raw_y
1 814.7912536175
5 604.1230001490
8 228.0113395180
10 208.3370946945
23 85.6889430545
33 72.1984745186
54 36.5214065297
81 32.6831014914
112 31.8235511966
120 26.6014342263
128 25.4352578519
134 24.1720407767
138 23.1436553882
147 23.1106629397
149 34.6994767019
evaluations raw_y
1 814.7912536175
5 604.1230001490
8 228.0113395180
10 208.3370946945
20 163.3806813269
21 161.1378322475
22 117.4169490610
48 76.4521686323
87 67.2440618777
106 62.8197491702
120 61.6446131042
124 60.2371226243
125 60.0045554791
126 58.7169037890
130 52.0194830512
131 37.3889689119
149 49.9592639227
evaluations raw_y
1 814.7912536175
5 604.1230001490
8 228.0113395180
10 208.3370946945
22 170.8353443084
26 122.3287277189
27 121.2714209358
32 108.3110873931
63 86.6731474240
74 53.1917007260
76 46.4263517248
113 40.9358882779
121 38.5343627180
137 30.0377223174
149 32.1118265989
evaluations raw_y
1 814.7912536175
5 604.1230001490
8 228.0113395180
10 208.3370946945
16 137.8183428094
19 75.9268516348
38 37.1403460052
54 35.6767957769
98 20.3952517740
103 17.8234121419
125 15.5099355639
126 15.3859386075
132 14.6715445155
135 14.5038700462
149 16.4703350515
evaluations raw_y
1 455.9404174309
2 273.0882747094
3 257.2467481936
4 177.0107306869
8 118.2151845885
12 90.9874192209
16 69.9974089947
32 38.9514609910
75 38.4452805656
76 34.5681144126
102 26.3856325672
105 22.8717317449
106 16.7273725463
108 12.1077374443
125 11.7703476072
132 10.9398223660
143 10.5984636641
149 12.2002252710
evaluations raw_y
1 455.9404174309
2 273.0882747094
3 257.2467481936
4 177.0107306869
8 118.2151845885
12 90.9874192209
23 74.4907925749
31 54.2863688404
55 53.7095878560
57 37.3638452741
74 24.4925182012
102 18.4736683452
133 18.3692685123
141 17.9590913280
144 17.7151782444
149 17.5076276061
evaluations raw_y
1 455.9404174309
2 273.0882747094
3 257.2467481936
4 177.0107306869
8 118.2151845885
12 90.9874192209
36 69.7447839789
45 10.5027851439
109 10.0053032914
110 7.5364825386
125 7.0678927963
138 6.6510368987
143 6.0085797846
148 5.9764253130
149 7.0613421638
evaluations raw_y
1 455.9404174309
2 273.0882747094
3 257.2467481936
4 177.0107306869
8 118.2151845885
12 90.9874192209
22 79.6589799315
49 70.1543592348
100 62.9938935755
106 62.3313771447
114 55.0425849571
122 53.8441743040
125 53.3657723033
127 51.3716001024
140 49.9133926522
145 48.0072629615
149 52.7248873033
evaluations raw_y
1 455.9404174309
2 273.0882747094
3 257.2467481936
4 177.0107306869
8 118.2151845885
12 90.9874192209
22 83.0280187617
45 60.6732347157
48 50.6865081929
63 43.9508763428
73 37.6293106123
95 37.2587362590
107 34.1262897872
120 33.3479859618
121 26.6207762803
141 26.4476949191
142 25.6581240958
148 25.2314507769
149 26.5652998867
evaluations raw_y
1 808.2487724586
2 346.1074807741
3 260.2545488811
4 233.7439677066
5 169.2280849875
9 83.8244123433
26 70.7293170693
28 59.6588536521
42 55.1250733701
50 35.7867599670
101 28.0151822793
104 25.8834200234
115 24.0701692191
132 21.5582616521
135 16.0844037414
136 14.5371063646
137 14.3231996555
141 13.3236773263
149 29.0114429103
evaluations raw_y
1 808.2487724586
2 346.1074807741
3 260.2545488811
4 233.7439677066
5 169.2280849875
9 83.8244123433
22 61.7928805022
66 51.0898724776
90 43.8831877431
112 41.1275637211
114 38.4001327608
121 37.5603053800
128 37.4479316039
131 36.7164254567
148 36.6671441340
149 36.3265169347
evaluations raw_y
1 808.2487724586
2 346.1074807741
3 260.2545488811
4 233.7439677066
5 169.2280849875
9 83.8244123433
23 82.0410972724
52 74.8119246318
56 74.2677030328
57 67.4154159645
58 51.3654690639
59 46.4945001651
69 40.0439298912
89 36.0343288381
94 33.8366441014
115 31.5681631049
139 27.1184842667
149 18.8401368215
evaluations raw_y
1 808.2487724586
2 346.1074807741
3 260.2545488811
4 233.7439677066
5 169.2280849875
9 83.8244123433
25 70.4491512225
40 51.7502996606
48 39.9084588980
65 14.8786759899
73 10.3663343942
101 6.3408020981
124 5.0896117180
130 4.5090088234
137 4.4065179027
143 3.9873964033
149 10.8797510620
evaluations raw_y
1 808.2487724586
2 346.1074807741
3 260.2545488811
4 233.7439677066
5 169.2280849875
9 83.8244123433
28 82.3420344955
30 72.7627366315
35 68.0372744778
64 57.2160827620
68 51.8306975526
75 47.5144316172
89 38.1366133489
127 36.6776483029
146 35.3741114233
148 34.5399735413
149 35.4061422731
evaluations raw_y
1 221.3973252721
11 143.1709435940
21 85.1474110436
41 83.8181858184
47 57.6192827903
72 54.6760177646
73 40.4260443296
101 38.8506133152
114 34.8118612657
121 29.8027848475
127 29.6821722059
134 28.3081262785
139 27.9615722239
149 28.6619375305
evaluations raw_y
1 221.3973252721
11 143.1709435940
16 126.6539341082
25 65.3646852007
65 52.8773495304
75 47.6918199928
78 46.1409578019
86 45.7434594915
115 42.7168073540
129 41.2947884818
132 40.1046412522
133 37.5892184565
137 36.6781970284
149 38.5013772790
evaluations raw_y
1 221.3973252721
11 143.1709435940
33 131.5139469978
50 80.1659153640
112 79.0180191428
126 77.3007853599
131 77.1534614602
138 77.0139521161
139 76.4079614106
149 78.4331335010
evaluations raw_y
1 221.3973252721
11 143.1709435940
16 121.7497934689
19 110.0361515277
24 101.0733522170
28 59.9135170409
54 50.5989171639
63 44.1477602388
68 39.0010572746
75 25.1848352874
113 24.6491815129
118 20.8284158640
127 17.1876750170
144 17.0360215032
149 13.3131154971
evaluations raw_y
1 221.3973252721
11 143.1709435940
19 100.4843233883
30 99.5763640471
38 92.1924992007
40 84.2994277777
67 77.8978399306
69 65.1566443450
81 63.4894656611
82 33.6028905663
125 26.5950098388
133 22.4434516900
136 21.5672068934
139 21.4913821074
145 18.5373164575
149 22.3074365539
evaluations raw_y
1 703.9141629969
4 275.0876032264
6 242.0364138459
16 131.4924259802
21 94.1937012102
35 76.4736378816
51 28.6786231974
90 24.6808951493
102 22.8325843680
113 22.7871841006
115 17.3174538887
126 16.6684794258
128 16.5713050685
149 16.7805102350
evaluations raw_y
1 703.9141629969
4 275.0876032264
6 242.0364138459
16 140.1308602073
35 124.8289835487
36 77.7269507702
41 75.1762408213
43 70.9014790074
55 53.7790391766
58 49.5249915450
71 45.4827927492
89 42.3780476835
96 42.1260415216
103 21.5647577589
117 16.2096549932
129 10.3586483669
144 9.7774163965
149 20.5114219189
evaluations raw_y
1 703.9141629969
4 275.0876032264
6 242.0364138459
19 202.4269242790
23 86.9980727180
43 50.1231088077
52 37.2826662762
65 31.5310134585
76 26.7917417937
104 23.1057781246
108 16.8622656972
134 16.4341569426
140 15.6894658047
149 17.0142053425
evaluations raw_y
1 703.9141629969
4 275.0876032264
6 242.0364138459
16 173.5494410241
22 168.1764809539
25 94.8533496702
45 80.3975186228
47 60.3144712380
60 45.2210901719
113 44.8210708341
120 36.0942952857
121 33.1406636206
126 32.6796495937
134 30.1331268519
135 29.5110199425
137 28.2226854059
149 31.2746738696
evaluations raw_y
1 703.9141629969
4 275.0876032264
6 242.0364138459
16 191.5856271203
18 101.7274886517
20 92.1714599950
31 86.2810733128
50 73.5295277049
64 67.7404474534
104 65.8867781432
122 63.6388593317
130 59.5569113018
131 57.9170321950
132 57.7994921099
149 58.8265169531
evaluations raw_y
1 381.1527750148
2 311.0416507617
3 160.8990593544
6 98.2969407704
26 95.6846678099
34 89.2035869592
38 85.6620111897
44 62.2480814792
55 43.3609121627
78 34.1454780694
88 33.2165345778
103 21.9695001973
127 18.3745348503
136 15.7110893390
137 9.5337806162
138 5.4177637821
149 17.5195807031
evaluations raw_y
1 381.1527750148
2 311.0416507617
3 160.8990593544
6 98.2969407704
19 98.1782058759
20 89.3345041142
23 63.7158198918
55 28.2881387793
99 16.2228439359
126 15.6277643298
136 15.4964391302
139 15.2578158948
148 14.9595139247
149 15.1026715836
evaluations raw_y
1 381.1527750148
2 311.0416507617
3 160.8990593544
6 98.2969407704
70 89.2862849595
75 85.0573032500
78 82.4910231138
99 78.5480840254
100 72.5796245494
119 62.9738004226
132 62.6458347382
142 62.2048979264
149 61.0390785480
evaluations raw_y
1 381.1527750148
2 311.0416507617
3 160.8990593544
6 98.2969407704
16 66.8779962057
25 54.8890805602
45 50.3364305683
61 43.6035876307
105 41.7300975909
112 41.6428134224
120 41.5171938883
122 39.6139621827
125 39.5953583108
129 38.4874002856
140 37.9481411466
145 35.9437957120
149 38.0659810749
evaluations raw_y
1 381.1527750148
2 311.0416507617
3 160.8990593544
6 98.2969407704
26 79.8962784614
50 67.7155907260
70 54.2754111909
71 52.5653374947
72 46.9189656742
86 39.9212571830
87 25.7957803377
123 24.6045912204
141 23.6949545760
147 20.5945052667
149 20.6741308007
evaluations raw_y
1 166.7163904730
9 128.9617778709
32 127.6452090093
37 120.3064472601
38 119.7942739360
39 109.2024426459
66 98.1187637396
69 60.9482371341
71 52.3632967940
92 51.9825935583
98 49.5975845771
101 43.1498027377
147 41.5376389027
149 48.1177209133
evaluations raw_y
1 166.7163904730
9 128.9617778709
45 127.2626898625
47 106.4619171484
80 99.4854675293
82 73.3202012017
112 66.9540321287
118 60.4526707495
149 56.6097622567
evaluations raw_y
1 166.7163904730
9 128.9617778709
23 62.1545196420
68 56.2105022858
79 54.7686028381
111 52.8015254932
119 52.5042462994
120 49.9625849441
123 43.5747061485
125 39.8085535549
126 36.9041054671
129 32.5693099805
149 37.3231121709
evaluations raw_y
1 166.7163904730
9 128.9617778709
59 113.6490859221
63 95.3179679201
67 88.6483742486
75 71.3796351649
86 54.0269976359
130 46.6658274612
131 36.2220052920
134 29.1248500753
149 57.3316259941
evaluations raw_y
1 166.7163904730
9 128.9617778709
58 96.1166057856
61 94.9185045648
67 63.5000817197
74 54.2078780344
75 18.9057366999
140 15.1620424156
142 11.7204736972
149 14.9242673179
evaluations raw_y
1 2598.1816178039
3 110.8324148561
50 73.1680018330
56 58.4850707542
75 55.0733616983
104 50.0358638022
110 49.8792468190
116 49.8500103176
119 46.8399915686
122 46.1532076813
125 44.3336010214
128 42.2566255480
134 39.2394417074
141 37.6404692437
149 71.9281986306
evaluations raw_y
1 2598.1816178039
3 110.8324148561
38 90.0785980195
46 87.4314964696
50 79.9921516451
51 65.7399141734
71 55.8815419024
75 51.9645675166
87 41.6843285197
96 37.6360954025
134 35.1474970781
141 34.6675381252
143 28.6324206618
149 39.5031735608
evaluations raw_y
1 2598.1816178039
3 110.8324148561
24 105.7413730907
47 98.4596342143
65 94.3674028815
75 89.7869289150
76 72.2709998531
103 69.2924073582
113 65.7904281841
114 60.6545885467
120 53.9707504414
142 53.2564402021
149 66.4206728941
evaluations raw_y
1 2598.1816178039
3 110.8324148561
41 79.2504146936
55 66.3932710209
62 40.6927575212
72 28.2655387065
115 23.3634934208
132 23.2587432446
143 21.9764103412
144 21.0099508183
149 19.8623668013
evaluations raw_y
1 2598.1816178039
3 110.8324148561
36 56.2300182860
63 45.6675011349
90 34.0983106583
113 26.2150024669
116 20.6809068410
122 19.4238243184
129 19.3983772162
149 21.9727048953
evaluations raw_y
1 179.3711121521
3 129.8919453707
11 89.0989969278
27 63.9746046948
56 42.5167461875
73 34.0051867689
92 30.7163642887
101 28.1424633618
114 17.3171820486
143 17.3167814696
145 16.3491580135
149 17.5550759841
evaluations raw_y
1 179.3711121521
3 129.8919453707
11 89.0989969278
44 69.5288163285
51 52.6311169972
73 47.1016631660
88 44.8080884724
110 41.9669315645
117 39.4562717930
126 37.8939999686
137 36.7005483208
143 35.4897956087
148 34.5244557238
149 33.8377612305
evaluations raw_y
1 179.3711121521
3 129.8919453707
11 89.0989969278
44 86.4428187909
58 76.4093983519
69 71.1902478307
75 68.2704244859
77 63.8195212478
78 53.3705955619
80 47.7690457057
89 43.3523267892
122 34.3729095843
141 23.8233127404
149 37.5255854944
evaluations raw_y
1 179.3711121521
3 129.8919453707
11 89.0989969278
55 80.9081141180
57 79.2134881645
62 62.2027668111
80 54.3163282386
100 51.4287108391
124 46.3994280319
130 44.4838885765
132 33.7745465519
149 48.6638121757
evaluations raw_y
1 179.3711121521
3 129.8919453707
11 89.0989969278
54 80.2834882464
63 67.3137132479
74 39.3373059776
95 39.0345149229
108 33.9844380270
113 33.2613537699
127 30.5615354479
147 23.5018330832
149 46.0031059036
