evaluations raw_y
1 23174708.5763272457
2 6685776.5970951999
4 2457919.1829050668
7 326540.3585737348
44 215338.5330408449
48 209577.2619861814
53 49455.2152853788
64 9764.4939418401
77 3569.3697137652
87 1293.6169902925
123 761.4962767201
149 827.0989096215
evaluations raw_y
1 23174708.5763272457
2 6685776.5970951999
4 2457919.1829050668
7 326540.3585737348
53 172040.3051348632
62 131824.2581725442
65 64761.8922382017
83 55541.3320050734
85 44671.8166511664
93 28461.3614326500
122 28252.5547371239
125 27320.1706541591
135 26947.5589965194
142 26718.6501037429
146 26606.9085649602
148 26339.5141213182
149 25809.6195976956
evaluations raw_y
1 23174708.5763272457
2 6685776.5970951999
4 2457919.1829050668
7 326540.3585737348
38 297133.6930828935
52 251825.3992890242
65 138196.0285475306
66 58211.2231188581
69 38592.2005516311
98 33368.1116965132
103 31799.9664007847
109 29891.3800960175
113 27604.0573495560
114 25821.0289307159
120 23336.6383713932
128 21572.4051701329
132 19691.3659888231
149 20246.2858886208
evaluations raw_y
1 23174708.5763272457
2 6685776.5970951999
4 2457919.1829050668
7 326540.3585737348
24 322326.3263713341
26 238883.1239770696
30 145832.5005294924
54 138255.7867490482
69 137438.3206693744
74 21838.8573476898
96 17097.5213681849
104 16281.8071657288
106 10871.9739369601
117 9849.4928270447
118 8523.8787397835
122 6308.2652204854
130 5914.3552371918
149 8599.9823357493
evaluations raw_y
1 23174708.5763272457
2 6685776.5970951999
4 2457919.1829050668
7 326540.3585737348
53 105751.0023397522
56 74267.5406417988
68 57688.1948890666
72 40942.5463585753
86 29243.6498331387
91 5693.1733734249
132 4412.5647558248
149 5051.4520089632
evaluations raw_y
1 20357357.8514282331
2 9475582.4695359096
3 4983643.6426414382
8 3720091.1477626329
11 789116.5894904899
12 110488.8000663173
27 36080.7857405217
56 3367.8508138396
85 3228.6149471272
88 749.0546097128
105 522.8598502506
114 336.5740574677
118 333.2241675968
120 227.1547873696
149 251.8203511008
evaluations raw_y
1 20357357.8514282331
2 9475582.4695359096
3 4983643.6426414382
8 3720091.1477626329
11 789116.5894904899
12 110488.8000663173
20 43511.8121738160
52 19580.1018798743
58 11230.7602406779
68 6674.1823853109
78 6593.1811801751
101 6305.6879209785
103 5426.7601214380
109 4315.2061637094
116 4255.6694466445
147 4164.8162239151
148 4060.4212384533
149 4091.0842972798
evaluations raw_y
1 20357357.8514282331
2 9475582.4695359096
3 4983643.6426414382
8 3720091.1477626329
11 789116.5894904899
12 110488.8000663173
30 84691.7218165615
64 51631.7157503693
86 44194.5164676624
95 41641.0357790110
108 41623.0813583477
110 41532.4260769296
117 40190.9019197660
119 39357.8830066170
121 38726.3079422432
127 38376.3004618625
130 38016.7281208654
140 35165.1665950199
143 32549.1307894357
144 31632.6479965424
149 25078.8883130495
evaluations raw_y
1 20357357.8514282331
2 9475582.4695359096
3 4983643.6426414382
8 3720091.1477626329
11 789116.5894904899
12 110488.8000663173
21 90943.1290140486
55 47150.6273071532
67 32266.0942014374
71 25668.0132513114
83 20468.7572188993
103 17752.6501374346
106 15154.3743398566
107 12628.5444026526
117 10586.9066609913
123 8976.5990105162
131 7180.6499339628
132 6286.7458757317
134 5431.3189394760
148 5273.1688528433
149 6641.4894190962
evaluations raw_y
1 20357357.8514282331
2 9475582.4695359096
3 4983643.6426414382
8 3720091.1477626329
11 789116.5894904899
12 110488.8000663173
24 76372.0774013122
54 43013.0573101895
66 34647.1764984175
68 31342.1120162577
70 31328.7475771368
72 12735.1378481585
88 7368.3705195654
93 3041.7462911924
101 2391.7649962300
116 1274.9451877740
120 1054.9281802579
145 981.7223323340
146 932.2273561543
147 878.8408771722
149 1413.2171845957
evaluations raw_y
1 9189891.8493248317
4 4336220.6476836838
5 909194.9754417347
8 576344.6602068789
11 70029.8778208956
19 19219.3495917841
51 16470.3946805135
85 14151.3359653670
91 10918.9316256313
101 9295.5686224171
105 8719.0263729593
109 7559.9025378945
132 7468.1078240791
143 7433.0937335604
149 7681.8320724672
evaluations raw_y
1 9189891.8493248317
4 4336220.6476836838
5 909194.9754417347
8 576344.6602068789
11 70029.8778208956
72 41515.2180153910
80 31177.7709379859
81 21574.9967917629
98 21145.2460148387
100 11467.2022326854
122 10665.7842841341
123 8196.8173781153
127 5953.9196905636
130 5166.5187422652
131 4338.0996377754
132 3891.5038029101
148 2774.1613218785
149 4193.3799112434
evaluations raw_y
1 9189891.8493248317
4 4336220.6476836838
5 909194.9754417347
8 576344.6602068789
11 70029.8778208956
148 69920.4293170926
149 81810.0447636147
evaluations raw_y
1 9189891.8493248317
4 4336220.6476836838
5 909194.9754417347
8 576344.6602068789
11 70029.8778208956
69 31545.1691636697
84 12828.0209532011
88 8598.8058773775
89 4050.3679716501
126 3996.9824716966
136 3464.4376764629
145 3220.5642698301
149 3532.3867571388
evaluations raw_y
1 9189891.8493248317
4 4336220.6476836838
5 909194.9754417347
8 576344.6602068789
11 70029.8778208956
49 19124.5714231915
78 7175.2342345607
99 6413.9223560235
105 3723.4073885171
112 3536.8241607514
127 3424.7072105784
142 3265.7845497130
145 3240.0996975711
146 2910.1647297970
149 3055.6009531377
evaluations raw_y
1 461792.5745210391
24 426376.9979431019
27 399892.9844544146
34 285375.5781498274
40 254124.7883887760
51 82191.7263643933
59 72111.5713672430
70 33361.8898120894
103 23341.0277270579
107 21137.6783492601
138 21120.9757602587
148 20778.9882732941
149 24066.4249257739
evaluations raw_y
1 461792.5745210391
26 73034.4935302883
52 56412.3639884835
75 34346.8560707757
79 18030.0122773267
86 17991.8641495354
98 14413.7207959105
102 11053.7605749999
107 9545.3281183641
113 9325.1976370107
118 7768.5102739371
135 6416.9882969400
143 5781.0935163362
149 8529.0708018504
evaluations raw_y
1 461792.5745210391
24 361306.5879335589
42 207072.4920556355
53 86592.9458965721
60 79585.3156917585
69 34712.9070270829
77 33444.1051947565
89 30669.6222159406
91 26396.2642326199
93 22672.1645583150
109 17180.2959054630
128 14184.4902609758
136 13527.6677548904
138 12501.6817863014
139 10796.0224035910
140 8077.3765564573
145 7503.9190679778
146 6653.3045088465
149 12605.9626405560
evaluations raw_y
1 461792.5745210391
20 457209.4737905183
28 409663.6304930415
52 239412.2498069844
65 147196.5916903493
69 139467.0350077603
78 73941.9262963917
80 25828.1258312257
108 21824.6355819240
112 20066.6327621327
121 19468.9062462048
137 15487.8080160629
143 14538.5435278590
149 20947.5078426420
evaluations raw_y
1 461792.5745210391
24 229456.0907211016
54 190875.8211568545
60 24874.3726433213
89 9037.8432928653
91 7259.9380384549
92 2028.0539514647
102 1894.3170615181
126 1614.8055916630
130 1304.6906270049
135 1288.1903866736
140 955.8554469283
146 846.3091099890
149 4210.7140887169
evaluations raw_y
1 22624043.7312214859
2 4146525.2719505494
3 681483.7557033508
5 558144.1785233276
34 280458.0644482322
35 203104.1663461032
52 156652.1214290346
54 59797.3740386397
89 30163.4973676551
93 18234.8211944934
96 10967.0230824966
105 6916.2098847903
131 6616.1802062144
139 6513.9572277722
149 7135.9308051015
evaluations raw_y
1 22624043.7312214859
2 4146525.2719505494
3 681483.7557033508
5 558144.1785233276
16 118160.2966751683
30 49525.1819481386
42 23378.7748482051
69 4638.7350751188
81 3514.1795690360
101 3499.1758385543
107 3498.3554043698
109 3139.7400629454
115 2854.5789699142
117 2713.9221112832
123 2463.2686531243
127 2351.7339316199
138 2239.7658605650
139 2036.3333826867
149 2340.5573383848
evaluations raw_y
1 22624043.7312214859
2 4146525.2719505494
3 681483.7557033508
5 558144.1785233276
31 287205.3907410801
39 57377.1854763334
49 46742.7231407713
68 44633.8286589132
77 33585.8596881548
83 4962.2247324960
95 4084.4726197475
107 2587.7072664840
120 2332.8586762209
127 1957.1325740126
130 1378.2446440579
149 16758.7559436491
evaluations raw_y
1 22624043.7312214859
2 4146525.2719505494
3 681483.7557033508
5 558144.1785233276
17 447428.9734102406
27 349922.1045225090
33 8208.1987046104
56 6065.4957850288
72 5947.1126653623
73 4280.7361368057
86 2823.4717585711
97 2603.6028327149
117 1632.5777704749
118 690.2460823972
132 447.4264226606
142 445.9924773929
147 407.8481942989
149 415.2163647095
evaluations raw_y
1 22624043.7312214859
2 4146525.2719505494
3 681483.7557033508
5 558144.1785233276
16 431566.4250967333
28 392868.6838136635
32 121855.4027717100
47 69721.0906389672
48 3572.2670435121
102 2401.2869309407
107 2292.0657326681
116 2153.5014083136
118 1892.8800278289
126 1844.0405464069
132 1715.0907458148
133 1207.5845147033
141 1091.9972513320
145 968.8773960340
149 1505.0727651121
evaluations raw_y
1 50430932.5044893473
2 18736251.5607712790
4 1339718.2595340295
23 821285.5914251587
41 701889.5481629978
45 39457.6143070054
85 38323.0444422436
86 26751.6663315288
93 26708.8349537509
111 24271.9053354922
114 23749.9650714023
123 23323.4983539293
124 23291.9034729888
132 22756.9997141000
137 22754.4950274150
143 22009.4164149790
149 22710.6627395427
evaluations raw_y
1 50430932.5044893473
2 18736251.5607712790
4 1339718.2595340295
16 121400.2866358106
32 108942.1856408343
34 36853.7938137292
47 33797.3954408469
70 33789.0462717685
71 26657.9991570140
78 14372.8229658028
98 13859.1630435298
114 12870.1512934985
116 11861.9749954335
118 11513.5299842442
122 10648.0894919535
124 10262.5225248338
126 9222.9250587859
130 9135.5631824519
136 9088.7812676328
138 8896.5638888741
139 8396.7640663980
144 7270.6413919226
149 25469.8152237099
evaluations raw_y
1 50430932.5044893473
2 18736251.5607712790
4 1339718.2595340295
16 685408.7445775346
20 393165.6126569534
48 347653.6815261852
50 161226.3913421862
54 93605.6147546805
58 31916.7021972562
71 29927.9587865717
75 29165.8696061711
81 23851.8604109893
84 19304.4455298114
129 17666.8936473145
131 17570.3931058019
133 14899.3953553122
135 13359.8978389417
139 12436.0814254787
149 13640.0416018254
evaluations raw_y
1 50430932.5044893473
2 18736251.5607712790
4 1339718.2595340295
22 944849.3299744255
23 90683.2665591163
69 49624.6078002966
75 21978.9212681284
85 18267.9946075034
93 9143.7054872024
114 7795.1229608666
131 7277.8469003990
133 6844.6214971094
140 6797.3847334881
143 6675.0567507016
149 6691.0580850160
evaluations raw_y
1 50430932.5044893473
2 18736251.5607712790
4 1339718.2595340295
17 172777.8528662944
18 113431.4281990414
50 51547.6596173042
54 13163.7753039357
59 12226.0323702957
64 7452.2412493651
86 1283.6895979965
95 1017.7946171103
105 471.1362661970
106 72.7890390351
137 65.5556849804
149 1021.3868086536
evaluations raw_y
1 6082698.0732554244
3 653725.3853363224
4 231555.6857209187
14 116450.8311676019
18 76614.5286654258
65 49253.2000995351
72 29001.3061865220
73 23829.5154296744
82 23297.5793238858
94 18122.2975100737
95 18069.8923876231
98 11039.7339362893
100 10756.4121153991
111 9186.9034438428
112 7993.8239750083
143 7625.5917110183
149 10691.1108010203
evaluations raw_y
1 6082698.0732554244
3 653725.3853363224
4 231555.6857209187
14 116450.8311676019
44 35486.2318133180
67 33519.7078708097
80 30901.5344553394
95 30680.3089265377
116 27126.0472490984
126 26640.2932178235
140 25417.5870171601
144 25416.0508858671
146 24803.5948067686
149 23565.7223170880
evaluations raw_y
1 6082698.0732554244
3 653725.3853363224
4 231555.6857209187
14 116450.8311676019
68 72373.8113175795
76 65703.4656861523
91 52926.8168683652
92 32018.6204297410
93 21068.1564860019
99 7232.2094390271
100 5586.4349825748
107 4717.1693960192
137 4111.8617769243
138 3653.6497052237
144 3298.0634724108
149 5018.0441337357
evaluations raw_y
1 6082698.0732554244
3 653725.3853363224
4 231555.6857209187
14 116450.8311676019
51 51748.4960270375
53 25091.8874572645
81 22608.4536823910
87 13504.3129439972
111 12265.0350082849
132 11901.5910763480
134 11557.7497393516
140 10988.2260214503
149 10918.3843018836
evaluations raw_y
1 6082698.0732554244
3 653725.3853363224
4 231555.6857209187
14 116450.8311676019
57 58272.2565924927
61 36072.0641205816
73 19405.2118593850
91 17225.9902982743
96 13796.5625949699
112 9925.3002142054
131 9815.5034349185
137 9519.2030993887
141 9066.8501641247
143 9010.5343093277
145 8850.6378727591
148 8053.2809134539
149 7146.4897229284
evaluations raw_y
1 30691146.2386418507
2 321925.8595820576
23 57756.4247043426
95 52796.6059725446
96 52377.6927819657
99 49344.6142289730
107 38210.3100494012
114 37464.9584801365
115 37373.8666740114
117 36624.9875891891
121 36501.5088478878
126 35632.7400397432
127 34173.3067612938
129 32276.0023417324
132 30546.0947552684
134 23731.2412139042
140 15405.7870770729
141 11308.6792441757
149 81134.6206331614
evaluations raw_y
1 30691146.2386418507
2 321925.8595820576
33 132899.2751604242
41 98010.3930237072
46 49229.2895455428
51 33861.7649410958
55 25197.5711743843
86 19444.7795918087
89 17775.6777531633
90 7840.1524128709
91 3423.9306677799
104 579.2004252454
136 351.7629267423
149 631.3965376645
evaluations raw_y
1 30691146.2386418507
2 321925.8595820576
37 127382.7902131272
52 71558.4544943215
58 63862.7030211192
72 22584.2564621923
83 13902.3797691436
93 7705.2476255803
103 3416.1350234922
122 1911.0799300645
126 1075.7833113926
149 4863.6117822870
evaluations raw_y
1 30691146.2386418507
2 321925.8595820576
39 203571.5313505843
42 152377.7951130039
47 146492.1119837573
61 96688.0454620781
89 87004.8303017640
90 84203.0202725766
94 49387.3117009716
95 31484.6477133408
110 11249.6362296946
119 2328.4611179752
149 4102.9413200997
evaluations raw_y
1 30691146.2386418507
2 321925.8595820576
75 230243.9710166209
79 226321.4319437448
90 196968.0887024093
112 160522.8921090901
116 123841.3742831066
117 118939.9134317018
122 115137.3176440097
128 86510.8600314106
131 58920.3023042541
140 48897.5260878221
147 48235.8038351800
148 46016.0903543544
149 75871.8812320300
evaluations raw_y
1 21042.5041969346
16 547.0471482610
97 540.8759111094
100 507.6915218677
101 420.3462890485
122 400.5669575261
125 400.1937142049
129 383.5877657200
132 369.1254271537
146 367.7577832729
148 361.8020276695
149 365.4364639081
evaluations raw_y
1 21042.5041969346
72 17873.8015113683
94 17130.9731298860
95 16249.4213487765
99 13638.2326364701
120 11307.2410368842
138 11174.2886993944
147 11047.7610505398
148 10958.4333198486
149 11336.1384941259
evaluations raw_y
1 21042.5041969346
90 8569.8598016815
92 4176.8819391216
105 3804.2684818773
109 3164.1880514597
113 3054.0679069557
114 2846.1818155422
146 1764.5513206271
149 1701.6176171471
evaluations raw_y
1 21042.5041969346
57 9680.3854367173
79 8426.6694796964
90 6268.8518831906
97 4104.4635030218
98 4089.1344025190
119 3029.0301219545
148 3013.7285142054
149 3033.6843763424
evaluations raw_y
1 21042.5041969346
101 10723.1869807773
103 10266.9637214570
111 8907.0417828872
124 8054.5752661684
136 7527.5137717734
143 6586.9891928821
149 7016.2136638104
evaluations raw_y
1 6756364.2782980055
2 2328581.6970907394
6 518100.3063454170
13 339856.9120820739
25 283773.6588045321
40 259439.4979216398
48 148359.6574401817
83 145413.4699315335
86 58157.7473933810
91 54767.9322547309
94 37164.7981907544
102 27864.5243118047
107 25339.5964201136
119 25220.5931572984
134 22636.7517915202
143 21897.0531618021
146 20480.6406286693
148 20009.5523424942
149 22353.9005548784
evaluations raw_y
1 6756364.2782980055
2 2328581.6970907394
6 518100.3063454170
13 339856.9120820739
17 123274.8222508179
31 79376.2041958239
44 51129.7272893664
48 16401.2260477239
65 12134.8196254637
78 7380.9948721219
104 6793.4266322777
120 6655.6545659439
125 6087.4994297395
139 5743.7368394088
145 5645.9636345282
149 5776.3567961812
evaluations raw_y
1 6756364.2782980055
2 2328581.6970907394
6 518100.3063454170
13 339856.9120820739
24 42862.8772362408
58 36907.3063823327
70 31140.2898744689
82 23851.0672074779
103 15005.2695966965
114 11660.8668800421
118 8063.2891600583
129 7266.5670607548
134 6085.2161579096
141 5942.5982113852
145 5709.7825252643
149 5168.6124894836
evaluations raw_y
1 6756364.2782980055
2 2328581.6970907394
6 518100.3063454170
13 339856.9120820739
25 221060.5953721775
27 172082.4238749170
39 102034.7911606490
58 90122.0752719153
61 46157.9667055908
91 29861.3883210929
94 9121.2425384426
108 8165.2886767709
140 8104.7597738057
144 7804.7544547826
149 7734.3083898358
evaluations raw_y
1 6756364.2782980055
2 2328581.6970907394
6 518100.3063454170
13 339856.9120820739
19 238678.0909321679
42 109464.8287196508
55 106783.9949136432
57 45270.1387647274
86 44190.0252132214
111 42091.1673855259
112 37354.9335718624
114 33153.1786973384
120 28036.2416912697
130 27522.3886150718
133 26289.6912758409
134 25536.6561321685
141 24427.3957555935
142 24140.6523029017
146 24070.8278314859
148 23696.7361702280
149 23474.5379089761
evaluations raw_y
1 60341.3018721605
56 47890.8288029092
72 36070.3764978434
75 35855.6097549364
76 32372.1330509346
84 28709.5452602576
97 22085.6014204178
105 16292.8550959807
106 13159.0766046196
124 12974.9981807079
140 12327.7194663144
148 11513.0892848570
149 21250.3099323866
evaluations raw_y
1 60341.3018721605
100 15140.3305534767
113 12485.9740718379
120 3753.8557051534
122 2788.9002658105
141 2283.0863502334
149 1822.2632330478
evaluations raw_y
1 60341.3018721605
66 48935.4291372808
68 46731.6746203379
71 40149.1724092702
80 26406.3315251171
96 26182.4600839645
101 25666.1320679948
110 16198.1931976724
123 15995.8236460331
124 14356.7565857883
131 13271.3843612963
144 13121.4141008028
145 12190.9593576161
149 13434.4080290161
evaluations raw_y
1 60341.3018721605
44 44328.7185082538
64 36534.5976072375
70 33958.4510941715
86 15002.6891730906
88 12932.2111889461
95 11322.8475390746
108 11122.1848629275
122 8113.2676139518
126 7580.2326306788
128 6279.8306995408
139 6182.6818033210
149 12747.1886552034
evaluations raw_y
1 60341.3018721605
16 57012.6838841237
35 38887.0666294391
56 3151.2086687976
76 1959.6585592625
87 1953.4420648584
102 1880.2857360527
120 1867.9788670962
122 1820.8909933035
131 1764.5547772748
134 1711.3689699605
136 1702.3822008618
149 1703.1062462926
evaluations raw_y
1 2643974.0160875428
4 207506.0279439222
14 71352.1311036391
61 48640.7798884646
104 47078.5422748091
109 45112.0370856559
120 42241.0028813448
133 41803.8872998048
135 41794.1162311329
139 41152.0050520687
145 40637.4289768822
149 44450.7004190705
evaluations raw_y
1 2643974.0160875428
4 207506.0279439222
14 71352.1311036391
80 15605.4461835244
105 11650.9189554296
107 9253.8319658561
114 7674.0789747685
121 2711.2567091837
123 827.7146077650
149 5532.7935940359
evaluations raw_y
1 2643974.0160875428
4 207506.0279439222
14 71352.1311036391
38 14635.6651885859
89 12221.8489677771
97 12213.3435358189
105 10165.7942996832
123 9601.3104883572
131 9587.3055195307
132 9037.3787641578
133 8833.7426233047
134 8660.9465571405
141 8632.2097870194
144 8387.0460905616
149 14387.8578252892
evaluations raw_y
1 2643974.0160875428
4 207506.0279439222
14 71352.1311036391
76 66174.3497210402
88 52922.9117428986
95 43919.5242519302
101 32856.9515161386
121 29221.0127511132
131 29068.9302284794
132 28711.7650733146
141 28583.1201889231
143 27932.0450141289
147 27600.9426422868
149 43257.9980645707
evaluations raw_y
1 2643974.0160875428
4 207506.0279439222
14 71352.1311036391
84 38941.7227750139
87 33266.8254387601
95 11468.6959884295
107 10437.0399138153
112 8175.6603650364
125 6481.1455745073
130 5303.5669662291
139 4543.3415444160
149 40638.3897644289
evaluations raw_y
1 6700085.8358430928
3 507571.8294435172
13 469281.4531573163
14 313641.7562890496
38 136719.9007445573
59 63611.3741138992
79 40356.2855729188
80 27297.5459294378
89 24878.2854440769
99 22499.2941330213
105 21603.6957554561
106 19883.4787173982
116 16341.4043866365
117 11845.9004613742
148 11518.7976141520
149 12833.4229487806
evaluations raw_y
1 6700085.8358430928
3 507571.8294435172
13 469281.4531573163
14 313641.7562890496
21 23733.3420154627
58 17964.7822491116
80 717.5790043600
126 717.2271665467
130 704.6348448948
133 672.9171958441
149 726.0239260104
evaluations raw_y
1 6700085.8358430928
3 507571.8294435172
13 469281.4531573163
14 313641.7562890496
25 172277.0998494796
43 80863.8894549035
46 76389.3152353367
49 51612.6867961594
68 22035.9127286875
75 13497.4760599433
77 12077.5967590868
90 5602.9622102177
106 5065.5308957396
116 2909.7286852916
120 2433.9080855275
125 1388.0366265923
133 1156.7028966215
142 937.6876724089
149 1455.0572204107
evaluations raw_y
1 6700085.8358430928
3 507571.8294435172
13 469281.4531573163
14 313641.7562890496
22 59446.2552629855
50 49853.2794548641
61 48496.7034567097
65 41896.6394442390
83 33520.5025503412
88 26273.4916122644
92 19826.9464664769
106 14044.0517060322
132 13680.0198287116
135 12851.6267624380
138 11840.0795940302
139 10858.7253137650
140 9297.2099510798
141 8733.4164982406
145 7864.0675164899
146 7164.5277915021
149 12132.9034328577
evaluations raw_y
1 6700085.8358430928
3 507571.8294435172
13 469281.4531573163
14 313641.7562890496
50 225719.0108703349
57 67548.0862145548
62 28964.8222382219
84 2331.2351208150
115 1169.3528727113
133 1111.9855124286
149 1243.1643606818
evaluations raw_y
1 101174.4302179145
23 74429.5524832065
62 63408.3233213998
82 51852.5989809176
102 48087.4222517224
116 44154.2210153735
122 42276.9593268404
128 42057.4519199168
129 41598.3766263225
130 41513.4136290047
137 41411.8783299766
138 39835.1754829975
140 39033.9118511150
142 36791.1192352919
145 35712.8928281151
147 33618.9006627560
149 37264.0310220518
evaluations raw_y
1 101174.4302179145
68 94605.9594838651
70 28227.6882170806
72 26282.1987019979
110 26113.6697506734
111 23689.1878422069
112 23366.3746094368
115 22453.2963375669
130 21661.3952331844
134 21179.7853389222
137 21125.9788928766
142 20936.4249797939
149 57718.3300854511
evaluations raw_y
1 101174.4302179145
70 55826.0660996416
83 17131.9136351035
107 16983.6429203084
111 15387.6555805152
120 13849.8059524563
128 11459.2540131015
142 11299.4233543825
149 13321.3547046364
evaluations raw_y
1 101174.4302179145
56 72200.5986699357
73 50486.3818282203
85 46800.9054438278
94 20288.4489394354
101 16571.0194690108
102 14199.9367827075
113 11495.7577631811
117 6950.0607377436
118 6017.8346967639
119 5474.2019164041
130 4749.7631340182
149 128383.1391201946
evaluations raw_y
1 101174.4302179145
149 140637.9750704937
