evaluations raw_y
1 20673220.0013645515
7 10599192.9655742776
9 3378369.4048521044
12 145665.2549094592
20 581.7162338912
60 68145662.0676496178
evaluations raw_y
1 35850220.6666738838
2 7611251.6027462436
3 3781621.4547714558
4 680237.8450317878
11 580411.3715138278
14 441514.1957743947
26 308075.3349290864
35 10506.8751954463
60 3328807.7872249498
evaluations raw_y
1 59309639.3879027069
2 25653091.1204132475
3 288968.0158938178
47 153901.0822351036
60 1774752.5027073668
evaluations raw_y
1 65578328.2026299462
2 2497094.8659496470
17 6000.4506206538
24 877.4075138091
60 30386688.7529829256
evaluations raw_y
1 603390.0249892905
4 5816.4085339942
14 1400.1878028226
60 74230428.5874795914
evaluations raw_y
1 2063.2839168022
43 1674.5659891445
60 59756836.3369432315
evaluations raw_y
1 328802.5028786043
24 192906.4865752583
34 4726.7566593633
60 46717736.1371276975
evaluations raw_y
1 11753989.1845714077
2 165138.3548351074
15 104984.4240850591
19 23483.6030218650
54 1187.8321088573
60 18095543.1406500749
evaluations raw_y
1 9200337.3840683177
3 955787.8195337404
4 487153.2033296305
13 120243.7717523582
17 1538.3943877310
60 849141.7277707402
evaluations raw_y
1 465969.9507044163
3 398420.7981950548
6 296941.6522215100
31 88938.3991153408
36 13300.3217111573
60 45051581.4910424277
evaluations raw_y
1 3586515.0134977121
2 884276.2077603214
3 8901.5214771221
60 5888886.2496731691
evaluations raw_y
1 241750.8602459671
18 1156.8401156873
52 418.1851806747
60 11407161.3690034840
evaluations raw_y
1 1643952.4745808644
5 1455309.9600205619
7 99361.0387680348
16 29506.9442215096
42 2744.7665656504
60 378106.4560996766
evaluations raw_y
1 13281140.8077215906
2 8549711.6487347893
3 755326.4122120070
7 496528.4644789976
23 138321.3994521015
30 958.7166569795
57 98.9207304677
60 477331.9818527991
evaluations raw_y
1 5291613.3124083839
6 139850.6007102450
31 422.0833247125
60 20370322.5455188677
evaluations raw_y
1 4978613.0684449663
2 274105.8794327046
6 257885.9840215618
7 132867.3202002396
10 117.4140883727
60 16139235.7668004371
evaluations raw_y
1 3914905.4898602813
6 3135351.6745519014
12 316917.7425817641
39 200373.5350799444
41 114468.6415426410
47 76309.8078094401
56 13554.7725930189
60 35442116.9310074821
evaluations raw_y
1 5359317.6731572896
2 2146374.3035114347
3 170792.8123111016
13 111431.8220734108
14 17617.1269738544
60 275668.8608248017
evaluations raw_y
1 7318635.8638841584
2 4047780.5717841773
5 574829.5529462132
6 23680.9050230570
25 3659.3372347295
60 1864516.3363102118
evaluations raw_y
1 268049.1448388157
5 46263.8585869544
11 35964.4468985873
60 5656556.4760601865
evaluations raw_y
1 11324.1595392056
41 908.0923472017
60 24348068.3412447423
evaluations raw_y
1 311364.5013515174
11 51419.1656637387
37 36191.0766073476
60 32487989.2821568325
evaluations raw_y
1 2476.7350577295
60 36711.8003674737
evaluations raw_y
1 35416340.7493880615
2 813909.7695554565
16 122605.5901447070
25 86094.5447401350
60 19595685.3877843842
evaluations raw_y
1 9160.8929380345
60 17825317.9107643813
evaluations raw_y
1 4535387.9259306025
3 950639.6421004503
6 312448.3013078842
12 79032.5268369619
25 3504.8939400274
60 159.2275512939
evaluations raw_y
1 4085701.2851937898
2 1721273.1096353554
8 15137.4717812516
30 11343.2168172031
38 10488.8815623032
60 8938213.6608360577
evaluations raw_y
1 41427155.1904281452
2 9179207.4957894385
6 532704.4295450164
31 12.1158339209
60 18679399.7749010362
evaluations raw_y
1 1933361.4784269030
3 34556.5183179083
10 6206.2260775176
26 279.6491614582
60 182583.8602339551
evaluations raw_y
1 383452.1702185626
3 107493.8066573367
6 87723.0082482284
43 61539.8302784611
45 3422.3647361899
60 40752739.8625075892
evaluations raw_y
1 36163339.6597398072
2 1471731.6731657821
6 1360703.4375644487
7 388057.4995607230
16 5637.7696142199
26 896.7181315750
60 23226406.8512254283
evaluations raw_y
1 1947184.4398919658
4 273230.4500864526
14 243778.3610959944
17 27996.7937353567
60 10032628.6080714632
evaluations raw_y
1 38071334.3623610362
2 13213101.7757081632
3 4660478.4386243913
5 1679582.3816858584
6 154380.9159816320
55 61234.5492102292
60 729110.5539232380
evaluations raw_y
1 26645938.1288186423
2 520682.4153554616
7 32614.6901095137
11 28725.8737414817
12 20697.7907010017
51 17384.0711795277
53 16552.3170269565
60 2731486.7173119010
evaluations raw_y
1 134947.4394976653
15 4486.3502349964
60 7524896.8545910884
evaluations raw_y
1 2777989.5978252110
6 49879.6675734490
56 16209.1158346135
60 6322641.1079681218
evaluations raw_y
1 3130835.1851540222
2 2638589.8822504361
6 603770.9577369395
19 89809.0797006918
49 63614.7184657818
60 100357.0676857652
evaluations raw_y
1 10247847.4999034833
3 6136016.1656075167
6 2137370.1316988985
8 544899.6686080063
18 527.3461688114
60 8154625.9272216596
evaluations raw_y
1 29133238.4711998589
2 9879105.1610682849
4 9748857.1389972847
5 7814816.3324098857
8 321.0852324317
60 3471095.0407427754
evaluations raw_y
1 141925.9015191653
3 120924.6125250084
19 5185.9576155401
43 1183.1565230467
60 32455614.4115808904
evaluations raw_y
1 2554579.4530364978
8 110210.2648311940
16 5903.0001363844
41 4108.7175128843
60 16228127.8840952497
evaluations raw_y
1 14501453.5832825694
2 21866.9666536618
12 4063.0770446090
18 1006.1747449252
60 7725418.9648462385
evaluations raw_y
1 44897.4042893723
9 226.1267526671
60 28181573.9059369750
evaluations raw_y
1 6288557.3217204688
2 3908741.9865112947
3 48236.4319663718
7 28151.5982636567
8 5513.4794972002
60 10572113.3714613877
evaluations raw_y
1 314588.0465625759
2 348.1610200952
26 246.0382740212
60 3132052.9729911024
evaluations raw_y
1 15952843.3081769105
2 13096274.1162855309
3 2069428.1018960851
8 2049285.3725153988
14 325941.6967201173
23 64378.4690875785
40 40675.3828060083
48 32543.1417708900
60 2052732.9737981134
evaluations raw_y
1 4571576.5983121982
4 1458991.2800075139
5 58529.7067012753
6 298.3785184508
47 218.6690182184
59 26.3167669767
60 1988600.6863120890
evaluations raw_y
1 2752838.6631488674
2 322069.4594739084
10 661.2560996433
60 26513606.6696278825
evaluations raw_y
1 26738012.5703470446
2 14865090.8904825598
3 1605866.3794207012
4 464542.8304425284
24 311020.2926150291
43 12119.2621734461
60 567164.3632329368
evaluations raw_y
1 1971935.7437865809
2 67355.7294247279
41 62221.6818119058
57 242.8827831042
60 14722533.9622354079
evaluations raw_y
1 1613511.8279065052
4 9456.6881252043
60 62334749.0920250043
evaluations raw_y
1 68860223.7271019220
2 9987026.3038273789
3 150853.5441078890
13 142673.7069085304
23 127584.3869975973
38 111496.5873387358
60 25795229.7791187353
evaluations raw_y
1 10.2441793537
60 64114532.9890351146
evaluations raw_y
1 24470579.5682431385
2 5702005.4190706126
3 575666.3727423592
8 517918.7854039598
11 154194.6285393072
14 70249.9245171877
24 23724.4199042901
60 15882106.8022727128
evaluations raw_y
1 52634141.9929674566
2 294.9726709216
60 33717948.4476641715
evaluations raw_y
1 3257864.4925841372
2 769328.8379793521
8 2133.0790054807
60 13132914.7460475881
evaluations raw_y
1 1395566.5796596890
3 106260.4095037115
10 2309.2129379442
49 30.6608934204
60 83605.3473680961
evaluations raw_y
1 1423191.1803618595
2 86863.3333411895
12 3377.9670659485
60 28053428.2906405367
evaluations raw_y
1 8546204.5863595679
5 13343.3316326166
36 7141.8243138426
60 6455552.2547759796
evaluations raw_y
1 7895403.0813814728
8 110194.2519547665
15 12146.0458679596
60 8261730.2917605042
evaluations raw_y
1 5435741.7200128771
7 5092334.7865557810
11 3147017.4181947033
15 294594.5629395159
28 35972.2038363278
60 10669948.0547856707
evaluations raw_y
1 56958645.3392385617
2 501783.5444569885
7 222186.9570197909
9 54746.0571850189
22 34776.3252212027
26 21133.2859626075
40 10.8089281898
60 446116.0218591519
evaluations raw_y
1 7330059.4083869327
4 2556761.3722620206
5 98635.7835733620
35 60942.3296988426
40 7155.3864801964
52 1855.4981017423
60 87212310.7873714864
evaluations raw_y
1 10941447.9841170330
2 567522.8728267946
6 4804.6822895966
60 4031228.0020842212
evaluations raw_y
1 75981412.5757468045
2 71816901.1894554049
3 24218682.0683517680
4 2208124.7806564113
7 992213.2198865424
11 596610.3042569635
25 351002.8445480953
27 302831.0740397875
41 256254.9968409480
60 2016770.9515126697
evaluations raw_y
1 10896043.6159503255
2 6867707.6466112155
3 286840.8958380044
11 44583.9469778385
43 26893.0464153807
56 4194.9493972654
60 7653127.9475521045
evaluations raw_y
1 10559326.3238460571
2 8511071.5140817929
3 107253.4987336419
50 3707.2372266424
60 13536822.7507386357
evaluations raw_y
1 31157055.5817168020
2 5547291.6536827506
4 203591.8079411042
19 1112.8269403217
60 3203.4470789244
evaluations raw_y
1 19449628.5336990282
2 791342.5978520430
4 531251.3069258414
12 438581.1093618615
15 167956.8841065852
20 43016.4970495345
26 56.7355551289
60 615995.2451858610
evaluations raw_y
1 22300206.0424499400
2 417775.9104266805
23 204487.4488051521
30 114080.8397748867
32 46166.1001808089
46 34574.6314232365
60 13995288.4980668817
