evaluations raw_y
1 57.8662898272
7 37.9496146806
11 31.3201840817
119 29.4627385623
248 26.4559462427
290 70.6414860271
evaluations raw_y
1 57.8662898272
7 37.9496146806
11 31.3201840817
62 29.4223616491
120 23.4319729703
290 54.6109627915
evaluations raw_y
1 57.8662898272
7 37.9496146806
11 31.3201840817
80 30.6921270846
84 18.1023060428
290 60.3866119444
evaluations raw_y
1 57.8662898272
7 37.9496146806
11 31.3201840817
62 28.5796362356
89 23.5359667852
290 142.7498851611
evaluations raw_y
1 57.8662898272
7 37.9496146806
11 31.3201840817
37 27.5020840500
79 23.9056714780
174 19.7033094775
276 18.9384142151
290 52.5190295594
evaluations raw_y
1 66.6705779853
5 49.2033622772
7 36.1721969265
8 22.3666183618
218 18.0436035545
290 104.6964081666
evaluations raw_y
1 66.6705779853
5 49.2033622772
7 36.1721969265
8 22.3666183618
290 86.5093506207
evaluations raw_y
1 66.6705779853
5 49.2033622772
7 36.1721969265
8 22.3666183618
132 18.2791377325
290 102.5652926005
evaluations raw_y
1 66.6705779853
5 49.2033622772
7 36.1721969265
8 22.3666183618
173 21.4096635926
267 18.0134706960
290 78.8015049108
evaluations raw_y
1 66.6705779853
5 49.2033622772
7 36.1721969265
8 22.3666183618
167 20.3177880568
290 97.5292324024
evaluations raw_y
1 111.0231569813
3 50.1048199027
6 33.7547207361
24 21.8569243544
158 12.5231309436
290 114.8312998919
evaluations raw_y
1 111.0231569813
3 50.1048199027
6 33.7547207361
24 21.8569243544
116 20.7702207437
290 88.9729358394
evaluations raw_y
1 111.0231569813
3 50.1048199027
6 33.7547207361
24 21.8569243544
290 84.2505159983
evaluations raw_y
1 111.0231569813
3 50.1048199027
6 33.7547207361
24 21.8569243544
34 21.5991756281
150 17.6415966441
164 13.4523569663
290 127.9627784723
evaluations raw_y
1 111.0231569813
3 50.1048199027
6 33.7547207361
24 21.8569243544
290 116.9313347287
evaluations raw_y
1 99.9830260572
2 32.1787212298
92 27.2253547510
99 26.8730789985
129 19.3587559846
203 14.2586372007
290 50.3845166310
evaluations raw_y
1 99.9830260572
2 32.1787212298
70 25.9516356562
211 21.1949163915
290 46.6871316400
evaluations raw_y
1 99.9830260572
2 32.1787212298
43 25.7886169815
290 84.2677912964
evaluations raw_y
1 99.9830260572
2 32.1787212298
290 67.2064956798
evaluations raw_y
1 99.9830260572
2 32.1787212298
50 25.3671489991
102 17.7856888005
290 107.4477906757
evaluations raw_y
1 92.8213506540
2 87.3341059540
3 42.0605491840
47 30.2152016359
245 18.6836534680
290 43.1481539762
evaluations raw_y
1 92.8213506540
2 87.3341059540
3 42.0605491840
51 40.0328417205
62 33.3994349316
105 35.1484099848
115 34.6568176112
173 34.2883517071
182 27.8559484752
254 22.8422442518
290 72.9216883985
evaluations raw_y
1 92.8213506540
2 87.3341059540
3 42.0605491840
37 23.6726539364
151 21.8620467763
161 20.5291648966
290 61.1134357187
evaluations raw_y
1 92.8213506540
2 87.3341059540
3 42.0605491840
68 31.4744980638
74 30.6757530514
98 21.7405843483
175 18.7816103678
290 71.7479481455
evaluations raw_y
1 92.8213506540
2 87.3341059540
3 42.0605491840
32 27.5439837363
145 26.6288309712
248 13.2419163238
290 55.9760438833
evaluations raw_y
1 112.7410082000
3 49.1602181981
4 39.5459080935
46 31.0905411797
70 30.2436438296
247 30.0154447857
290 75.9148546580
evaluations raw_y
1 112.7410082000
3 49.1602181981
4 39.5459080935
46 30.9666380681
84 24.8558821969
186 16.7596445878
290 119.8972957176
evaluations raw_y
1 112.7410082000
3 49.1602181981
4 39.5459080935
33 32.3970294566
38 22.9183580172
41 21.0016174097
90 13.3663820581
290 87.8069844031
evaluations raw_y
1 112.7410082000
3 49.1602181981
4 39.5459080935
56 29.8823692867
290 48.0943217203
evaluations raw_y
1 112.7410082000
3 49.1602181981
4 39.5459080935
34 25.6430811317
290 136.8197020208
evaluations raw_y
1 120.9658934111
3 77.0932916114
4 54.8626436690
5 49.0921203540
14 27.7216814415
134 26.3255679404
290 124.7357239311
evaluations raw_y
1 120.9658934111
3 77.0932916114
4 54.8626436690
5 49.0921203540
14 27.7216814415
38 27.3801912023
170 24.6763225907
185 23.0838094121
290 80.6703396230
evaluations raw_y
1 120.9658934111
3 77.0932916114
4 54.8626436690
5 49.0921203540
14 27.7216814415
65 14.5250177555
290 56.7372037085
evaluations raw_y
1 120.9658934111
3 77.0932916114
4 54.8626436690
5 49.0921203540
14 27.7216814415
68 26.4252497181
290 46.2823532573
evaluations raw_y
1 120.9658934111
3 77.0932916114
4 54.8626436690
5 49.0921203540
14 27.7216814415
63 23.4258872332
83 22.8821880747
290 72.5246272785
evaluations raw_y
1 79.7687706823
4 61.1264812458
14 50.7350827105
24 43.3446126321
26 36.9529032956
55 28.0379726791
111 31.0242545902
129 28.4557494985
173 25.1471675503
290 51.6756459126
evaluations raw_y
1 79.7687706823
4 61.1264812458
14 50.7350827105
24 43.3446126321
26 36.9529032956
51 31.0644907778
290 135.0589557746
evaluations raw_y
1 79.7687706823
4 61.1264812458
14 50.7350827105
24 43.3446126321
26 36.9529032956
86 36.8885543274
90 26.1837540012
95 25.8780315658
221 24.4060813802
290 94.3114278866
evaluations raw_y
1 79.7687706823
4 61.1264812458
14 50.7350827105
24 43.3446126321
26 36.9529032956
36 31.9685990496
67 29.0770718461
178 28.4139488960
290 94.2393856123
evaluations raw_y
1 79.7687706823
4 61.1264812458
14 50.7350827105
24 43.3446126321
26 36.9529032956
79 33.0394517271
164 18.0648176964
290 126.4302976239
evaluations raw_y
1 79.3670885337
2 59.9898739173
4 43.1722605974
6 35.9776148641
13 32.8723834595
180 29.5232771183
290 89.8431550019
evaluations raw_y
1 79.3670885337
2 59.9898739173
4 43.1722605974
6 35.9776148641
13 32.8723834595
37 21.9592853742
148 19.3129614329
290 59.5753386059
evaluations raw_y
1 79.3670885337
2 59.9898739173
4 43.1722605974
6 35.9776148641
13 32.8723834595
118 17.0693401217
290 77.6884009926
evaluations raw_y
1 79.3670885337
2 59.9898739173
4 43.1722605974
6 35.9776148641
13 32.8723834595
71 27.4322465834
121 28.2597593723
234 22.5095454323
290 101.3721265078
evaluations raw_y
1 79.3670885337
2 59.9898739173
4 43.1722605974
6 35.9776148641
13 32.8723834595
92 23.8526505827
161 22.0075612314
167 21.8019385568
263 21.5910429609
290 80.5886749320
evaluations raw_y
1 81.8531729101
2 61.8249203072
4 55.1311047257
11 52.8836364256
25 48.6915518465
31 41.7741206980
78 37.5610870370
106 33.1513812922
130 28.8469374326
153 25.7261748807
242 25.4933688930
290 72.3968456347
evaluations raw_y
1 81.8531729101
2 61.8249203072
4 55.1311047257
11 52.8836364256
25 48.6915518465
32 38.8393384502
33 32.3775567153
155 29.7504770210
244 29.3955071655
283 24.2421700685
290 134.6604601380
evaluations raw_y
1 81.8531729101
2 61.8249203072
4 55.1311047257
11 52.8836364256
25 48.6915518465
34 46.5600004136
35 35.3098148374
50 25.1505146491
91 13.1815433140
275 15.1519324883
290 49.8955028637
evaluations raw_y
1 81.8531729101
2 61.8249203072
4 55.1311047257
11 52.8836364256
25 48.6915518465
32 45.6807153899
37 35.5430408827
39 25.9804550015
282 22.6252761032
290 116.3258923864
evaluations raw_y
1 81.8531729101
2 61.8249203072
4 55.1311047257
11 52.8836364256
25 48.6915518465
36 36.3005692832
42 28.2661636791
290 126.2797652181
evaluations raw_y
1 75.0993380655
2 61.9496676136
4 31.5698324689
26 29.7966873395
76 28.5974667852
211 19.0709910619
290 74.8567454596
evaluations raw_y
1 75.0993380655
2 61.9496676136
4 31.5698324689
26 29.7966873395
60 24.3225656634
92 22.1248608623
250 16.7029274501
290 113.8366059444
evaluations raw_y
1 75.0993380655
2 61.9496676136
4 31.5698324689
26 29.7966873395
36 24.8130608170
132 19.0140531455
290 52.5461495703
evaluations raw_y
1 75.0993380655
2 61.9496676136
4 31.5698324689
26 29.7966873395
53 15.2852099716
290 89.7123636035
evaluations raw_y
1 75.0993380655
2 61.9496676136
4 31.5698324689
26 29.7966873395
77 21.5922937227
149 20.7231241908
290 49.9878826771
evaluations raw_y
1 76.7778788139
6 67.9047154553
9 52.5329853822
19 50.3838419035
31 33.1397235928
52 27.9802542228
90 22.9234522550
290 72.6177726651
evaluations raw_y
1 76.7778788139
6 67.9047154553
9 52.5329853822
19 50.3838419035
50 26.6636934786
89 20.1877114343
147 14.0157149262
260 9.7543705207
290 31.0877554126
evaluations raw_y
1 76.7778788139
6 67.9047154553
9 52.5329853822
19 50.3838419035
39 14.5202754481
290 97.3115042918
evaluations raw_y
1 76.7778788139
6 67.9047154553
9 52.5329853822
19 50.3838419035
37 24.4012774299
290 66.6388156662
evaluations raw_y
1 76.7778788139
6 67.9047154553
9 52.5329853822
19 50.3838419035
32 48.4845491025
51 45.7194660893
54 45.5122621926
60 40.3919977418
64 26.2342065981
269 18.0788257954
290 84.4294217576
evaluations raw_y
1 62.9780362911
3 51.2974504479
16 43.2837810543
17 28.9035639123
39 18.3392530971
289 15.1231943118
290 76.2822853359
evaluations raw_y
1 62.9780362911
3 51.2974504479
16 43.2837810543
17 28.9035639123
200 23.0731907393
290 86.5742211967
evaluations raw_y
1 62.9780362911
3 51.2974504479
16 43.2837810543
17 28.9035639123
72 18.2465103445
290 49.9463501004
evaluations raw_y
1 62.9780362911
3 51.2974504479
16 43.2837810543
17 28.9035639123
111 26.9472249516
144 25.7301710242
245 25.6053647923
290 96.2878630483
evaluations raw_y
1 62.9780362911
3 51.2974504479
16 43.2837810543
17 28.9035639123
60 27.9385093402
79 25.7363779812
83 23.7493744324
222 15.9178812789
290 83.1630980377
evaluations raw_y
1 103.7574370592
2 46.6232159742
18 40.1534918950
28 33.3379316084
134 29.6079369531
166 22.3308487434
270 21.7070801991
290 33.7756729404
evaluations raw_y
1 103.7574370592
2 46.6232159742
18 40.1534918950
28 33.3379316084
33 33.2452156155
35 21.3390997893
290 112.2131295958
evaluations raw_y
1 103.7574370592
2 46.6232159742
18 40.1534918950
28 33.3379316084
51 26.0306288196
290 97.6248702385
evaluations raw_y
1 103.7574370592
2 46.6232159742
18 40.1534918950
28 33.3379316084
58 31.2700783395
64 27.9600693626
95 22.2683656937
225 11.9863726663
290 70.8813745564
evaluations raw_y
1 103.7574370592
2 46.6232159742
18 40.1534918950
28 33.3379316084
35 26.0654489592
40 25.9166480580
131 19.5982457327
238 17.4294713882
290 58.3023408079
