evaluations raw_y
1 367.4371780627
2 54.7659789104
7 46.7966892503
17 38.6827715074
23 29.9856451832
42 26.9979180566
55 26.4462849151
59 50.1700511613
evaluations raw_y
1 367.4371780627
2 54.7659789104
8 31.5563811636
10 25.2846526210
23 22.9968450877
39 14.6920261008
51 5.1262171494
59 46.0352760986
evaluations raw_y
1 367.4371780627
2 54.7659789104
8 48.9539043198
17 26.5911465371
31 10.1290612695
54 2.7181833671
59 28.1660522219
evaluations raw_y
1 367.4371780627
2 54.7659789104
9 47.1183109901
19 19.1739992827
32 11.0504464621
42 4.9967960408
59 7.1148136969
evaluations raw_y
1 367.4371780627
2 54.7659789104
12 33.4066838663
14 27.3190407119
19 6.3021691120
25 4.4798206741
59 22.1092605792
evaluations raw_y
1 283.8972693312
2 279.4549590628
3 179.8949551305
6 59.1867726584
10 31.5240519351
22 10.7515650127
33 8.5285078645
59 20.9374204288
evaluations raw_y
1 283.8972693312
2 279.4549590628
3 179.8949551305
6 59.1867726584
7 54.9577989342
18 51.8920993087
21 31.9906835271
22 31.0505248634
28 27.3420804643
29 26.9078250105
30 20.8235861105
32 5.2479910170
42 1.8642924430
59 39.2062121215
evaluations raw_y
1 283.8972693312
2 279.4549590628
3 179.8949551305
6 59.1867726584
7 32.6427466835
15 22.6570256369
20 10.6448760964
22 10.5970625291
46 8.1485278933
54 7.1807585082
56 7.0391498935
59 21.3323012545
evaluations raw_y
1 283.8972693312
2 279.4549590628
3 179.8949551305
6 59.1867726584
11 51.1028887793
14 45.9249081820
17 38.7383624700
18 19.6350644542
23 17.2060131105
46 10.9251315359
59 23.9838792165
evaluations raw_y
1 283.8972693312
2 279.4549590628
3 179.8949551305
6 59.1867726584
35 48.0594505601
36 29.7863844886
40 14.2550775064
51 8.9396904014
59 59.7135858332
evaluations raw_y
1 65.3859845765
6 26.1371611214
16 23.8954207844
38 21.3906262696
41 13.8193785195
44 13.7484674368
50 12.3506003688
59 12.1910047430
evaluations raw_y
1 65.3859845765
6 26.1371611214
24 6.9800356223
59 12.0034994094
evaluations raw_y
1 65.3859845765
6 26.1371611214
7 20.8294782447
20 16.9944761357
41 2.6639312125
59 5.4444700621
evaluations raw_y
1 65.3859845765
6 26.1371611214
30 19.4970723512
44 18.5543747906
56 6.1898343620
59 37.9597232986
evaluations raw_y
1 65.3859845765
6 26.1371611214
29 14.1355674607
40 9.3629904028
56 7.2949946915
59 21.1618333994
evaluations raw_y
1 685.0767527139
2 603.3682943221
3 48.9961033820
4 22.9310094204
10 6.6467603786
59 16.3598319361
evaluations raw_y
1 685.0767527139
2 603.3682943221
3 48.9961033820
4 22.9310094204
41 7.7196911390
59 22.3970564627
evaluations raw_y
1 685.0767527139
2 603.3682943221
3 48.9961033820
4 22.9310094204
59 69.1891655778
evaluations raw_y
1 685.0767527139
2 603.3682943221
3 48.9961033820
4 22.9310094204
33 20.8877249715
45 12.3812465147
51 11.3285157789
59 39.5644812526
evaluations raw_y
1 685.0767527139
2 603.3682943221
3 48.9961033820
4 22.9310094204
29 16.4581977448
53 15.3842176478
56 11.2960060081
58 7.2218771412
59 13.2119959650
evaluations raw_y
1 180.0935089607
4 78.5997361932
7 40.9569033691
8 35.8671263003
9 33.7548356981
13 20.0988636367
22 9.8634527129
59 13.6901050359
evaluations raw_y
1 180.0935089607
4 78.5997361932
7 62.5381089867
11 55.8925077348
13 33.2094254706
17 4.7336750330
59 31.5175841708
evaluations raw_y
1 180.0935089607
4 78.5997361932
12 75.2771417219
18 70.4621049176
22 59.9553872397
24 41.3819542951
35 37.4399408157
36 32.3927520057
38 30.9961681820
42 26.5563056965
48 23.8343477813
59 1916.5316939567
evaluations raw_y
1 180.0935089607
4 78.5997361932
10 72.3899629638
11 30.5383746596
20 14.3919104006
21 11.2318287478
58 8.0881627384
59 12.2600946421
evaluations raw_y
1 180.0935089607
4 78.5997361932
7 59.3166753426
9 45.2359100163
14 37.6873787090
19 20.5352833640
47 11.8218738653
59 18.2283123191
evaluations raw_y
1 572.2759800501
2 225.6714779595
3 136.2106147523
5 97.7042667641
8 67.2545804249
15 20.1920831030
32 12.0940928943
50 8.8049459807
56 8.3738910772
59 12.6486948541
evaluations raw_y
1 572.2759800501
2 225.6714779595
3 136.2106147523
5 97.7042667641
9 29.1813630036
16 26.9230273223
24 21.1648657149
30 8.5283540340
51 6.4146968502
59 21.1985224254
evaluations raw_y
1 572.2759800501
2 225.6714779595
3 136.2106147523
5 97.7042667641
7 62.4863477842
9 58.8914563034
12 25.2069358393
46 13.9292124181
54 12.7544206196
59 20.0942143138
evaluations raw_y
1 572.2759800501
2 225.6714779595
3 136.2106147523
5 97.7042667641
7 37.6076759542
11 34.7629463911
13 27.2218953407
23 10.7522198506
37 8.2263969068
41 5.7535958934
58 4.7878090130
59 21.5340768090
evaluations raw_y
1 572.2759800501
2 225.6714779595
3 136.2106147523
5 97.7042667641
7 65.1732542618
9 43.0377486876
13 36.1842748174
16 24.2032609005
22 13.4245194777
37 11.4994250418
59 14.5429563265
evaluations raw_y
1 553.6275786929
5 70.9835482704
6 53.2281798974
13 28.8545553004
28 25.6706309888
29 22.4837171546
38 21.5832687371
42 15.6836206339
45 6.9193556443
50 3.4315161297
59 247.2059493163
evaluations raw_y
1 553.6275786929
5 70.9835482704
6 53.2281798974
8 45.1418050991
9 29.7564833753
29 23.3230537558
40 13.4055613638
42 12.1302365567
54 10.9309338845
56 9.0224543475
59 24.4806950263
evaluations raw_y
1 553.6275786929
5 70.9835482704
6 53.2281798974
14 33.2965761545
19 19.0557524244
23 14.5231389401
54 13.0547372958
59 36.3129863432
evaluations raw_y
1 553.6275786929
5 70.9835482704
6 53.2281798974
8 34.1643391344
20 32.9754885516
23 27.1013638568
25 26.9085433230
27 17.9936712206
30 13.5012088634
49 12.7057369786
56 2.0872009100
59 21.0863898512
evaluations raw_y
1 553.6275786929
5 70.9835482704
6 53.2281798974
8 52.4288176927
11 50.5946898654
13 17.8458071202
17 17.5020817011
43 13.1856328565
59 12.9782138897
evaluations raw_y
1 58.6339901507
2 25.4403556063
6 21.9641457279
27 17.6935787550
33 10.4961935554
56 3.6571413126
59 16.5938419538
evaluations raw_y
1 58.6339901507
2 25.4403556063
6 21.9641457279
59 39.5274340749
evaluations raw_y
1 58.6339901507
2 25.4403556063
6 21.9641457279
10 14.6414181589
11 5.4450432635
59 25.3805067179
evaluations raw_y
1 58.6339901507
2 25.4403556063
6 21.9641457279
10 20.8960174385
13 13.4940639131
41 8.3853510444
42 6.1814240019
57 3.4120073827
59 18.7518450301
evaluations raw_y
1 58.6339901507
2 25.4403556063
6 21.9641457279
7 18.3129642609
34 17.6926042842
59 16.9210755334
evaluations raw_y
1 682.5525331803
2 45.3858147715
17 30.8033182022
26 20.0090026910
30 15.2064312688
53 8.1601663725
59 25.8371939583
evaluations raw_y
1 682.5525331803
2 45.3858147715
52 36.6390807119
53 30.5631982534
57 30.1070346941
59 46.2333659615
evaluations raw_y
1 682.5525331803
2 45.3858147715
20 27.5454248914
32 24.0336665581
33 3.2913781269
59 20.0719933023
evaluations raw_y
1 682.5525331803
2 45.3858147715
28 24.3753314175
40 24.0014537976
44 18.2243717890
59 35.4716583571
evaluations raw_y
1 682.5525331803
2 45.3858147715
14 43.7852548627
24 31.0508487028
41 21.2072261990
59 29.8871627483
evaluations raw_y
1 223.0745461130
2 96.8181502972
4 65.0406260813
12 42.3363960153
15 34.3146989431
17 10.6906441486
54 3.3239457118
59 23.7097622497
evaluations raw_y
1 223.0745461130
2 96.8181502972
4 65.0406260813
7 42.8805988923
12 23.0826791606
16 21.2093701875
27 20.1181728406
31 20.1016058827
34 2.5633080262
59 20.2922763415
evaluations raw_y
1 223.0745461130
2 96.8181502972
4 65.0406260813
11 50.5068022251
12 38.4157553501
13 7.4584125202
41 5.8512390545
55 4.0410035860
59 17.1950724189
evaluations raw_y
1 223.0745461130
2 96.8181502972
4 65.0406260813
8 61.3621241869
11 46.8568349704
18 35.4368561472
22 31.9612406337
23 31.4154997775
32 28.6278086654
38 16.7174497210
49 10.3474469280
55 9.8574263108
59 33.4733455637
evaluations raw_y
1 223.0745461130
2 96.8181502972
4 65.0406260813
11 62.9242557678
17 20.5435102113
20 15.2035272607
30 8.0261933190
44 5.7724559706
54 4.5580088758
59 18.3193510405
evaluations raw_y
1 97.9129319255
11 57.7929496404
16 46.8313927043
17 27.8035884687
20 20.8317586971
47 18.5761890868
48 10.9296460109
49 9.8619923206
51 8.8938018728
59 35.6156445358
evaluations raw_y
1 97.9129319255
11 50.8126233671
19 26.3404655266
25 25.3746473979
27 20.0844720130
44 10.5024077752
46 9.5146646659
59 39.7267839241
evaluations raw_y
1 97.9129319255
8 87.2137000067
9 51.0864897974
10 42.4254909152
34 36.7249413619
35 36.5407703029
39 17.7705891441
48 8.7645409675
50 4.2322621796
59 45.0344985850
evaluations raw_y
1 97.9129319255
9 65.0164625190
10 58.3303073324
11 28.1731285119
35 24.0857060043
45 22.1107221855
53 18.2856191519
59 48.3593450767
evaluations raw_y
1 97.9129319255
9 19.3456750170
15 8.3326049445
18 5.4288704654
36 3.1600376701
59 10.1914712579
evaluations raw_y
1 235.2388087801
3 36.1552029697
11 23.5717477675
35 22.4037672566
36 7.7595536699
59 42.2251076068
evaluations raw_y
1 235.2388087801
3 36.1552029697
21 32.8474476237
23 22.3162118433
27 19.1604851897
52 14.6583219976
55 11.2231629571
59 24.3955559950
evaluations raw_y
1 235.2388087801
3 36.1552029697
11 17.4395951986
19 6.7652960612
59 32.3816076655
evaluations raw_y
1 235.2388087801
3 36.1552029697
15 10.3865562719
52 9.8652761545
59 27.2772957960
evaluations raw_y
1 235.2388087801
3 36.1552029697
16 29.7248644703
33 19.8174816572
38 17.8158786875
42 16.4248549280
53 15.9807180835
59 57.1847059615
evaluations raw_y
1 69.7173190631
7 23.8068735787
10 20.4054548773
31 13.3694734827
33 11.8452513285
46 7.4025966086
49 6.3170959513
59 15.9973500754
evaluations raw_y
1 69.7173190631
8 64.6639838515
9 35.9616865908
11 30.3153814713
14 28.2919503658
19 10.1516326231
59 45.3524565074
evaluations raw_y
1 69.7173190631
7 61.6702585410
8 54.4154018716
9 20.3992410884
16 19.2455622448
21 15.4458401346
30 6.5849171020
59 20.5241464310
evaluations raw_y
1 69.7173190631
14 63.1988797701
16 58.1909419200
17 48.0469419076
18 42.0377287751
20 28.4400519055
47 21.8032158647
49 16.6473869372
57 6.5895586353
59 27.4960320003
evaluations raw_y
1 69.7173190631
7 26.1420648181
11 23.7708977409
12 22.2691549943
25 18.9581494335
38 15.2352464945
45 6.4641437494
59 26.7911616260
evaluations raw_y
1 441.9798012547
2 75.8639651900
3 64.3881908556
6 34.8318109746
9 26.6222252175
26 8.7268295359
50 1.9122345304
59 31.3773942242
evaluations raw_y
1 441.9798012547
2 75.8639651900
3 64.3881908556
6 34.8318109746
15 28.2339212625
29 7.7269504135
59 16.5022933815
evaluations raw_y
1 441.9798012547
2 75.8639651900
3 64.3881908556
6 34.8318109746
8 26.1233516050
9 18.5620898119
35 15.7233248942
50 10.0495993450
51 8.9763917400
59 38.2243879274
evaluations raw_y
1 441.9798012547
2 75.8639651900
3 64.3881908556
6 34.8318109746
29 21.7414466100
31 17.9962239952
47 17.2340864083
52 4.1066108570
59 54.0843040357
evaluations raw_y
1 441.9798012547
2 75.8639651900
3 64.3881908556
6 34.8318109746
10 9.5840496784
49 2.6891328972
53 1.3959911956
59 4.8501131215
