evaluations raw_y
1 28730.8780191760
2 557.3881593548
29 78.1082106395
51 7.7427911317
75 7.5154313077
90 18266.0355396969
evaluations raw_y
1 28730.8780191760
2 557.3881593548
14 317.8795116317
15 311.4987373457
22 252.8422817864
75 126.5977202761
90 18135.8046007111
evaluations raw_y
1 28730.8780191760
2 557.3881593548
28 158.9714204798
72 38.9959795491
90 79939.5291418554
evaluations raw_y
1 28730.8780191760
2 557.3881593548
72 77.9562915814
90 2857.7951963374
evaluations raw_y
1 28730.8780191760
2 557.3881593548
48 270.8258798095
90 7526.5796257368
evaluations raw_y
1 4500.2969534961
2 2654.5774543040
6 749.8167687406
66 304.8305501770
80 257.3853303229
90 63822.7926328255
evaluations raw_y
1 4500.2969534961
2 2654.5774543040
6 749.8167687406
11 519.3404544557
15 25.0553228451
90 125036.9311455935
evaluations raw_y
1 4500.2969534961
2 2654.5774543040
6 749.8167687406
12 440.8784440056
16 228.8515170483
34 169.6490900132
90 47830.1499006659
evaluations raw_y
1 4500.2969534961
2 2654.5774543040
6 749.8167687406
72 585.9687091449
90 541427.8205573547
evaluations raw_y
1 4500.2969534961
2 2654.5774543040
6 749.8167687406
13 296.1180633291
29 177.1672199411
72 71.9466356448
76 12.6556517291
90 97629.8472774928
evaluations raw_y
1 9303.2389827385
3 1850.1465224661
20 656.2694323489
22 250.5175081982
52 25.2159054202
90 297648.4211012244
evaluations raw_y
1 9303.2389827385
3 1850.1465224661
27 1378.7668257221
37 245.8427158318
58 105.1571358267
90 92033.6120498023
evaluations raw_y
1 9303.2389827385
3 1850.1465224661
12 1020.2897036189
17 343.5187362299
90 103931.4616316497
evaluations raw_y
1 9303.2389827385
3 1850.1465224661
13 1559.9373410069
14 707.6898216675
58 640.7636849425
90 277713.8465918650
evaluations raw_y
1 9303.2389827385
3 1850.1465224661
23 1438.8434830760
44 136.8608319251
90 4550.3233449526
evaluations raw_y
1 88478.8264587399
3 4293.6445429205
7 1115.1827177328
12 640.6152972546
14 433.3427005482
28 273.9855796515
77 47.1599370205
90 40817.7540316352
evaluations raw_y
1 88478.8264587399
3 4293.6445429205
7 1115.1827177328
22 352.7495743627
33 61.8067859203
90 6565.7788128607
evaluations raw_y
1 88478.8264587399
3 4293.6445429205
7 1115.1827177328
28 461.7491790267
36 223.3004154326
47 203.5645212160
88 186.4803985593
90 11996.9054713135
evaluations raw_y
1 88478.8264587399
3 4293.6445429205
7 1115.1827177328
12 399.6144052435
46 349.5759647248
48 39.0908879210
90 599.8178752144
evaluations raw_y
1 88478.8264587399
3 4293.6445429205
7 1115.1827177328
21 120.1685171313
26 119.9801402247
33 29.4874137608
90 1819.5214309294
evaluations raw_y
1 361256.1830178155
2 78.5485421561
90 31142.5034529466
evaluations raw_y
1 361256.1830178155
2 78.5485421561
90 536.4920972934
evaluations raw_y
1 361256.1830178155
2 78.5485421561
60 20.2692870424
90 63805.9758551928
evaluations raw_y
1 361256.1830178155
2 78.5485421561
27 28.8388574799
82 12.1136503522
90 34546.6623028120
evaluations raw_y
1 361256.1830178155
2 78.5485421561
90 36190.8917457903
evaluations raw_y
1 302259.4502185867
2 122901.3658070594
4 3837.8337843510
6 1259.0770296217
8 6.6637188423
90 2832.2033236456
evaluations raw_y
1 302259.4502185867
2 122901.3658070594
4 3837.8337843510
6 1259.0770296217
8 6.6637188423
90 34966.3975536589
evaluations raw_y
1 302259.4502185867
2 122901.3658070594
4 3837.8337843510
6 1259.0770296217
8 6.6637188423
90 66839.3340188675
evaluations raw_y
1 302259.4502185867
2 122901.3658070594
4 3837.8337843510
6 1259.0770296217
8 6.6637188423
90 6692.8945622291
evaluations raw_y
1 302259.4502185867
2 122901.3658070594
4 3837.8337843510
6 1259.0770296217
8 6.6637188423
90 245247.6287044846
evaluations raw_y
1 223.1593378591
9 207.6788835368
42 121.2727191304
90 46251.6238299359
evaluations raw_y
1 223.1593378591
9 207.6788835368
29 116.5736654724
40 60.9659739331
90 492.1159599560
evaluations raw_y
1 223.1593378591
9 207.6788835368
19 8.5279831670
90 1125.8849506031
evaluations raw_y
1 223.1593378591
9 207.6788835368
32 70.5319753460
90 62827.8465075374
evaluations raw_y
1 223.1593378591
9 207.6788835368
36 178.1236376490
43 100.2706832948
56 39.9967344377
90 17388.7106481139
evaluations raw_y
1 21693.7505022172
6 7374.6012054024
14 782.5872564605
26 120.4272193243
90 544033.8785204849
evaluations raw_y
1 21693.7505022172
6 7374.6012054024
14 2188.0192210895
27 1225.9923656102
63 210.1746490723
90 30160.0906425644
evaluations raw_y
1 21693.7505022172
6 7374.6012054024
11 1219.7038013891
19 105.9232102691
59 69.0230969266
90 4080.0100540583
evaluations raw_y
1 21693.7505022172
6 7374.6012054024
17 3871.4852608086
22 3438.5398290631
29 439.9948533666
36 181.9221029940
90 146621.4398428982
evaluations raw_y
1 21693.7505022172
6 7374.6012054024
13 4071.0074609500
19 924.2146570940
30 336.9806652797
54 14.3561915142
90 13667.5425431946
evaluations raw_y
1 33841.9086797132
2 3348.9059134675
7 1867.7985127553
21 1133.5550682671
27 483.1301438716
33 165.9797559147
41 99.2178173661
61 98.8423208120
90 89490.6269181359
evaluations raw_y
1 33841.9086797132
2 3348.9059134675
7 1867.7985127553
24 1358.5385811485
37 820.4962349698
46 24.2643935599
90 54.0299966088
evaluations raw_y
1 33841.9086797132
2 3348.9059134675
7 1867.7985127553
12 1405.9018338193
28 976.3280170860
67 772.8781838110
72 190.2970268126
80 93.0075445771
90 17934.3555027676
evaluations raw_y
1 33841.9086797132
2 3348.9059134675
7 1867.7985127553
10 530.2649698384
49 407.8982799345
57 359.7079215832
90 91962.5704252689
evaluations raw_y
1 33841.9086797132
2 3348.9059134675
7 1867.7985127553
14 1343.9053366173
17 193.0412633338
90 184777.6604967896
evaluations raw_y
1 41714.3265056032
2 28908.0139956941
3 22098.3741719293
5 4280.4872290944
6 649.3874680091
27 39.5719833442
90 582.9657369346
evaluations raw_y
1 41714.3265056032
2 28908.0139956941
3 22098.3741719293
5 4280.4872290944
6 649.3874680091
30 524.7401883913
62 419.8954259356
89 295.6658707870
90 22825.6945092171
evaluations raw_y
1 41714.3265056032
2 28908.0139956941
3 22098.3741719293
5 4280.4872290944
6 649.3874680091
14 613.0291332533
32 443.3507099100
42 45.6297343649
90 75631.2666989854
evaluations raw_y
1 41714.3265056032
2 28908.0139956941
3 22098.3741719293
5 4280.4872290944
6 649.3874680091
15 527.3562157961
24 132.8057925719
54 24.7390137285
90 11387.3630613450
evaluations raw_y
1 41714.3265056032
2 28908.0139956941
3 22098.3741719293
5 4280.4872290944
6 649.3874680091
40 212.3985593786
90 11789.0808727133
evaluations raw_y
1 343.6127211270
5 341.9895186654
25 187.4491051075
63 169.2283335957
84 14.1971386563
90 74179.7820308442
evaluations raw_y
1 343.6127211270
5 341.9895186654
10 199.7179044226
47 54.9611690171
90 30848.2244226667
evaluations raw_y
1 343.6127211270
5 341.9895186654
21 293.6700658161
32 58.7081779496
90 448.6567926436
evaluations raw_y
1 343.6127211270
5 341.9895186654
21 23.6759694971
90 12129.8253841447
evaluations raw_y
1 343.6127211270
5 341.9895186654
90 74887.0533703698
evaluations raw_y
1 20848.5164412226
4 12699.6596509594
5 3060.6591701281
6 2184.3822806772
11 1672.5435587463
14 144.7320577715
90 22515.7772523386
evaluations raw_y
1 20848.5164412226
4 12699.6596509594
5 3060.6591701281
6 2184.3822806772
10 1936.3694259929
16 354.0590751666
33 159.7098183168
50 98.9736346758
90 1210.8599021465
evaluations raw_y
1 20848.5164412226
4 12699.6596509594
5 3060.6591701281
6 2184.3822806772
11 2086.9891258108
19 476.8720703194
63 263.5536163742
90 229877.9519570283
evaluations raw_y
1 20848.5164412226
4 12699.6596509594
5 3060.6591701281
6 2184.3822806772
20 812.5538949290
24 337.4052139964
52 180.7171966263
90 286.1401497009
evaluations raw_y
1 20848.5164412226
4 12699.6596509594
5 3060.6591701281
6 2184.3822806772
10 315.3467330338
90 157254.1894716211
evaluations raw_y
1 592.3577306796
90 3730.8437588846
evaluations raw_y
1 592.3577306796
10 252.0697558554
47 176.5917926688
90 49.5602143695
evaluations raw_y
1 592.3577306796
19 511.6841655160
85 418.3329629759
90 4750.4701743811
evaluations raw_y
1 592.3577306796
18 204.4129354147
32 52.0311619234
90 25258.0686451135
evaluations raw_y
1 592.3577306796
18 550.2213855433
90 1404.8251778193
evaluations raw_y
1 7505.0380718286
2 2188.1790680346
8 796.7592065932
18 696.3874054483
25 443.4371556767
39 185.3209562809
70 82.4661091586
90 1534.5275360670
evaluations raw_y
1 7505.0380718286
2 2188.1790680346
8 796.7592065932
17 61.5165096057
90 259848.8166214848
evaluations raw_y
1 7505.0380718286
2 2188.1790680346
8 796.7592065932
43 200.5813360800
86 17.4072812138
90 76302.7598405638
evaluations raw_y
1 7505.0380718286
2 2188.1790680346
8 796.7592065932
12 326.9262873563
38 282.7060144452
70 243.9090177165
90 1877.1133235424
evaluations raw_y
1 7505.0380718286
2 2188.1790680346
8 796.7592065932
31 268.1346280583
54 88.1817645645
90 100858.1271113113
