evaluations raw_y
1 20.9138637471
2 14.1251990907
4 6.7658543966
7 5.5304120590
10 4.5030402796
14 4.3040881006
18 2.8500083256
22 1.6710182481
30 1.4515775024
35 0.2072388714
44 0.1096589772
72 0.1005105848
81 0.0130322651
84 0.3586785598
evaluations raw_y
1 24.9453268366
2 15.1031186232
3 4.4588474350
4 4.4079496433
16 3.4864409091
18 3.2568657880
24 1.8580547399
26 1.1996899008
27 0.7775168135
42 0.7099312781
48 0.4385021168
55 0.0102293805
84 0.9259646069
evaluations raw_y
1 1.2204667417
11 0.4961654857
23 0.3238525234
24 0.2036016740
36 0.1406427469
37 0.0743124614
49 0.0732420765
63 0.0656317117
69 0.0342088062
71 0.0112908117
74 0.0054136715
84 0.0243558709
evaluations raw_y
1 15.2505675814
2 0.2438817106
52 0.0976179206
63 0.0273622887
84 0.2034481229
evaluations raw_y
1 9.1712727872
4 4.5825164189
6 0.9825351727
13 0.5840254723
29 0.3622196701
38 0.2471645683
51 0.2382329781
56 0.0081338844
64 0.0064020884
81 0.0036737625
84 0.0289197429
evaluations raw_y
1 81.8089462869
2 49.9906627646
3 33.9437221191
4 15.4369871166
11 9.4316764697
18 9.1468593012
21 6.4213076501
31 5.3267718368
38 3.4101310833
44 2.1621187257
50 1.2381648854
57 0.7565310515
58 0.1785065046
69 0.0561469118
84 3.4021270802
evaluations raw_y
1 20.3333142693
5 10.5393185804
24 10.0348307678
28 9.3867572843
45 1.4167498889
54 1.3693688089
82 1.0686493051
84 1.6542126016
evaluations raw_y
1 46.4176570828
2 7.6263554476
11 1.8656813167
24 1.7688561194
27 1.5049645893
38 1.4007388840
41 0.2456994571
55 0.2324599842
59 0.1701152464
60 0.1685548548
66 0.1155345243
73 0.0231371331
80 0.0153280990
84 0.1517315363
evaluations raw_y
1 34.6267636502
2 24.3452263066
4 24.3092765003
13 22.6298323125
14 4.5272914841
18 2.1314393443
40 1.9898548021
45 1.4936236324
46 1.0390032752
76 0.8661289003
80 0.1863234245
84 4.2625738126
evaluations raw_y
1 16.9021835656
12 4.3778555965
13 2.9337517826
20 1.0869068883
50 0.8724316784
74 0.6749298835
78 0.5137026370
83 0.3212290365
84 1.8423343149
evaluations raw_y
1 16.6639681372
5 8.2443170235
8 0.1748022745
37 0.1542929744
80 0.1429302001
84 0.2880999725
evaluations raw_y
1 15.7067908783
2 15.4507090993
3 7.4404311611
11 2.7050264228
14 2.7030045948
18 2.1984099633
31 1.7446444242
41 0.5745794115
47 0.4879282046
50 0.3366526210
68 0.1962393719
69 0.0907211409
73 0.0248452993
80 0.0196603214
84 0.5074075109
evaluations raw_y
1 14.5210357074
4 14.4776052114
5 10.2849759746
12 7.8008586341
16 5.3080335447
21 2.1276196299
22 1.9912311990
33 0.2635935710
59 0.2570585788
70 0.0990063759
71 0.0383598800
84 0.0383807431
evaluations raw_y
1 5.4560086944
20 4.8229302164
25 4.6134867969
30 2.0684541457
31 1.4587689259
40 1.0842969493
46 1.0727476005
47 0.3473163904
61 0.3117294921
80 0.1498056499
84 2.7790671908
evaluations raw_y
1 19.6223751138
8 18.0074526215
9 7.1703162122
12 5.1273964467
29 4.8115151378
31 1.8034730959
40 1.0730032284
54 0.1773890713
76 0.1083452129
84 0.1332488807
evaluations raw_y
1 21.5225708503
2 16.7768797090
10 3.6038057716
22 2.3395323302
35 2.1043508177
36 1.3433118709
50 0.5816140874
55 0.0897983153
65 0.0370568302
84 0.6359877255
evaluations raw_y
1 33.4143788991
4 11.6773202437
14 10.7538898521
15 7.4646420987
19 1.6045694943
36 0.6644838768
76 0.3231948938
80 0.2232892635
83 0.1900519099
84 1.7761208379
evaluations raw_y
1 36.6717793846
3 28.1047125570
4 5.3451032089
13 4.7113584982
18 2.2168739058
30 1.0825979096
51 0.2150233786
65 0.2093351100
84 0.4522469330
evaluations raw_y
1 44.5904146246
2 38.7142279649
4 30.0820499598
6 14.6824811148
12 4.0408224274
32 2.8986722205
43 1.3528652811
47 0.9527029194
62 0.1207198301
84 2.1703235658
evaluations raw_y
1 15.9938242016
6 14.8230187139
7 4.8764182469
19 4.5243480865
20 3.0500745793
23 0.9025876244
41 0.8762615643
52 0.0955866521
69 0.0897083602
70 0.0849580957
84 0.0885232052
evaluations raw_y
1 43.2811068415
2 9.4746389060
13 4.8559544381
14 3.9113524307
16 3.3187698757
29 0.2813925874
80 0.1763055540
83 0.1153902422
84 0.1342827803
evaluations raw_y
1 38.9578107886
2 3.4650218544
19 1.0803121783
51 0.8290947703
55 0.2369041917
79 0.1617977511
84 1.2970925753
evaluations raw_y
1 9.7563259805
4 8.4345638983
6 2.0593213932
21 1.2012238294
48 0.7412017466
54 0.1545876279
62 0.0528553273
70 0.0306890476
84 0.0432693427
evaluations raw_y
1 22.6797081858
7 11.9375256170
10 5.9094093819
16 2.1620077873
23 0.4378173728
47 0.4254180311
69 0.2840487835
84 0.2529553155
evaluations raw_y
1 12.6042183286
2 5.7915954307
13 4.6458468140
15 2.6418415132
20 1.3008288097
23 0.7338253761
33 0.1466482978
52 0.1076546355
54 0.0725266626
58 0.0092849195
84 0.0745564765
evaluations raw_y
1 45.2584797584
2 1.6932338128
18 1.2265256149
22 0.2080547768
45 0.1036246797
59 0.0628951305
84 0.3395287372
evaluations raw_y
1 39.0623314693
2 37.0974585371
3 24.3087060382
4 18.0152782060
8 6.3180523697
14 2.0480384365
19 2.0174461124
24 1.5967959434
25 0.8429781187
36 0.8221472028
46 0.8138596972
47 0.5022910818
58 0.0086307814
84 0.4741627034
evaluations raw_y
1 17.0368437997
3 12.6811367670
4 9.5973097853
11 5.7250740864
20 2.7614448314
21 2.4635649426
30 1.6299141249
41 0.3609727795
42 0.2369862431
58 0.2101068467
65 0.1607327914
74 0.0791109621
83 0.0146815876
84 0.3539036562
evaluations raw_y
1 17.5914298758
3 7.8767249969
29 5.7230727890
37 4.6280771974
45 3.4725902065
50 2.6225088154
51 1.3088274762
52 0.7220003247
73 0.7208863619
79 0.0975079158
84 2.3143415510
evaluations raw_y
1 26.1710738772
2 15.0412326578
6 9.1993056738
7 7.1107139916
10 6.5282340267
12 4.9992214191
15 2.7607323905
17 1.7109781680
33 1.1039553906
39 1.0499549169
51 0.8328138035
55 0.7053903522
57 0.5546871849
67 0.3226505989
71 0.1584116242
84 1.4257533283
evaluations raw_y
1 4.8751315840
6 4.3279620020
7 1.4519442735
11 1.0503651824
23 0.0803881977
47 0.0391352356
57 0.0289152435
84 0.0356296058
evaluations raw_y
1 6.0605757795
4 2.5820001602
8 2.5451670308
12 2.3896271494
13 2.1084379491
18 0.2316426888
50 0.1224359305
80 0.0384528927
84 0.2219681156
evaluations raw_y
1 30.1399611596
3 15.0789355554
4 9.8585420972
5 6.2059508564
8 5.7902157948
9 3.9306219910
10 1.3706909225
16 0.7921591679
23 0.5015407935
45 0.0779169291
66 0.0472077448
76 0.0329156589
84 0.0738874231
evaluations raw_y
1 5.1452350534
3 1.4858302152
15 0.9389889702
26 0.9142186046
27 0.3478938733
45 0.2367634896
60 0.1653328700
62 0.1498600310
68 0.1125587493
71 0.1115777093
80 0.0728362243
82 0.0689199629
84 0.0252511988
evaluations raw_y
1 26.6886800223
3 1.0039957576
23 0.5994312309
24 0.3724744365
29 0.3305815556
33 0.2435519382
42 0.1756106513
43 0.1125289194
47 0.0144522207
84 0.0086429106
evaluations raw_y
1 44.5522678520
3 33.8626565330
5 17.2987273567
6 13.1124423555
9 5.0385908788
11 3.7695079537
20 3.3368261086
24 2.9369293172
27 2.0137517743
37 0.3865420962
62 0.2897757757
76 0.0312083395
84 0.1485736585
evaluations raw_y
1 17.8960380613
2 12.2169106693
5 9.9496170407
9 6.1416217736
10 1.4267680708
23 1.0873224951
25 0.7299866739
63 0.1215413591
84 5.6500991274
evaluations raw_y
1 29.7851584393
2 18.2564791139
4 4.9306116474
18 2.9708587628
25 2.9640496999
36 1.0641116360
52 0.6856524085
65 0.2040220181
80 0.1669771628
84 0.5834523901
evaluations raw_y
1 27.7384595731
19 24.8768160458
21 21.8480342988
22 10.1767487004
32 7.9228128198
37 5.7393095072
43 4.5966536103
46 3.7857957490
50 1.3778273688
56 1.3351411331
79 1.0155438905
81 0.3556503613
84 0.8199916909
evaluations raw_y
1 55.6115482204
2 14.0065738011
3 13.5288660161
4 7.5828812750
10 4.3174475599
23 2.3150548286
31 1.1160578341
34 0.7092800208
36 0.6957858534
53 0.5628086521
58 0.0266837274
84 0.4519738196
evaluations raw_y
1 29.1926882149
2 2.4234855792
11 1.1558967053
14 0.6010435101
36 0.2625063307
43 0.0891091944
73 0.0042864349
84 0.0426054354
evaluations raw_y
1 36.9643376281
2 36.5343642043
3 23.9002086284
6 5.2762888530
9 2.4419050560
20 0.4553721937
29 0.3182233764
33 0.2320109991
58 0.0557211013
67 0.0306362350
83 0.0146517435
84 0.2019212330
evaluations raw_y
1 13.5366823785
5 8.7120609643
7 6.3920131387
12 5.7160485733
14 1.4030072230
19 1.0959644859
25 0.2337497850
44 0.2163457503
50 0.1816639772
52 0.1800711631
67 0.0850436665
69 0.0707468141
71 0.0443604700
81 0.0403258987
84 0.0860180826
evaluations raw_y
1 57.8684363915
2 31.8976785738
3 19.7647370565
5 15.8312409325
19 13.1085179114
21 11.2432078559
26 9.7556105444
27 9.2201784468
28 2.8191234110
34 2.7735939952
42 1.9565131312
63 0.1883053898
84 1.6680400690
evaluations raw_y
1 22.0192651690
3 4.6243412528
8 1.7397361168
29 0.6824862377
32 0.4441474769
45 0.4199834440
51 0.3083156212
63 0.2248474157
66 0.1705490405
75 0.1482243093
78 0.1187592145
81 0.0369715186
84 0.0313475012
evaluations raw_y
1 15.0790365364
3 10.5078786339
4 0.6690148386
18 0.5719950347
34 0.2654874376
53 0.2423469471
64 0.1341980855
74 0.0918718661
75 0.0782265660
84 0.2364141421
evaluations raw_y
1 6.7698695000
12 6.0927252520
17 5.2794107877
19 4.7295253745
20 3.9117113032
21 3.2301346315
27 2.6812657403
28 1.3808946438
35 1.3141428030
36 1.1895055953
47 0.6375185416
49 0.0763019658
51 0.0191061406
84 0.1979347608
evaluations raw_y
1 28.3634556154
2 7.9066079364
7 7.5400768371
9 7.0425219300
10 3.6210095199
14 3.4069408433
15 1.3544840196
17 0.1631470771
53 0.1365926514
60 0.0558746495
72 0.0192833191
84 0.1460451428
evaluations raw_y
1 5.2671535096
23 2.4197149556
24 1.1040684785
33 0.7396905574
36 0.7012956887
47 0.2088001501
52 0.1511031853
54 0.1396795313
68 0.1120903593
75 0.0240452517
84 0.3204511835
evaluations raw_y
1 30.4459398666
2 4.5512185229
3 3.0786667410
6 1.6683749760
12 1.5774608489
20 0.4860628409
32 0.2956880196
38 0.1260261592
47 0.0979794903
57 0.0782802261
64 0.0049974973
84 0.0878217708
evaluations raw_y
1 21.5748517907
6 10.1450456377
9 2.5157418215
38 0.6498614850
50 0.3951708648
54 0.1835403948
58 0.1006699561
60 0.0573935184
84 2.6506895821
evaluations raw_y
1 57.7766396728
2 26.4688542347
3 17.8526598911
9 13.1468537160
11 8.4071881134
17 2.0120168019
40 1.8591778867
41 0.6678444138
48 0.1746348310
50 0.1104041054
61 0.0717943881
81 0.0571306780
84 1.2744884942
evaluations raw_y
1 4.6037603595
20 3.8976069654
28 0.0510497702
84 1.0698588007
evaluations raw_y
1 41.9646190144
4 4.3235315473
30 4.0654989057
32 0.5458073291
50 0.3357072084
76 0.2309851029
84 0.4444890644
evaluations raw_y
1 9.6740705944
2 8.0189419189
9 7.7742468350
13 6.3515591328
15 4.9448048736
16 2.7917763687
25 1.0265889731
78 0.8349671484
79 0.1258938899
84 4.1601665074
evaluations raw_y
1 4.6887071222
13 0.2051134778
73 0.0979660527
84 2.0268448945
evaluations raw_y
1 48.4801422662
3 18.4970534673
8 16.9333505082
9 10.6189124784
25 8.1414928560
35 5.3964155138
36 5.0631015812
43 2.1398579469
50 0.6891863914
54 0.3194004031
55 0.0046254188
84 7.6267850799
evaluations raw_y
1 127.4369921364
2 56.5364650111
3 44.8037882937
4 36.6251590152
5 26.3106853414
10 25.6425937094
16 19.1290978005
22 15.3283589397
36 11.7121893830
38 10.6862914075
47 10.2299361431
48 7.9716996441
51 6.7956165430
56 5.2945336317
58 4.5561822927
64 4.5434372324
68 1.5790263473
73 1.3354994453
78 0.1758522546
84 6.7532820615
evaluations raw_y
1 24.4855524491
6 24.3335830137
7 20.6156575724
9 13.7571361865
11 13.4367370109
19 8.5062952264
44 5.2423712804
53 3.3446554041
79 2.0009565158
84 7.0988404649
evaluations raw_y
1 26.7198730156
2 2.8850214651
10 0.2595936628
84 0.1679510016
evaluations raw_y
1 16.1349888751
3 7.2360286181
8 4.8203647218
16 1.6147559871
28 0.7875005021
44 0.4959465293
47 0.1551573449
54 0.1438074872
60 0.1221620316
65 0.0477237370
79 0.0184254710
84 0.0659251822
evaluations raw_y
1 12.1206506366
3 7.8486391870
12 1.7754085232
15 1.0874321097
20 0.4330100531
49 0.3882348475
53 0.1428616034
63 0.0842898552
79 0.0748312134
81 0.0231418509
84 0.0983613347
evaluations raw_y
1 3.9197565367
4 0.6717944733
35 0.3507204757
36 0.3012362868
46 0.2600798509
57 0.1102087147
81 0.0947230864
84 0.8036647327
evaluations raw_y
1 1.2339229369
12 0.4030033126
25 0.3211876175
36 0.3007166565
52 0.2066792313
71 0.1043587523
74 0.0731695057
75 0.0369965264
84 0.1656011637
evaluations raw_y
1 9.5671954771
5 3.6990217809
12 2.3346514532
27 1.2485027602
34 0.2232426979
68 0.1756481077
71 0.0361324130
84 0.4578009389
evaluations raw_y
1 2.3411438674
18 1.5108668659
30 1.4166531411
36 0.2953337311
78 0.1895371005
84 0.1171494979
evaluations raw_y
1 16.1351038136
2 6.7639674415
4 6.5008603581
5 5.6568823685
7 3.8163235263
14 3.8063653557
15 3.2100308007
26 1.0880574925
35 1.0349581912
41 0.2372387083
67 0.0314047362
84 0.0419852945
evaluations raw_y
1 9.6074223508
5 8.5036946195
9 3.0959901166
18 1.2281144367
34 1.1975216136
36 0.5680556107
46 0.2581240961
47 0.1191320507
52 0.1112062032
58 0.1010288972
66 0.0736265525
70 0.0684504717
74 0.0539036774
76 0.0174763413
84 0.0397941798
evaluations raw_y
1 2.6170409561
10 1.9984588042
15 0.1632305636
42 0.0364251512
72 0.0140167685
84 0.0456978820
evaluations raw_y
1 35.0561873247
2 25.2152182207
3 15.7679057060
5 7.2941721032
15 5.4065884441
18 1.9609207819
31 1.0439767087
60 0.8695879456
66 0.7897679345
71 0.4459277997
79 0.3676708538
81 0.1778283557
82 0.0278431220
84 1.1741392478
