evaluations raw_y
1 25428174.1318132803
2 497995.6431997076
3 59246.9775885782
13 29792.5358466636
32 12805.8324895256
52 37.4270267874
54 219444.2517478550
evaluations raw_y
1 25428174.1318132803
2 497995.6431997076
3 59246.9775885782
30 4845.0606383983
54 7543819.8991980823
evaluations raw_y
1 25428174.1318132803
2 497995.6431997076
3 59246.9775885782
13 37976.6423253667
16 19431.1971732553
17 1050.9094375795
52 57.4652339613
54 35748.9466520236
evaluations raw_y
1 25428174.1318132803
2 497995.6431997076
3 59246.9775885782
22 3319.1039736887
31 486.6485264188
44 63.9482504603
51 36.5462911178
54 479211.4432794550
evaluations raw_y
1 25428174.1318132803
2 497995.6431997076
3 59246.9775885782
15 279.9438044394
54 3513942.2238315619
evaluations raw_y
1 55886313.8927475885
2 3788304.7920604078
5 2080325.5842797915
16 1978380.5767166174
19 3430.9090227309
54 5854178.0892872289
evaluations raw_y
1 55886313.8927475885
2 3788304.7920604078
5 2080325.5842797915
10 23222.4543381617
22 14455.1472311938
41 3184.9099527566
54 58659.8335922685
evaluations raw_y
1 55886313.8927475885
2 3788304.7920604078
5 2080325.5842797915
8 660987.4955234319
15 386424.4473612718
20 88481.9976334832
26 43607.3357499779
43 2392.2714578877
51 2271.9652732566
54 135407.4726097190
evaluations raw_y
1 55886313.8927475885
2 3788304.7920604078
5 2080325.5842797915
9 661113.5163287031
12 451548.0297016311
15 274947.6085873973
19 45374.9815965582
35 14939.9046106422
54 2008328.2994192836
evaluations raw_y
1 55886313.8927475885
2 3788304.7920604078
5 2080325.5842797915
11 646296.9173378838
19 7779.5818527269
35 685.0561372399
54 1970867.0809350410
evaluations raw_y
1 15379189.1958056856
3 7587804.8221522206
4 2565.0231917125
51 339.8762140816
54 30990.7708770679
evaluations raw_y
1 15379189.1958056856
3 7587804.8221522206
4 2565.0231917125
54 878645.4058696640
evaluations raw_y
1 15379189.1958056856
3 7587804.8221522206
4 2565.0231917125
27 1552.4428048051
43 961.9808630920
54 3507.5056831647
evaluations raw_y
1 15379189.1958056856
3 7587804.8221522206
4 2565.0231917125
33 1107.8205553998
49 221.5359269361
54 412644.6878088375
evaluations raw_y
1 15379189.1958056856
3 7587804.8221522206
4 2565.0231917125
10 66.1823885713
43 30.9312175124
54 412252.6845886575
evaluations raw_y
1 6277651.8210881436
3 64145.6727025037
21 113.1667722332
54 165228.5637459062
evaluations raw_y
1 6277651.8210881436
3 64145.6727025037
28 4244.4338401491
39 1950.1113585556
42 316.2459065141
54 3135461.3789666984
evaluations raw_y
1 6277651.8210881436
3 64145.6727025037
41 1126.0074425514
50 30.0698156089
54 92388.1559037964
evaluations raw_y
1 6277651.8210881436
3 64145.6727025037
11 12345.8832878509
25 6730.3766002211
54 2793485.4290749840
evaluations raw_y
1 6277651.8210881436
3 64145.6727025037
7 249.0133151435
54 93962.8140748071
evaluations raw_y
1 70022948.0702186078
2 22297.8962240122
38 14068.9772235317
43 8.6242498458
54 1000119.5392295348
evaluations raw_y
1 70022948.0702186078
2 22297.8962240122
28 176.2843374541
54 127582.6690089846
evaluations raw_y
1 70022948.0702186078
2 22297.8962240122
13 3678.6920611344
29 3523.1537552888
54 5689091.2200887417
evaluations raw_y
1 70022948.0702186078
2 22297.8962240122
16 925.5425639003
40 95.6956337775
49 42.4424517995
54 475035.0251892859
evaluations raw_y
1 70022948.0702186078
2 22297.8962240122
14 18356.0312662409
16 17623.6946729261
24 5112.2013124161
52 1168.4967856361
54 4931.0528264352
evaluations raw_y
1 606036.9604040163
4 508564.5042474066
8 70793.4714625668
30 7460.2403961759
36 331.1199859878
54 76.7716315866
evaluations raw_y
1 606036.9604040163
4 508564.5042474066
14 44619.2289137461
41 27278.5940591396
42 6887.3408895209
48 6135.4978084891
51 4546.6407532928
52 3643.1455706150
54 981542.6066018298
evaluations raw_y
1 606036.9604040163
4 508564.5042474066
11 8793.4777919267
20 589.0507186183
40 325.3304312545
49 323.4465094650
54 56042.1140580520
evaluations raw_y
1 606036.9604040163
4 508564.5042474066
12 172334.5210276729
16 133548.1100565013
25 63063.5985739500
26 34311.2560731364
32 10222.0525643212
54 844268.1607567423
evaluations raw_y
1 606036.9604040163
4 508564.5042474066
8 938.8514111304
33 497.4974830767
54 57036.1411128905
evaluations raw_y
1 56842718.4309492782
2 18655930.5389738977
3 6162771.5455179010
4 3275423.5809228607
7 2292301.1896026758
8 54874.3585777038
25 22146.8536841382
36 154.3539168082
54 242795.3680085688
evaluations raw_y
1 56842718.4309492782
2 18655930.5389738977
3 6162771.5455179010
4 3275423.5809228607
7 2566579.7402426223
9 1812470.7687819118
10 341784.7305550507
12 60157.4655747917
23 52132.9237185854
28 34159.2799835526
34 20265.2086327992
35 5247.7974717758
54 264664.6400496972
evaluations raw_y
1 56842718.4309492782
2 18655930.5389738977
3 6162771.5455179010
4 3275423.5809228607
8 1709166.1780686139
13 6405.6301102331
42 3804.1668073677
45 2.5952001014
54 43501.0835621125
evaluations raw_y
1 56842718.4309492782
2 18655930.5389738977
3 6162771.5455179010
4 3275423.5809228607
7 1546134.8582461406
11 795401.2297894114
12 40528.1885971293
19 14199.8861816628
33 6948.0041219048
41 4032.3075053127
45 1.1949214039
54 181307.5279844237
evaluations raw_y
1 56842718.4309492782
2 18655930.5389738977
3 6162771.5455179010
4 3275423.5809228607
10 43818.0265362385
18 17323.1363467828
34 10926.2347678262
42 2334.7209216136
54 7698673.8202569988
evaluations raw_y
1 1182898.2213930388
2 15851.8803104427
8 8590.6150034904
26 3589.9554646329
38 1407.0587925862
53 1321.6704964698
54 167005.9616730712
evaluations raw_y
1 1182898.2213930388
2 15851.8803104427
25 3895.4171474280
34 380.2688707052
54 6277.4457340681
evaluations raw_y
1 1182898.2213930388
2 15851.8803104427
23 195.9398946286
54 159380.7987087795
evaluations raw_y
1 1182898.2213930388
2 15851.8803104427
13 2956.0914988678
33 1275.6383431832
54 1001.1696929366
evaluations raw_y
1 1182898.2213930388
2 15851.8803104427
18 3949.8593133654
32 1579.8490790514
54 65994.0954206886
evaluations raw_y
1 23011128.2235656567
2 2652516.3234732486
8 2221600.9706576248
11 698848.8602704740
13 90475.6064088252
14 71414.9441275054
22 41.8385462100
54 153607.6868466070
evaluations raw_y
1 23011128.2235656567
2 2652516.3234732486
7 1671538.0424890455
8 176910.5231478103
9 53781.6718673090
22 9096.8077349566
41 127.4552246869
54 2194749.0705178231
evaluations raw_y
1 23011128.2235656567
2 2652516.3234732486
10 427938.2787488230
12 133297.2501753100
15 108735.0859316099
18 45278.6385938584
21 38972.5938089697
27 34961.0988843085
29 11021.6705544663
43 4843.9413735539
46 407.0881524922
54 100927.5747605487
evaluations raw_y
1 23011128.2235656567
2 2652516.3234732486
8 1993441.4422273214
9 1046025.5108004685
10 83889.7638890283
13 72422.3711207401
31 37718.8381932789
33 86.1925444479
54 149507.9990487662
evaluations raw_y
1 23011128.2235656567
2 2652516.3234732486
9 801455.5724165470
11 422104.7596658316
12 2313.7680742321
42 174.1772443996
54 55088.1395417267
evaluations raw_y
1 3387555.2510262029
2 449568.8628501646
8 10868.1058935505
18 3962.9820477168
20 2577.3049144520
50 666.1490044717
54 331397.7052273063
evaluations raw_y
1 3387555.2510262029
2 449568.8628501646
7 11112.6862809745
9 1992.5901015709
54 1375539.4462099820
evaluations raw_y
1 3387555.2510262029
2 449568.8628501646
9 206477.1727878371
24 145163.0664497211
27 34887.5949091957
31 21830.9294844890
35 263.4432080148
54 674374.2890992273
evaluations raw_y
1 3387555.2510262029
2 449568.8628501646
19 417503.3616644022
23 224801.4100314390
26 160011.9635292626
28 39276.9555438944
34 12178.5484452302
54 128971.5106570920
evaluations raw_y
1 3387555.2510262029
2 449568.8628501646
11 117930.1719580067
34 5857.5433560628
54 15848.4426131861
evaluations raw_y
1 8357192.8771145856
2 4500050.8514625393
4 557569.2862805632
18 112611.9954056567
28 86790.2736704880
33 54837.8968451707
52 4045.8129284789
54 2056422.0327721974
evaluations raw_y
1 8357192.8771145856
2 4500050.8514625393
4 557569.2862805632
16 488195.6876133408
21 301638.7087093723
43 131433.1933605908
45 2582.8659537039
46 90.9388440539
54 457935.2357584962
evaluations raw_y
1 8357192.8771145856
2 4500050.8514625393
4 557569.2862805632
35 199101.3227851615
38 80384.3689527482
53 51474.4428567366
54 1422905.0270195189
evaluations raw_y
1 8357192.8771145856
2 4500050.8514625393
4 557569.2862805632
23 15.5034102913
54 346814.2794520153
evaluations raw_y
1 8357192.8771145856
2 4500050.8514625393
4 557569.2862805632
7 327904.8032546254
16 260908.5375057542
21 123135.1364888147
36 4738.5447477328
44 3764.7613292985
49 3053.0793019767
54 297928.7345316473
evaluations raw_y
1 60324935.2734316364
2 2225064.8410881544
3 154384.9806159032
5 28114.7364240896
15 2107.0912898767
54 166806.9924630162
evaluations raw_y
1 60324935.2734316364
2 2225064.8410881544
3 154384.9806159032
5 28114.7364240896
21 8593.9901353222
23 29.7487126496
54 31812.5556680655
evaluations raw_y
1 60324935.2734316364
2 2225064.8410881544
3 154384.9806159032
5 28114.7364240896
54 58610.3514805868
evaluations raw_y
1 60324935.2734316364
2 2225064.8410881544
3 154384.9806159032
5 28114.7364240896
22 19096.1619103622
38 6703.3283625371
42 98.7435753297
54 1842261.4969654907
evaluations raw_y
1 60324935.2734316364
2 2225064.8410881544
3 154384.9806159032
5 28114.7364240896
11 19021.8614194378
32 1038.0836094016
53 70.7221278694
54 17146.3770430291
evaluations raw_y
1 8743912.3085687645
3 2683900.3644177588
4 177989.3828044882
32 33375.9052891316
34 17776.1321026662
37 98.8785240320
54 596008.3062762697
evaluations raw_y
1 8743912.3085687645
3 2683900.3644177588
4 177989.3828044882
15 136004.5268603709
19 80628.8455089239
21 46241.5952079749
23 2423.2227005702
31 63.2985433560
54 203.7801379616
evaluations raw_y
1 8743912.3085687645
3 2683900.3644177588
4 177989.3828044882
14 803.4320006142
34 29.8971485035
54 839104.8140182132
evaluations raw_y
1 8743912.3085687645
3 2683900.3644177588
4 177989.3828044882
11 12638.3321656685
37 426.4100200718
54 1686626.6501662021
evaluations raw_y
1 8743912.3085687645
3 2683900.3644177588
4 177989.3828044882
29 2706.6376514122
31 991.0616193200
42 778.2054488764
50 515.1335812125
54 142741.7482679699
evaluations raw_y
1 11249446.5834490433
2 277906.3522020919
3 22584.9883096731
18 333.6088139067
54 935690.9545220834
evaluations raw_y
1 11249446.5834490433
2 277906.3522020919
3 22584.9883096731
24 21865.3167008461
31 3557.2733180790
41 224.5340041174
50 66.4357355262
54 616307.3537900390
evaluations raw_y
1 11249446.5834490433
2 277906.3522020919
3 22584.9883096731
54 403576.7557951297
evaluations raw_y
1 11249446.5834490433
2 277906.3522020919
3 22584.9883096731
9 6764.6071446044
29 529.1589068223
33 220.5249568017
54 5310.1857025873
evaluations raw_y
1 11249446.5834490433
2 277906.3522020919
3 22584.9883096731
10 11147.5434411293
19 10.6937837657
54 38910.7911830144
