evaluations raw_y
1 271.6454623061
2 157.5277813543
5 131.1893280380
15 107.9758518242
98 93.2115207564
107 83.3589577421
123 81.1565768618
125 80.9413566868
139 76.4885660220
146 66.2481728285
148 59.5413563884
157 49.1490545119
163 46.8942505519
173 43.4961453901
187 40.1983921473
194 36.5868714666
206 34.0931313309
227 28.1375013114
255 28.1010390292
256 22.1927778218
263 21.4886400456
268 18.0264631621
290 15.0718529816
291 14.0700776532
300 248.4521622287
evaluations raw_y
1 271.6454623061
2 157.5277813543
5 131.1893280380
15 107.9758518242
98 93.2115207564
107 83.3589577421
123 81.1565768618
125 80.9413566868
139 76.4885660220
146 66.2481728285
148 59.5413563884
157 49.1490545119
163 46.8942505519
173 43.4961453901
187 40.1983921473
194 36.5868714666
206 34.0931313309
227 28.1375013114
255 28.1010390292
256 22.1927778218
263 21.4886400456
268 18.0264631621
290 15.0718529816
291 14.0700776532
300 248.4521622287
evaluations raw_y
1 271.6454623061
2 157.5277813543
5 131.1893280380
15 107.9758518242
98 93.2115207564
107 83.3589577421
123 81.1565768618
125 80.9413566868
139 76.4885660220
146 66.2481728285
148 59.5413563884
157 49.1490545119
163 46.8942505519
173 43.4961453901
187 40.1983921473
194 36.5868714666
206 34.0931313309
227 28.1375013114
255 28.1010390292
256 22.1927778218
263 21.4886400456
268 18.0264631621
290 15.0718529816
291 14.0700776532
300 248.4521622287
evaluations raw_y
1 271.6454623061
2 157.5277813543
5 131.1893280380
15 107.9758518242
98 93.2115207564
107 83.3589577421
123 81.1565768618
125 80.9413566868
139 76.4885660220
146 66.2481728285
148 59.5413563884
157 49.1490545119
163 46.8942505519
173 43.4961453901
187 40.1983921473
194 36.5868714666
206 34.0931313309
227 28.1375013114
255 28.1010390292
256 22.1927778218
263 21.4886400456
268 18.0264631621
290 15.0718529816
291 14.0700776532
300 248.4521622287
evaluations raw_y
1 271.6454623061
2 157.5277813543
5 131.1893280380
15 107.9758518242
98 93.2115207564
107 83.3589577421
123 81.1565768618
125 80.9413566868
139 76.4885660220
146 66.2481728285
148 59.5413563884
157 49.1490545119
163 46.8942505519
173 43.4961453901
187 40.1983921473
194 36.5868714666
206 34.0931313309
227 28.1375013114
255 28.1010390292
256 22.1927778218
263 21.4886400456
268 18.0264631621
290 15.0718529816
291 14.0700776532
300 248.4521622287
evaluations raw_y
1 141.1312572836
9 141.0052210031
11 140.4963657631
23 134.3217885008
33 119.0377226242
54 96.2717145504
100 86.2578155861
114 85.6599628679
115 75.9500525970
122 71.3660591809
128 68.3674911332
134 66.7767914851
136 66.3903537220
142 66.0684770277
143 61.9738795789
146 57.9901694151
149 51.0504137072
159 48.1380897273
171 38.3662348534
174 35.7454030981
194 28.9711330303
206 25.0882566317
211 23.6451178740
218 21.1156528500
222 19.3352773277
249 16.3544687697
300 181.2263255193
evaluations raw_y
1 141.1312572836
9 141.0052210031
11 140.4963657631
23 134.3217885008
33 119.0377226242
54 96.2717145504
100 86.2578155861
114 85.6599628679
115 75.9500525970
122 71.3660591809
128 68.3674911332
134 66.7767914851
136 66.3903537220
142 66.0684770277
143 61.9738795789
146 57.9901694151
149 51.0504137072
159 48.1380897273
171 38.3662348534
174 35.7454030981
194 28.9711330303
206 25.0882566317
211 23.6451178740
218 21.1156528500
222 19.3352773277
249 16.3544687697
300 181.2263255193
evaluations raw_y
1 141.1312572836
9 141.0052210031
11 140.4963657631
23 134.3217885008
33 119.0377226242
54 96.2717145504
100 86.2578155861
114 85.6599628679
115 75.9500525970
122 71.3660591809
128 68.3674911332
134 66.7767914851
136 66.3903537220
142 66.0684770277
143 61.9738795789
146 57.9901694151
149 51.0504137072
159 48.1380897273
171 38.3662348534
174 35.7454030981
194 28.9711330303
206 25.0882566317
211 23.6451178740
218 21.1156528500
222 19.3352773277
249 16.3544687697
300 181.2263255193
evaluations raw_y
1 141.1312572836
9 141.0052210031
11 140.4963657631
23 134.3217885008
33 119.0377226242
54 96.2717145504
100 86.2578155861
114 85.6599628679
115 75.9500525970
122 71.3660591809
128 68.3674911332
134 66.7767914851
136 66.3903537220
142 66.0684770277
143 61.9738795789
146 57.9901694151
149 51.0504137072
159 48.1380897273
171 38.3662348534
174 35.7454030981
194 28.9711330303
206 25.0882566317
211 23.6451178740
218 21.1156528500
222 19.3352773277
249 16.3544687697
300 181.2263255193
evaluations raw_y
1 141.1312572836
9 141.0052210031
11 140.4963657631
23 134.3217885008
33 119.0377226242
54 96.2717145504
100 86.2578155861
114 85.6599628679
115 75.9500525970
122 71.3660591809
128 68.3674911332
134 66.7767914851
136 66.3903537220
142 66.0684770277
143 61.9738795789
146 57.9901694151
149 51.0504137072
159 48.1380897273
171 38.3662348534
174 35.7454030981
194 28.9711330303
206 25.0882566317
211 23.6451178740
218 21.1156528500
222 19.3352773277
249 16.3544687697
300 181.2263255193
evaluations raw_y
1 237.5087552513
2 151.3426850838
4 128.8014276242
10 113.5255939159
56 96.3112909188
101 88.1167407588
109 85.0262414950
114 77.8228585485
128 72.6759925205
131 69.9763478668
133 54.7113224000
139 50.0724648880
161 42.6080310346
165 29.8186044200
194 29.6552560662
208 22.4674466356
211 21.8964477216
220 21.3770629914
249 21.2131693191
260 18.3964165016
263 14.7917626149
291 13.6966853626
298 9.7553762513
300 223.5579722664
evaluations raw_y
1 237.5087552513
2 151.3426850838
4 128.8014276242
10 113.5255939159
56 96.3112909188
101 88.1167407588
109 85.0262414950
114 77.8228585485
128 72.6759925205
131 69.9763478668
133 54.7113224000
139 50.0724648880
161 42.6080310346
165 29.8186044200
194 29.6552560662
208 22.4674466356
211 21.8964477216
220 21.3770629914
249 21.2131693191
260 18.3964165016
263 14.7917626149
291 13.6966853626
298 9.7553762513
300 223.5579722664
evaluations raw_y
1 237.5087552513
2 151.3426850838
4 128.8014276242
10 113.5255939159
56 96.3112909188
101 88.1167407588
109 85.0262414950
114 77.8228585485
128 72.6759925205
131 69.9763478668
133 54.7113224000
139 50.0724648880
161 42.6080310346
165 29.8186044200
194 29.6552560662
208 22.4674466356
211 21.8964477216
220 21.3770629914
249 21.2131693191
260 18.3964165016
263 14.7917626149
291 13.6966853626
298 9.7553762513
300 223.5579722664
evaluations raw_y
1 237.5087552513
2 151.3426850838
4 128.8014276242
10 113.5255939159
56 96.3112909188
101 88.1167407588
109 85.0262414950
114 77.8228585485
128 72.6759925205
131 69.9763478668
133 54.7113224000
139 50.0724648880
161 42.6080310346
165 29.8186044200
194 29.6552560662
208 22.4674466356
211 21.8964477216
220 21.3770629914
249 21.2131693191
260 18.3964165016
263 14.7917626149
291 13.6966853626
298 9.7553762513
300 223.5579722664
evaluations raw_y
1 237.5087552513
2 151.3426850838
4 128.8014276242
10 113.5255939159
56 96.3112909188
101 88.1167407588
109 85.0262414950
114 77.8228585485
128 72.6759925205
131 69.9763478668
133 54.7113224000
139 50.0724648880
161 42.6080310346
165 29.8186044200
194 29.6552560662
208 22.4674466356
211 21.8964477216
220 21.3770629914
249 21.2131693191
260 18.3964165016
263 14.7917626149
291 13.6966853626
298 9.7553762513
300 223.5579722664
evaluations raw_y
1 257.5520696294
2 198.7167612083
3 191.7055683703
4 165.4828979893
6 139.0092150578
8 127.1075603560
56 114.8515825647
98 89.1381510171
115 86.5943046168
116 75.4915068448
136 71.8177797570
144 67.3972235968
146 57.9925162394
150 54.4029873832
157 53.6537056184
158 53.2533771293
159 52.9513451024
171 51.4027019823
186 43.6051878358
200 42.0700966188
208 42.0485144237
220 34.4247873949
231 33.4633855131
252 32.1933428350
254 29.9117247444
263 27.7024393410
267 25.3595367604
282 24.9691589407
293 23.8193568627
300 215.1622488113
evaluations raw_y
1 257.5520696294
2 198.7167612083
3 191.7055683703
4 165.4828979893
6 139.0092150578
8 127.1075603560
56 114.8515825647
98 89.1381510171
115 86.5943046168
116 75.4915068448
136 71.8177797570
144 67.3972235968
146 57.9925162394
150 54.4029873832
157 53.6537056184
158 53.2533771293
159 52.9513451024
171 51.4027019823
186 43.6051878358
200 42.0700966188
208 42.0485144237
220 34.4247873949
231 33.4633855131
252 32.1933428350
254 29.9117247444
263 27.7024393410
267 25.3595367604
282 24.9691589407
293 23.8193568627
300 215.1622488113
evaluations raw_y
1 257.5520696294
2 198.7167612083
3 191.7055683703
4 165.4828979893
6 139.0092150578
8 127.1075603560
56 114.8515825647
98 89.1381510171
115 86.5943046168
116 75.4915068448
136 71.8177797570
144 67.3972235968
146 57.9925162394
150 54.4029873832
157 53.6537056184
158 53.2533771293
159 52.9513451024
171 51.4027019823
186 43.6051878358
200 42.0700966188
208 42.0485144237
220 34.4247873949
231 33.4633855131
252 32.1933428350
254 29.9117247444
263 27.7024393410
267 25.3595367604
282 24.9691589407
293 23.8193568627
300 215.1622488113
evaluations raw_y
1 257.5520696294
2 198.7167612083
3 191.7055683703
4 165.4828979893
6 139.0092150578
8 127.1075603560
56 114.8515825647
98 89.1381510171
115 86.5943046168
116 75.4915068448
136 71.8177797570
144 67.3972235968
146 57.9925162394
150 54.4029873832
157 53.6537056184
158 53.2533771293
159 52.9513451024
171 51.4027019823
186 43.6051878358
200 42.0700966188
208 42.0485144237
220 34.4247873949
231 33.4633855131
252 32.1933428350
254 29.9117247444
263 27.7024393410
267 25.3595367604
282 24.9691589407
293 23.8193568627
300 215.1622488113
evaluations raw_y
1 257.5520696294
2 198.7167612083
3 191.7055683703
4 165.4828979893
6 139.0092150578
8 127.1075603560
56 114.8515825647
98 89.1381510171
115 86.5943046168
116 75.4915068448
136 71.8177797570
144 67.3972235968
146 57.9925162394
150 54.4029873832
157 53.6537056184
158 53.2533771293
159 52.9513451024
171 51.4027019823
186 43.6051878358
200 42.0700966188
208 42.0485144237
220 34.4247873949
231 33.4633855131
252 32.1933428350
254 29.9117247444
263 27.7024393410
267 25.3595367604
282 24.9691589407
293 23.8193568627
300 215.1622488113
evaluations raw_y
1 205.3759777864
3 182.0220679122
6 172.8137003415
10 141.5464719247
11 134.9576289268
13 119.6946961470
14 114.0358355690
24 113.1422552360
98 93.2881722441
105 51.9232634680
111 49.1632638930
114 44.2614235361
122 42.4877208226
123 38.2985438079
133 32.1447394085
146 31.1430212005
158 29.8163903248
159 24.6591424633
162 21.7899694649
176 21.0268568582
178 15.6449831639
180 12.8401449345
202 11.8880322656
218 11.7893550516
219 11.7648254489
225 10.3590185344
228 8.6949627022
245 8.4170598626
252 7.7590564238
258 7.6634638799
259 7.5661199769
261 6.1277761892
295 5.8435904166
300 204.6773496953
evaluations raw_y
1 205.3759777864
3 182.0220679122
6 172.8137003415
10 141.5464719247
11 134.9576289268
13 119.6946961470
14 114.0358355690
24 113.1422552360
98 93.2881722441
105 51.9232634680
111 49.1632638930
114 44.2614235361
122 42.4877208226
123 38.2985438079
133 32.1447394085
146 31.1430212005
158 29.8163903248
159 24.6591424633
162 21.7899694649
176 21.0268568582
178 15.6449831639
180 12.8401449345
202 11.8880322656
218 11.7893550516
219 11.7648254489
225 10.3590185344
228 8.6949627022
245 8.4170598626
252 7.7590564238
258 7.6634638799
259 7.5661199769
261 6.1277761892
295 5.8435904166
300 204.6773496953
evaluations raw_y
1 205.3759777864
3 182.0220679122
6 172.8137003415
10 141.5464719247
11 134.9576289268
13 119.6946961470
14 114.0358355690
24 113.1422552360
98 93.2881722441
105 51.9232634680
111 49.1632638930
114 44.2614235361
122 42.4877208226
123 38.2985438079
133 32.1447394085
146 31.1430212005
158 29.8163903248
159 24.6591424633
162 21.7899694649
176 21.0268568582
178 15.6449831639
180 12.8401449345
202 11.8880322656
218 11.7893550516
219 11.7648254489
225 10.3590185344
228 8.6949627022
245 8.4170598626
252 7.7590564238
258 7.6634638799
259 7.5661199769
261 6.1277761892
295 5.8435904166
300 204.6773496953
evaluations raw_y
1 205.3759777864
3 182.0220679122
6 172.8137003415
10 141.5464719247
11 134.9576289268
13 119.6946961470
14 114.0358355690
24 113.1422552360
98 93.2881722441
105 51.9232634680
111 49.1632638930
114 44.2614235361
122 42.4877208226
123 38.2985438079
133 32.1447394085
146 31.1430212005
158 29.8163903248
159 24.6591424633
162 21.7899694649
176 21.0268568582
178 15.6449831639
180 12.8401449345
202 11.8880322656
218 11.7893550516
219 11.7648254489
225 10.3590185344
228 8.6949627022
245 8.4170598626
252 7.7590564238
258 7.6634638799
259 7.5661199769
261 6.1277761892
295 5.8435904166
300 204.6773496953
evaluations raw_y
1 205.3759777864
3 182.0220679122
6 172.8137003415
10 141.5464719247
11 134.9576289268
13 119.6946961470
14 114.0358355690
24 113.1422552360
98 93.2881722441
105 51.9232634680
111 49.1632638930
114 44.2614235361
122 42.4877208226
123 38.2985438079
133 32.1447394085
146 31.1430212005
158 29.8163903248
159 24.6591424633
162 21.7899694649
176 21.0268568582
178 15.6449831639
180 12.8401449345
202 11.8880322656
218 11.7893550516
219 11.7648254489
225 10.3590185344
228 8.6949627022
245 8.4170598626
252 7.7590564238
258 7.6634638799
259 7.5661199769
261 6.1277761892
295 5.8435904166
300 204.6773496953
evaluations raw_y
1 257.2775756880
2 246.5571887959
3 232.0800218862
4 192.9606631564
8 152.3226600175
13 147.6623069718
18 147.4716969621
20 144.2346142696
21 125.4041255494
39 122.9309969295
58 111.8690595120
63 90.3246287592
98 72.9775996991
122 67.2708405838
125 66.4884011832
131 61.2851639194
134 61.2290827150
136 60.0094036621
139 57.5208765571
142 57.3513807986
143 47.7031324901
146 46.4681420894
150 40.0016627147
152 39.1667249844
178 34.9540479325
184 34.8925303769
193 30.8885024500
194 28.8515338058
201 24.9496536938
242 19.6757702628
245 19.4558840492
249 18.7382298352
254 18.2219795871
257 17.5739900619
268 16.0587102310
287 15.1169822188
290 14.7303638832
298 11.0758193995
300 143.4487532847
evaluations raw_y
1 257.2775756880
2 246.5571887959
3 232.0800218862
4 192.9606631564
8 152.3226600175
13 147.6623069718
18 147.4716969621
20 144.2346142696
21 125.4041255494
39 122.9309969295
58 111.8690595120
63 90.3246287592
98 72.9775996991
122 67.2708405838
125 66.4884011832
131 61.2851639194
134 61.2290827150
136 60.0094036621
139 57.5208765571
142 57.3513807986
143 47.7031324901
146 46.4681420894
150 40.0016627147
152 39.1667249844
178 34.9540479325
184 34.8925303769
193 30.8885024500
194 28.8515338058
201 24.9496536938
242 19.6757702628
245 19.4558840492
249 18.7382298352
254 18.2219795871
257 17.5739900619
268 16.0587102310
287 15.1169822188
290 14.7303638832
298 11.0758193995
300 143.4487532847
evaluations raw_y
1 257.2775756880
2 246.5571887959
3 232.0800218862
4 192.9606631564
8 152.3226600175
13 147.6623069718
18 147.4716969621
20 144.2346142696
21 125.4041255494
39 122.9309969295
58 111.8690595120
63 90.3246287592
98 72.9775996991
122 67.2708405838
125 66.4884011832
131 61.2851639194
134 61.2290827150
136 60.0094036621
139 57.5208765571
142 57.3513807986
143 47.7031324901
146 46.4681420894
150 40.0016627147
152 39.1667249844
178 34.9540479325
184 34.8925303769
193 30.8885024500
194 28.8515338058
201 24.9496536938
242 19.6757702628
245 19.4558840492
249 18.7382298352
254 18.2219795871
257 17.5739900619
268 16.0587102310
287 15.1169822188
290 14.7303638832
298 11.0758193995
300 143.4487532847
evaluations raw_y
1 257.2775756880
2 246.5571887959
3 232.0800218862
4 192.9606631564
8 152.3226600175
13 147.6623069718
18 147.4716969621
20 144.2346142696
21 125.4041255494
39 122.9309969295
58 111.8690595120
63 90.3246287592
98 72.9775996991
122 67.2708405838
125 66.4884011832
131 61.2851639194
134 61.2290827150
136 60.0094036621
139 57.5208765571
142 57.3513807986
143 47.7031324901
146 46.4681420894
150 40.0016627147
152 39.1667249844
178 34.9540479325
184 34.8925303769
193 30.8885024500
194 28.8515338058
201 24.9496536938
242 19.6757702628
245 19.4558840492
249 18.7382298352
254 18.2219795871
257 17.5739900619
268 16.0587102310
287 15.1169822188
290 14.7303638832
298 11.0758193995
300 143.4487532847
evaluations raw_y
1 257.2775756880
2 246.5571887959
3 232.0800218862
4 192.9606631564
8 152.3226600175
13 147.6623069718
18 147.4716969621
20 144.2346142696
21 125.4041255494
39 122.9309969295
58 111.8690595120
63 90.3246287592
98 72.9775996991
122 67.2708405838
125 66.4884011832
131 61.2851639194
134 61.2290827150
136 60.0094036621
139 57.5208765571
142 57.3513807986
143 47.7031324901
146 46.4681420894
150 40.0016627147
152 39.1667249844
178 34.9540479325
184 34.8925303769
193 30.8885024500
194 28.8515338058
201 24.9496536938
242 19.6757702628
245 19.4558840492
249 18.7382298352
254 18.2219795871
257 17.5739900619
268 16.0587102310
287 15.1169822188
290 14.7303638832
298 11.0758193995
300 143.4487532847
evaluations raw_y
1 122.4097327389
8 117.6091275400
33 107.1168855527
54 90.2670749633
99 86.2092552534
100 81.5561852968
106 80.6913689541
107 62.3338209919
110 39.2099702321
114 38.7277924046
131 35.0663899751
132 31.2931461318
139 28.0108322770
141 22.2386639478
144 21.6458659490
157 21.0915962172
161 18.2348040187
167 14.6060165063
184 14.1360405409
186 13.7377701748
192 9.8154316381
202 9.5821875268
203 8.1686655336
233 7.3158215294
234 5.7728740148
242 4.7508319678
247 4.1840350432
251 3.9933072098
254 3.3897470062
274 2.7481285284
275 2.2789028850
291 1.7284877911
300 174.7181767385
evaluations raw_y
1 122.4097327389
8 117.6091275400
33 107.1168855527
54 90.2670749633
99 86.2092552534
100 81.5561852968
106 80.6913689541
107 62.3338209919
110 39.2099702321
114 38.7277924046
131 35.0663899751
132 31.2931461318
139 28.0108322770
141 22.2386639478
144 21.6458659490
157 21.0915962172
161 18.2348040187
167 14.6060165063
184 14.1360405409
186 13.7377701748
192 9.8154316381
202 9.5821875268
203 8.1686655336
233 7.3158215294
234 5.7728740148
242 4.7508319678
247 4.1840350432
251 3.9933072098
254 3.3897470062
274 2.7481285284
275 2.2789028850
291 1.7284877911
300 174.7181767385
evaluations raw_y
1 122.4097327389
8 117.6091275400
33 107.1168855527
54 90.2670749633
99 86.2092552534
100 81.5561852968
106 80.6913689541
107 62.3338209919
110 39.2099702321
114 38.7277924046
131 35.0663899751
132 31.2931461318
139 28.0108322770
141 22.2386639478
144 21.6458659490
157 21.0915962172
161 18.2348040187
167 14.6060165063
184 14.1360405409
186 13.7377701748
192 9.8154316381
202 9.5821875268
203 8.1686655336
233 7.3158215294
234 5.7728740148
242 4.7508319678
247 4.1840350432
251 3.9933072098
254 3.3897470062
274 2.7481285284
275 2.2789028850
291 1.7284877911
300 174.7181767385
evaluations raw_y
1 122.4097327389
8 117.6091275400
33 107.1168855527
54 90.2670749633
99 86.2092552534
100 81.5561852968
106 80.6913689541
107 62.3338209919
110 39.2099702321
114 38.7277924046
131 35.0663899751
132 31.2931461318
139 28.0108322770
141 22.2386639478
144 21.6458659490
157 21.0915962172
161 18.2348040187
167 14.6060165063
184 14.1360405409
186 13.7377701748
192 9.8154316381
202 9.5821875268
203 8.1686655336
233 7.3158215294
234 5.7728740148
242 4.7508319678
247 4.1840350432
251 3.9933072098
254 3.3897470062
274 2.7481285284
275 2.2789028850
291 1.7284877911
300 174.7181767385
evaluations raw_y
1 122.4097327389
8 117.6091275400
33 107.1168855527
54 90.2670749633
99 86.2092552534
100 81.5561852968
106 80.6913689541
107 62.3338209919
110 39.2099702321
114 38.7277924046
131 35.0663899751
132 31.2931461318
139 28.0108322770
141 22.2386639478
144 21.6458659490
157 21.0915962172
161 18.2348040187
167 14.6060165063
184 14.1360405409
186 13.7377701748
192 9.8154316381
202 9.5821875268
203 8.1686655336
233 7.3158215294
234 5.7728740148
242 4.7508319678
247 4.1840350432
251 3.9933072098
254 3.3897470062
274 2.7481285284
275 2.2789028850
291 1.7284877911
300 174.7181767385
evaluations raw_y
1 235.8261347984
2 175.7773872834
3 170.5490422852
15 153.5790713652
20 119.9937717648
33 118.9127298881
54 108.9177997113
98 80.4681869928
107 77.8467285478
136 77.5577102710
137 64.8333672108
146 62.1357706605
157 60.0927200039
158 55.7471096753
168 54.6529397612
171 51.1215054533
172 47.2522133728
173 45.3705821170
176 41.1248149499
178 40.7359620400
180 38.8467788967
194 35.3947888016
199 32.4089546486
202 29.2805350355
203 25.2941060573
224 23.9345026665
228 23.7645834750
229 22.2678104201
231 22.0590065629
245 18.3608975796
258 18.2163050845
268 13.7406924377
271 12.8247266497
274 11.5700778775
280 9.8876960655
285 9.8838606950
290 8.1294116893
295 7.0630921490
298 6.5680219912
300 175.2698442307
evaluations raw_y
1 235.8261347984
2 175.7773872834
3 170.5490422852
15 153.5790713652
20 119.9937717648
33 118.9127298881
54 108.9177997113
98 80.4681869928
107 77.8467285478
136 77.5577102710
137 64.8333672108
146 62.1357706605
157 60.0927200039
158 55.7471096753
168 54.6529397612
171 51.1215054533
172 47.2522133728
173 45.3705821170
176 41.1248149499
178 40.7359620400
180 38.8467788967
194 35.3947888016
199 32.4089546486
202 29.2805350355
203 25.2941060573
224 23.9345026665
228 23.7645834750
229 22.2678104201
231 22.0590065629
245 18.3608975796
258 18.2163050845
268 13.7406924377
271 12.8247266497
274 11.5700778775
280 9.8876960655
285 9.8838606950
290 8.1294116893
295 7.0630921490
298 6.5680219912
300 175.2698442307
evaluations raw_y
1 235.8261347984
2 175.7773872834
3 170.5490422852
15 153.5790713652
20 119.9937717648
33 118.9127298881
54 108.9177997113
98 80.4681869928
107 77.8467285478
136 77.5577102710
137 64.8333672108
146 62.1357706605
157 60.0927200039
158 55.7471096753
168 54.6529397612
171 51.1215054533
172 47.2522133728
173 45.3705821170
176 41.1248149499
178 40.7359620400
180 38.8467788967
194 35.3947888016
199 32.4089546486
202 29.2805350355
203 25.2941060573
224 23.9345026665
228 23.7645834750
229 22.2678104201
231 22.0590065629
245 18.3608975796
258 18.2163050845
268 13.7406924377
271 12.8247266497
274 11.5700778775
280 9.8876960655
285 9.8838606950
290 8.1294116893
295 7.0630921490
298 6.5680219912
300 175.2698442307
evaluations raw_y
1 235.8261347984
2 175.7773872834
3 170.5490422852
15 153.5790713652
20 119.9937717648
33 118.9127298881
54 108.9177997113
98 80.4681869928
107 77.8467285478
136 77.5577102710
137 64.8333672108
146 62.1357706605
157 60.0927200039
158 55.7471096753
168 54.6529397612
171 51.1215054533
172 47.2522133728
173 45.3705821170
176 41.1248149499
178 40.7359620400
180 38.8467788967
194 35.3947888016
199 32.4089546486
202 29.2805350355
203 25.2941060573
224 23.9345026665
228 23.7645834750
229 22.2678104201
231 22.0590065629
245 18.3608975796
258 18.2163050845
268 13.7406924377
271 12.8247266497
274 11.5700778775
280 9.8876960655
285 9.8838606950
290 8.1294116893
295 7.0630921490
298 6.5680219912
300 175.2698442307
evaluations raw_y
1 235.8261347984
2 175.7773872834
3 170.5490422852
15 153.5790713652
20 119.9937717648
33 118.9127298881
54 108.9177997113
98 80.4681869928
107 77.8467285478
136 77.5577102710
137 64.8333672108
146 62.1357706605
157 60.0927200039
158 55.7471096753
168 54.6529397612
171 51.1215054533
172 47.2522133728
173 45.3705821170
176 41.1248149499
178 40.7359620400
180 38.8467788967
194 35.3947888016
199 32.4089546486
202 29.2805350355
203 25.2941060573
224 23.9345026665
228 23.7645834750
229 22.2678104201
231 22.0590065629
245 18.3608975796
258 18.2163050845
268 13.7406924377
271 12.8247266497
274 11.5700778775
280 9.8876960655
285 9.8838606950
290 8.1294116893
295 7.0630921490
298 6.5680219912
300 175.2698442307
evaluations raw_y
1 244.9968435515
2 236.6674749430
3 186.5374631752
4 138.8351054585
13 93.3579287560
118 91.8775848961
122 73.9388624062
131 73.4409752013
136 73.2488157468
139 60.7106080139
143 54.4915833021
144 52.4912930464
150 46.2653012453
157 35.1802936479
162 33.6312829729
165 29.9551419669
174 28.4396780500
187 26.3404331113
202 25.7490391890
212 23.4800909190
214 23.0547712563
218 22.1842710459
219 18.0451341910
220 17.3834495705
228 17.2451497091
233 17.0992136094
238 15.1768425285
244 14.5678692126
249 12.3722009246
267 10.1223200129
294 8.5269264601
298 5.0433864810
300 185.8796247034
evaluations raw_y
1 244.9968435515
2 236.6674749430
3 186.5374631752
4 138.8351054585
13 93.3579287560
118 91.8775848961
122 73.9388624062
131 73.4409752013
136 73.2488157468
139 60.7106080139
143 54.4915833021
144 52.4912930464
150 46.2653012453
157 35.1802936479
162 33.6312829729
165 29.9551419669
174 28.4396780500
187 26.3404331113
202 25.7490391890
212 23.4800909190
214 23.0547712563
218 22.1842710459
219 18.0451341910
220 17.3834495705
228 17.2451497091
233 17.0992136094
238 15.1768425285
244 14.5678692126
249 12.3722009246
267 10.1223200129
294 8.5269264601
298 5.0433864810
300 185.8796247034
evaluations raw_y
1 244.9968435515
2 236.6674749430
3 186.5374631752
4 138.8351054585
13 93.3579287560
118 91.8775848961
122 73.9388624062
131 73.4409752013
136 73.2488157468
139 60.7106080139
143 54.4915833021
144 52.4912930464
150 46.2653012453
157 35.1802936479
162 33.6312829729
165 29.9551419669
174 28.4396780500
187 26.3404331113
202 25.7490391890
212 23.4800909190
214 23.0547712563
218 22.1842710459
219 18.0451341910
220 17.3834495705
228 17.2451497091
233 17.0992136094
238 15.1768425285
244 14.5678692126
249 12.3722009246
267 10.1223200129
294 8.5269264601
298 5.0433864810
300 185.8796247034
evaluations raw_y
1 244.9968435515
2 236.6674749430
3 186.5374631752
4 138.8351054585
13 93.3579287560
118 91.8775848961
122 73.9388624062
131 73.4409752013
136 73.2488157468
139 60.7106080139
143 54.4915833021
144 52.4912930464
150 46.2653012453
157 35.1802936479
162 33.6312829729
165 29.9551419669
174 28.4396780500
187 26.3404331113
202 25.7490391890
212 23.4800909190
214 23.0547712563
218 22.1842710459
219 18.0451341910
220 17.3834495705
228 17.2451497091
233 17.0992136094
238 15.1768425285
244 14.5678692126
249 12.3722009246
267 10.1223200129
294 8.5269264601
298 5.0433864810
300 185.8796247034
evaluations raw_y
1 244.9968435515
2 236.6674749430
3 186.5374631752
4 138.8351054585
13 93.3579287560
118 91.8775848961
122 73.9388624062
131 73.4409752013
136 73.2488157468
139 60.7106080139
143 54.4915833021
144 52.4912930464
150 46.2653012453
157 35.1802936479
162 33.6312829729
165 29.9551419669
174 28.4396780500
187 26.3404331113
202 25.7490391890
212 23.4800909190
214 23.0547712563
218 22.1842710459
219 18.0451341910
220 17.3834495705
228 17.2451497091
233 17.0992136094
238 15.1768425285
244 14.5678692126
249 12.3722009246
267 10.1223200129
294 8.5269264601
298 5.0433864810
300 185.8796247034
evaluations raw_y
1 186.9667734007
5 104.1291005124
65 93.8785662406
100 44.9383654014
114 43.7133347474
122 37.9079236062
133 36.6362302255
134 35.5597954014
139 34.7269098209
146 34.4183628320
148 33.2825490329
149 33.2299099379
152 31.7587910929
178 29.7227324390
179 27.2734403003
186 23.8102138099
187 22.1211288759
211 19.1843497814
227 17.4170643326
234 15.6912878528
244 15.4982635807
268 13.5073309784
300 277.1776058896
evaluations raw_y
1 186.9667734007
5 104.1291005124
65 93.8785662406
100 44.9383654014
114 43.7133347474
122 37.9079236062
133 36.6362302255
134 35.5597954014
139 34.7269098209
146 34.4183628320
148 33.2825490329
149 33.2299099379
152 31.7587910929
178 29.7227324390
179 27.2734403003
186 23.8102138099
187 22.1211288759
211 19.1843497814
227 17.4170643326
234 15.6912878528
244 15.4982635807
268 13.5073309784
300 277.1776058896
evaluations raw_y
1 186.9667734007
5 104.1291005124
65 93.8785662406
100 44.9383654014
114 43.7133347474
122 37.9079236062
133 36.6362302255
134 35.5597954014
139 34.7269098209
146 34.4183628320
148 33.2825490329
149 33.2299099379
152 31.7587910929
178 29.7227324390
179 27.2734403003
186 23.8102138099
187 22.1211288759
211 19.1843497814
227 17.4170643326
234 15.6912878528
244 15.4982635807
268 13.5073309784
300 277.1776058896
evaluations raw_y
1 186.9667734007
5 104.1291005124
65 93.8785662406
100 44.9383654014
114 43.7133347474
122 37.9079236062
133 36.6362302255
134 35.5597954014
139 34.7269098209
146 34.4183628320
148 33.2825490329
149 33.2299099379
152 31.7587910929
178 29.7227324390
179 27.2734403003
186 23.8102138099
187 22.1211288759
211 19.1843497814
227 17.4170643326
234 15.6912878528
244 15.4982635807
268 13.5073309784
300 277.1776058896
evaluations raw_y
1 186.9667734007
5 104.1291005124
65 93.8785662406
100 44.9383654014
114 43.7133347474
122 37.9079236062
133 36.6362302255
134 35.5597954014
139 34.7269098209
146 34.4183628320
148 33.2825490329
149 33.2299099379
152 31.7587910929
178 29.7227324390
179 27.2734403003
186 23.8102138099
187 22.1211288759
211 19.1843497814
227 17.4170643326
234 15.6912878528
244 15.4982635807
268 13.5073309784
300 277.1776058896
evaluations raw_y
1 276.0867851460
2 181.4648289315
9 157.1315940538
21 145.6236859243
22 122.7227351971
31 116.8196795601
71 110.9157973128
98 98.0217852022
105 77.8688713609
111 67.7971639727
114 58.5596221995
122 53.3263046907
144 53.0819044303
158 50.1725446422
161 46.0526804353
176 43.4944943467
184 43.1039673628
186 38.9188051000
194 33.9846907908
201 33.0621823588
210 28.5261764878
232 25.2674063823
242 21.0531529461
253 19.7067513767
267 19.2811889178
275 17.4557014518
278 16.0077685420
290 15.9529539484
297 12.9297002995
298 11.3500751131
300 245.9282395632
evaluations raw_y
1 276.0867851460
2 181.4648289315
9 157.1315940538
21 145.6236859243
22 122.7227351971
31 116.8196795601
71 110.9157973128
98 98.0217852022
105 77.8688713609
111 67.7971639727
114 58.5596221995
122 53.3263046907
144 53.0819044303
158 50.1725446422
161 46.0526804353
176 43.4944943467
184 43.1039673628
186 38.9188051000
194 33.9846907908
201 33.0621823588
210 28.5261764878
232 25.2674063823
242 21.0531529461
253 19.7067513767
267 19.2811889178
275 17.4557014518
278 16.0077685420
290 15.9529539484
297 12.9297002995
298 11.3500751131
300 245.9282395632
evaluations raw_y
1 276.0867851460
2 181.4648289315
9 157.1315940538
21 145.6236859243
22 122.7227351971
31 116.8196795601
71 110.9157973128
98 98.0217852022
105 77.8688713609
111 67.7971639727
114 58.5596221995
122 53.3263046907
144 53.0819044303
158 50.1725446422
161 46.0526804353
176 43.4944943467
184 43.1039673628
186 38.9188051000
194 33.9846907908
201 33.0621823588
210 28.5261764878
232 25.2674063823
242 21.0531529461
253 19.7067513767
267 19.2811889178
275 17.4557014518
278 16.0077685420
290 15.9529539484
297 12.9297002995
298 11.3500751131
300 245.9282395632
evaluations raw_y
1 276.0867851460
2 181.4648289315
9 157.1315940538
21 145.6236859243
22 122.7227351971
31 116.8196795601
71 110.9157973128
98 98.0217852022
105 77.8688713609
111 67.7971639727
114 58.5596221995
122 53.3263046907
144 53.0819044303
158 50.1725446422
161 46.0526804353
176 43.4944943467
184 43.1039673628
186 38.9188051000
194 33.9846907908
201 33.0621823588
210 28.5261764878
232 25.2674063823
242 21.0531529461
253 19.7067513767
267 19.2811889178
275 17.4557014518
278 16.0077685420
290 15.9529539484
297 12.9297002995
298 11.3500751131
300 245.9282395632
evaluations raw_y
1 276.0867851460
2 181.4648289315
9 157.1315940538
21 145.6236859243
22 122.7227351971
31 116.8196795601
71 110.9157973128
98 98.0217852022
105 77.8688713609
111 67.7971639727
114 58.5596221995
122 53.3263046907
144 53.0819044303
158 50.1725446422
161 46.0526804353
176 43.4944943467
184 43.1039673628
186 38.9188051000
194 33.9846907908
201 33.0621823588
210 28.5261764878
232 25.2674063823
242 21.0531529461
253 19.7067513767
267 19.2811889178
275 17.4557014518
278 16.0077685420
290 15.9529539484
297 12.9297002995
298 11.3500751131
300 245.9282395632
evaluations raw_y
1 202.2249050789
2 174.1482090797
9 150.5261979441
19 147.1922411290
32 144.9649524078
42 107.1709735214
63 98.6347335661
106 94.7563809731
109 91.5189380658
122 91.0918987688
123 82.0522743863
137 69.3076063776
148 68.7520136392
149 66.8649623606
151 57.3634340338
153 56.7169462926
160 53.1336516283
171 48.8164308798
178 44.5648694899
193 44.0995090371
194 36.5858681361
204 35.5091724411
208 30.9751341147
210 26.1452528788
218 16.1284154521
245 13.3467232780
263 12.9070111068
267 11.9070166710
268 11.4340712656
271 8.6132033613
282 7.9713665493
283 5.6730919757
300 170.6303579253
evaluations raw_y
1 202.2249050789
2 174.1482090797
9 150.5261979441
19 147.1922411290
32 144.9649524078
42 107.1709735214
63 98.6347335661
106 94.7563809731
109 91.5189380658
122 91.0918987688
123 82.0522743863
137 69.3076063776
148 68.7520136392
149 66.8649623606
151 57.3634340338
153 56.7169462926
160 53.1336516283
171 48.8164308798
178 44.5648694899
193 44.0995090371
194 36.5858681361
204 35.5091724411
208 30.9751341147
210 26.1452528788
218 16.1284154521
245 13.3467232780
263 12.9070111068
267 11.9070166710
268 11.4340712656
271 8.6132033613
282 7.9713665493
283 5.6730919757
300 170.6303579253
evaluations raw_y
1 202.2249050789
2 174.1482090797
9 150.5261979441
19 147.1922411290
32 144.9649524078
42 107.1709735214
63 98.6347335661
106 94.7563809731
109 91.5189380658
122 91.0918987688
123 82.0522743863
137 69.3076063776
148 68.7520136392
149 66.8649623606
151 57.3634340338
153 56.7169462926
160 53.1336516283
171 48.8164308798
178 44.5648694899
193 44.0995090371
194 36.5858681361
204 35.5091724411
208 30.9751341147
210 26.1452528788
218 16.1284154521
245 13.3467232780
263 12.9070111068
267 11.9070166710
268 11.4340712656
271 8.6132033613
282 7.9713665493
283 5.6730919757
300 170.6303579253
evaluations raw_y
1 202.2249050789
2 174.1482090797
9 150.5261979441
19 147.1922411290
32 144.9649524078
42 107.1709735214
63 98.6347335661
106 94.7563809731
109 91.5189380658
122 91.0918987688
123 82.0522743863
137 69.3076063776
148 68.7520136392
149 66.8649623606
151 57.3634340338
153 56.7169462926
160 53.1336516283
171 48.8164308798
178 44.5648694899
193 44.0995090371
194 36.5858681361
204 35.5091724411
208 30.9751341147
210 26.1452528788
218 16.1284154521
245 13.3467232780
263 12.9070111068
267 11.9070166710
268 11.4340712656
271 8.6132033613
282 7.9713665493
283 5.6730919757
300 170.6303579253
evaluations raw_y
1 202.2249050789
2 174.1482090797
9 150.5261979441
19 147.1922411290
32 144.9649524078
42 107.1709735214
63 98.6347335661
106 94.7563809731
109 91.5189380658
122 91.0918987688
123 82.0522743863
137 69.3076063776
148 68.7520136392
149 66.8649623606
151 57.3634340338
153 56.7169462926
160 53.1336516283
171 48.8164308798
178 44.5648694899
193 44.0995090371
194 36.5858681361
204 35.5091724411
208 30.9751341147
210 26.1452528788
218 16.1284154521
245 13.3467232780
263 12.9070111068
267 11.9070166710
268 11.4340712656
271 8.6132033613
282 7.9713665493
283 5.6730919757
300 170.6303579253
evaluations raw_y
1 152.2799956437
23 126.9357035368
45 114.7199237672
98 101.3681481132
101 84.6577621619
116 79.3053224301
122 76.9532460228
132 75.2726153408
133 66.3931251972
139 60.7391721792
149 48.6235938661
162 44.1231615753
167 42.8763418032
172 40.9347287183
174 40.1992752691
176 38.6039852645
195 36.9931698221
200 35.0686398189
202 34.6996843726
206 34.6543621605
228 33.0753546979
234 31.3452874984
251 22.3484300197
290 20.7505978809
300 154.9946009354
evaluations raw_y
1 152.2799956437
23 126.9357035368
45 114.7199237672
98 101.3681481132
101 84.6577621619
116 79.3053224301
122 76.9532460228
132 75.2726153408
133 66.3931251972
139 60.7391721792
149 48.6235938661
162 44.1231615753
167 42.8763418032
172 40.9347287183
174 40.1992752691
176 38.6039852645
195 36.9931698221
200 35.0686398189
202 34.6996843726
206 34.6543621605
228 33.0753546979
234 31.3452874984
251 22.3484300197
290 20.7505978809
300 154.9946009354
evaluations raw_y
1 152.2799956437
23 126.9357035368
45 114.7199237672
98 101.3681481132
101 84.6577621619
116 79.3053224301
122 76.9532460228
132 75.2726153408
133 66.3931251972
139 60.7391721792
149 48.6235938661
162 44.1231615753
167 42.8763418032
172 40.9347287183
174 40.1992752691
176 38.6039852645
195 36.9931698221
200 35.0686398189
202 34.6996843726
206 34.6543621605
228 33.0753546979
234 31.3452874984
251 22.3484300197
290 20.7505978809
300 154.9946009354
evaluations raw_y
1 152.2799956437
23 126.9357035368
45 114.7199237672
98 101.3681481132
101 84.6577621619
116 79.3053224301
122 76.9532460228
132 75.2726153408
133 66.3931251972
139 60.7391721792
149 48.6235938661
162 44.1231615753
167 42.8763418032
172 40.9347287183
174 40.1992752691
176 38.6039852645
195 36.9931698221
200 35.0686398189
202 34.6996843726
206 34.6543621605
228 33.0753546979
234 31.3452874984
251 22.3484300197
290 20.7505978809
300 154.9946009354
evaluations raw_y
1 152.2799956437
23 126.9357035368
45 114.7199237672
98 101.3681481132
101 84.6577621619
116 79.3053224301
122 76.9532460228
132 75.2726153408
133 66.3931251972
139 60.7391721792
149 48.6235938661
162 44.1231615753
167 42.8763418032
172 40.9347287183
174 40.1992752691
176 38.6039852645
195 36.9931698221
200 35.0686398189
202 34.6996843726
206 34.6543621605
228 33.0753546979
234 31.3452874984
251 22.3484300197
290 20.7505978809
300 154.9946009354
evaluations raw_y
1 300.9790157454
2 261.1925169230
4 235.3145880311
5 223.2907007660
6 188.4281001724
9 169.3778330537
11 156.2896376830
13 130.9206332113
15 128.0158170167
42 91.1153280064
98 68.6794944940
99 59.5419599883
106 59.3212522242
115 55.6318004351
122 52.9133624394
132 52.4745462431
133 45.5597653676
139 38.8021114879
141 37.4497671054
146 35.1977706547
151 32.6183906631
160 28.9775367981
165 25.8775421095
179 23.2951959917
199 23.1593306612
210 20.4782673181
219 17.7632390693
227 16.2511957264
244 12.5565831079
258 9.3950991694
264 6.9128756148
267 6.7902360006
296 6.3690495400
300 129.7004851012
evaluations raw_y
1 300.9790157454
2 261.1925169230
4 235.3145880311
5 223.2907007660
6 188.4281001724
9 169.3778330537
11 156.2896376830
13 130.9206332113
15 128.0158170167
42 91.1153280064
98 68.6794944940
99 59.5419599883
106 59.3212522242
115 55.6318004351
122 52.9133624394
132 52.4745462431
133 45.5597653676
139 38.8021114879
141 37.4497671054
146 35.1977706547
151 32.6183906631
160 28.9775367981
165 25.8775421095
179 23.2951959917
199 23.1593306612
210 20.4782673181
219 17.7632390693
227 16.2511957264
244 12.5565831079
258 9.3950991694
264 6.9128756148
267 6.7902360006
296 6.3690495400
300 129.7004851012
evaluations raw_y
1 300.9790157454
2 261.1925169230
4 235.3145880311
5 223.2907007660
6 188.4281001724
9 169.3778330537
11 156.2896376830
13 130.9206332113
15 128.0158170167
42 91.1153280064
98 68.6794944940
99 59.5419599883
106 59.3212522242
115 55.6318004351
122 52.9133624394
132 52.4745462431
133 45.5597653676
139 38.8021114879
141 37.4497671054
146 35.1977706547
151 32.6183906631
160 28.9775367981
165 25.8775421095
179 23.2951959917
199 23.1593306612
210 20.4782673181
219 17.7632390693
227 16.2511957264
244 12.5565831079
258 9.3950991694
264 6.9128756148
267 6.7902360006
296 6.3690495400
300 129.7004851012
evaluations raw_y
1 300.9790157454
2 261.1925169230
4 235.3145880311
5 223.2907007660
6 188.4281001724
9 169.3778330537
11 156.2896376830
13 130.9206332113
15 128.0158170167
42 91.1153280064
98 68.6794944940
99 59.5419599883
106 59.3212522242
115 55.6318004351
122 52.9133624394
132 52.4745462431
133 45.5597653676
139 38.8021114879
141 37.4497671054
146 35.1977706547
151 32.6183906631
160 28.9775367981
165 25.8775421095
179 23.2951959917
199 23.1593306612
210 20.4782673181
219 17.7632390693
227 16.2511957264
244 12.5565831079
258 9.3950991694
264 6.9128756148
267 6.7902360006
296 6.3690495400
300 129.7004851012
evaluations raw_y
1 300.9790157454
2 261.1925169230
4 235.3145880311
5 223.2907007660
6 188.4281001724
9 169.3778330537
11 156.2896376830
13 130.9206332113
15 128.0158170167
42 91.1153280064
98 68.6794944940
99 59.5419599883
106 59.3212522242
115 55.6318004351
122 52.9133624394
132 52.4745462431
133 45.5597653676
139 38.8021114879
141 37.4497671054
146 35.1977706547
151 32.6183906631
160 28.9775367981
165 25.8775421095
179 23.2951959917
199 23.1593306612
210 20.4782673181
219 17.7632390693
227 16.2511957264
244 12.5565831079
258 9.3950991694
264 6.9128756148
267 6.7902360006
296 6.3690495400
300 129.7004851012
