evaluations raw_y
1 161.9087049525
4 114.4161112534
15 100.6329025512
16 97.2648356761
17 67.7417527072
18 25.4910416798
30 14.8490485350
88 11.2300168115
297 10.4803226348
300 169.6527471913
evaluations raw_y
1 338.0106557109
2 254.9377816772
3 49.8507564540
14 34.9126858861
16 33.5136606620
25 27.6769296148
37 18.5944372894
111 17.3982870156
160 16.3029419183
166 13.6645621681
300 539.2352283525
evaluations raw_y
1 86.9950096040
5 55.4840020670
9 46.8845559697
12 35.0253225202
33 7.1825178299
287 5.1028211539
300 96.9519996231
evaluations raw_y
1 101.6947408627
5 95.6237414570
9 80.5122284669
12 72.0808630485
19 52.7403937827
23 29.9459359129
49 24.4454911171
51 15.4558905975
132 14.6859786691
265 12.1238951472
300 77.9789104103
evaluations raw_y
1 136.0509496283
12 88.2602218357
13 36.1716041125
23 33.3006285805
32 19.1697697006
78 13.9104819708
300 130.0147120593
evaluations raw_y
1 433.6034391301
2 209.0739218130
4 178.4109449048
6 122.8713566508
8 81.3285760742
9 75.7035291034
21 38.1112151405
23 36.3196259625
43 28.4629657364
51 18.5145412508
73 16.1890328317
300 178.0242549141
evaluations raw_y
1 83.5180732232
5 50.4105735151
36 20.4419997888
188 18.3454276349
300 125.1326221828
evaluations raw_y
1 435.4036700815
2 277.4108278121
4 105.9171035706
11 102.6541738170
12 85.2443853234
14 41.9132066573
30 36.1284993358
54 34.4382674467
78 16.7983357090
300 78.1454462780
evaluations raw_y
1 102.9733771200
2 58.9109437656
9 11.9466041263
300 714.5964671190
evaluations raw_y
1 87.3271655232
2 83.9466404001
3 35.1830267296
8 26.7238750771
29 23.0144887112
174 14.3808035939
300 160.8337271693
evaluations raw_y
1 56.2172014584
2 17.3170591145
170 14.7907716824
300 95.6916789837
evaluations raw_y
1 40.6583962559
4 32.0488962530
10 24.1041976626
16 22.6775734385
25 18.5184394135
71 16.9639978289
85 14.4871294009
129 11.6450210023
300 131.3161669503
evaluations raw_y
1 291.1848390930
2 56.2229977702
4 42.5405653349
7 18.2051328702
89 15.2511670313
100 12.6683013865
114 7.4621005259
138 5.6625184696
300 56.5254019262
evaluations raw_y
1 78.9156527295
2 29.2040908918
7 21.9766005962
26 11.3002578083
300 258.2735097516
evaluations raw_y
1 163.6566990605
3 73.8638320759
7 28.8367075220
18 15.8909883133
40 12.8090818703
74 11.4817091160
143 8.1593407216
300 29.6747370045
evaluations raw_y
1 60.9434517961
7 30.8421673439
34 21.9879697752
44 13.3591528371
85 13.0310066328
300 109.2867591577
evaluations raw_y
1 355.6698970876
2 123.9431478324
7 48.0889340010
11 31.2374669517
29 17.2085987016
242 11.5449101122
300 162.4972943844
evaluations raw_y
1 69.2227842028
3 13.4997139887
300 164.8754298458
evaluations raw_y
1 60.0643955185
3 30.8616691002
14 29.2493345471
26 21.0945897646
38 18.8891414808
50 16.9720494063
300 112.4576332785
evaluations raw_y
1 38.9800062928
16 29.3410743658
17 22.8262532157
64 19.0002275108
123 14.9219529457
300 552.8552946748
evaluations raw_y
1 132.8308101685
6 40.2980488371
22 21.2610110697
145 14.5184939674
266 12.3420096435
300 788.6483052976
evaluations raw_y
1 217.9234014511
2 137.7887298918
4 61.8550119002
11 36.9612928829
19 30.3924853443
78 18.7057775961
82 18.1735094698
300 180.5137244887
evaluations raw_y
1 180.5101434226
2 73.1599576823
4 14.5790523071
55 13.0627294348
300 152.5781927021
evaluations raw_y
1 159.9891143607
3 114.7907636975
10 67.0489115800
17 58.3166614512
29 19.8002961257
245 18.0818779938
296 12.4168115004
300 139.0283834204
evaluations raw_y
1 154.4728189864
3 149.4006121123
6 95.6318372254
7 84.0932356807
12 61.6984573568
15 56.4262195199
20 35.2441171401
68 32.5058473652
96 26.8222495445
98 14.5015906795
300 256.6635772863
evaluations raw_y
1 102.7949801300
2 37.6337635101
3 33.6532981664
4 23.4003905560
32 15.2781391827
300 27.0993976814
evaluations raw_y
1 75.8506573585
2 30.8160298363
26 29.3237132027
39 20.5994211902
46 17.1004180952
91 13.8622795210
300 56.5352815897
evaluations raw_y
1 234.2235196518
2 73.6888748872
4 60.4515780518
5 40.2398659039
10 35.7714659020
16 25.6586410444
19 23.5493078284
26 23.3351089164
43 22.6543966758
51 20.7917938275
95 19.9004717346
137 17.2204727252
264 6.8795581218
300 222.0483702004
evaluations raw_y
1 250.5493284770
2 115.3017581860
3 58.2716775402
4 46.1337992036
7 12.3116499559
280 10.0389939287
300 75.0488635183
evaluations raw_y
1 154.3426239383
2 72.1074444856
4 27.2882699860
14 12.5601063946
300 132.3067434515
evaluations raw_y
1 341.1747823708
2 159.9786383972
3 130.2238710867
4 43.3603122606
14 42.1049453003
17 40.9764371739
22 33.2997815015
34 29.9252546244
41 29.3227998359
45 22.3894847830
53 18.7860919166
83 14.8413310172
96 12.5793787349
210 11.8914343786
300 63.5446576745
evaluations raw_y
1 222.0202355095
2 186.4428802341
3 18.5100734284
41 16.6568703685
213 12.4550146594
292 10.3493712212
300 99.7397753565
evaluations raw_y
1 144.6449561578
2 33.4206079304
4 22.4204357415
8 16.3353015006
145 15.7993397700
150 12.9272135499
156 12.3426504097
215 12.3065747992
300 101.0073344471
evaluations raw_y
1 324.5998049678
3 85.5428228538
6 36.5337111650
21 31.0036202077
43 27.8372801850
56 11.4822863902
300 72.3023232840
evaluations raw_y
1 202.8479864352
2 71.6124186489
3 22.3585291514
10 16.0301263221
40 15.1724584737
107 10.7539015652
300 44.3112125951
evaluations raw_y
1 215.3785913009
2 126.4802837815
3 18.3454633464
83 13.1767183164
300 254.2643820599
evaluations raw_y
1 92.1961835315
2 74.0264009196
3 38.7264772593
10 30.7351083239
12 21.7482250533
62 19.6941426995
77 17.0551469430
80 11.1336223961
300 135.0394303230
evaluations raw_y
1 64.4242313989
4 40.4881233411
32 31.4813567303
42 21.2582175945
58 17.1091559116
80 13.5576417397
169 11.6653677367
300 87.8538280673
evaluations raw_y
1 397.8818803980
2 50.7950399510
5 39.8606450529
22 25.7415075237
26 17.5561276422
256 13.8276581966
300 56.2346705090
evaluations raw_y
1 60.9578691151
4 45.2963343228
8 24.2427163047
25 19.1669447643
188 14.5552822728
300 128.1328871070
evaluations raw_y
1 245.5504391651
3 189.9331789646
4 24.4774020896
17 18.7897494341
23 13.8031743831
71 12.1685670815
242 7.8895014267
300 286.9555981500
evaluations raw_y
1 48.3932650703
5 45.6594330555
11 44.0203587992
17 31.5080604574
23 26.1296921404
30 18.7497556500
122 14.8422560775
124 13.0883216466
300 38.2552185903
evaluations raw_y
1 91.3446469050
2 63.1370139658
6 31.5309248412
7 30.5877923324
12 24.5364785642
16 22.6434131978
26 14.5538193155
80 9.1646704167
300 178.6876140217
evaluations raw_y
1 236.4815938195
2 189.6322039699
3 165.6234526326
4 35.6419343190
6 33.8284385254
17 28.2827705010
36 27.1530439027
45 20.9382717565
87 17.9896512685
162 14.7493571761
191 13.3285409263
300 146.7192972343
evaluations raw_y
1 32.2856552876
6 19.3294175633
24 13.8380782198
39 9.2770277169
300 218.4948340009
evaluations raw_y
1 70.8886736819
2 27.6352956682
12 24.0554763959
51 17.0920001952
210 16.9603463964
300 50.3929098384
evaluations raw_y
1 89.4028891049
4 43.5886971441
8 43.1745962418
15 35.9791973496
17 18.2201497447
32 17.8317538622
158 16.3786226865
163 15.1436215078
206 13.6067840295
300 454.4358559577
evaluations raw_y
1 162.3739016940
2 47.2335787097
3 35.0891805550
7 21.0309261414
23 20.3316784858
85 11.9464037175
116 10.5784257820
300 130.8786546951
evaluations raw_y
1 43.5681928287
5 36.3504383908
17 31.3898219309
29 29.8805853165
52 17.7388198810
90 16.2394246214
143 8.4983483325
300 150.2244183327
evaluations raw_y
1 172.9543440592
2 66.8112645344
5 14.6551190329
232 13.0205187365
300 80.0163104341
evaluations raw_y
1 25.7401673450
8 15.6133702288
55 13.7906206158
166 11.9181703205
300 245.0626855362
evaluations raw_y
1 214.7619479489
2 167.2858521644
3 19.3670663447
37 15.4834356086
233 13.3178838643
300 137.8380322400
evaluations raw_y
1 112.4723613614
3 59.1940644649
7 28.8869335044
17 17.6558091966
297 17.4357402454
300 200.2286310227
evaluations raw_y
1 183.7836189279
2 75.7478698960
5 69.5171083980
14 58.8204955331
15 15.6006711690
197 8.5186860855
300 115.3728679439
evaluations raw_y
1 34.0251634971
18 21.2905160277
87 19.2054749352
100 14.4227585590
300 102.8572351589
evaluations raw_y
1 136.8482970992
7 43.3877954214
12 10.5262767104
116 9.5871598431
154 9.5644370972
262 8.4893234187
300 133.7371840392
evaluations raw_y
1 179.4661306783
2 93.2366303678
3 39.8560183995
6 26.5384093018
17 26.2376074880
56 24.5653550673
61 13.2960647329
88 9.8784413324
300 53.2907628563
evaluations raw_y
1 24.1433943193
44 10.1285363497
300 78.6634269615
evaluations raw_y
1 90.6659149161
2 87.7713149654
9 27.5344071938
11 25.8174675611
74 14.5732941097
300 55.8342632263
evaluations raw_y
1 167.7576179597
3 150.1894701381
5 56.9329071755
12 36.8583717877
33 31.6527885048
38 20.7670547323
43 7.7299398644
300 71.1784693797
evaluations raw_y
1 283.9910521284
2 254.1387236487
4 149.8308750486
5 39.8441315160
11 32.2407794950
62 31.3360744574
74 24.8682750841
143 23.1872922153
161 16.8923782126
261 13.8987618466
300 43.6524539690
evaluations raw_y
1 146.5980092144
4 90.0193341711
6 79.3606300606
11 61.2142413780
12 23.8420653587
21 22.4993053566
29 9.6933462244
300 56.1781165967
evaluations raw_y
1 42.9222341936
4 31.8211930273
31 28.7348535577
36 13.4259935646
300 34.1233584139
evaluations raw_y
1 52.1708290814
3 26.7341892557
12 23.9267389756
99 15.9867062791
200 13.0517343439
300 36.3011225424
evaluations raw_y
1 176.6044920000
3 168.5259715241
4 46.6546591255
11 46.2941007099
12 31.6372329888
23 27.9576543125
62 11.2896795005
300 239.7511117580
evaluations raw_y
1 76.1590311094
4 74.1694839992
10 48.5638526664
11 10.5143536324
78 8.5076115148
175 6.5549927351
300 49.4486685714
evaluations raw_y
1 68.4526667963
2 45.9940420124
8 25.8244357947
17 15.3521855996
89 9.9997381334
300 32.2223195776
evaluations raw_y
1 498.4522278686
2 39.1969639814
3 38.9170966912
8 19.2606633208
65 14.4678210209
66 10.0029303988
300 11.6922912809
evaluations raw_y
1 275.5530376838
2 76.8307958247
3 54.4606150775
6 46.3486166822
11 33.6610438177
15 14.8861101497
40 11.6974463987
100 9.8385237821
300 77.1989201524
evaluations raw_y
1 205.1922958050
2 81.1489069726
4 62.8299576309
10 21.2230514776
48 20.0122318709
63 16.0521458566
153 13.7388747796
160 8.3239239345
300 95.6924589132
