evaluations raw_y
1 23174708.5763272457
2 6685776.5970951999
4 2457919.1829050668
7 326540.3585737348
17 164331.4453670865
29 120722.7346852773
38 43771.3310579023
56 20257.5516286538
144 15336.6124739346
150 115124.6920715935
evaluations raw_y
1 23174708.5763272457
2 6685776.5970951999
4 2457919.1829050668
7 326540.3585737348
17 164331.4453670865
29 120722.7346852773
38 43771.3310579023
56 20257.5516286538
144 15336.6124739346
150 115124.6920715935
evaluations raw_y
1 23174708.5763272457
2 6685776.5970951999
4 2457919.1829050668
7 326540.3585737348
17 164331.4453670865
29 120722.7346852773
38 43771.3310579023
56 20257.5516286538
144 15336.6124739346
150 115124.6920715935
evaluations raw_y
1 23174708.5763272457
2 6685776.5970951999
4 2457919.1829050668
7 326540.3585737348
17 164331.4453670865
29 120722.7346852773
38 43771.3310579023
56 20257.5516286538
144 15336.6124739346
150 115124.6920715935
evaluations raw_y
1 23174708.5763272457
2 6685776.5970951999
4 2457919.1829050668
7 326540.3585737348
17 164331.4453670865
29 120722.7346852773
38 43771.3310579023
56 20257.5516286538
144 15336.6124739346
150 115124.6920715935
evaluations raw_y
1 20357357.8514282331
2 9475582.4695359096
3 4983643.6426414382
8 3720091.1477626329
11 789116.5894904899
12 110488.8000663173
27 71965.4374738177
28 10621.0606721830
41 7397.4526553874
57 3040.8811665447
113 2165.8736993691
150 147308.0006276852
evaluations raw_y
1 20357357.8514282331
2 9475582.4695359096
3 4983643.6426414382
8 3720091.1477626329
11 789116.5894904899
12 110488.8000663173
27 71965.4374738177
28 10621.0606721830
41 7397.4526553874
57 3040.8811665447
113 2165.8736993691
150 147308.0006276852
evaluations raw_y
1 20357357.8514282331
2 9475582.4695359096
3 4983643.6426414382
8 3720091.1477626329
11 789116.5894904899
12 110488.8000663173
27 71965.4374738177
28 10621.0606721830
41 7397.4526553874
57 3040.8811665447
113 2165.8736993691
150 147308.0006276852
evaluations raw_y
1 20357357.8514282331
2 9475582.4695359096
3 4983643.6426414382
8 3720091.1477626329
11 789116.5894904899
12 110488.8000663173
27 71965.4374738177
28 10621.0606721830
41 7397.4526553874
57 3040.8811665447
113 2165.8736993691
150 147308.0006276852
evaluations raw_y
1 20357357.8514282331
2 9475582.4695359096
3 4983643.6426414382
8 3720091.1477626329
11 789116.5894904899
12 110488.8000663173
27 71965.4374738177
28 10621.0606721830
41 7397.4526553874
57 3040.8811665447
113 2165.8736993691
150 147308.0006276852
evaluations raw_y
1 9189891.8493248317
4 4336220.6476836838
5 909194.9754417347
8 576344.6602068789
11 70029.8778208956
18 29264.5022335350
94 28289.1505369360
106 24720.2312414736
107 19827.8285241405
130 17626.8027737351
138 12660.3603688683
143 5054.3667128982
150 33521.6711860058
evaluations raw_y
1 9189891.8493248317
4 4336220.6476836838
5 909194.9754417347
8 576344.6602068789
11 70029.8778208956
18 29264.5022335350
94 28289.1505369360
106 24720.2312414736
107 19827.8285241405
130 17626.8027737351
138 12660.3603688683
143 5054.3667128982
150 33521.6711860058
evaluations raw_y
1 9189891.8493248317
4 4336220.6476836838
5 909194.9754417347
8 576344.6602068789
11 70029.8778208956
18 29264.5022335350
94 28289.1505369360
106 24720.2312414736
107 19827.8285241405
130 17626.8027737351
138 12660.3603688683
143 5054.3667128982
150 33521.6711860058
evaluations raw_y
1 9189891.8493248317
4 4336220.6476836838
5 909194.9754417347
8 576344.6602068789
11 70029.8778208956
18 29264.5022335350
94 28289.1505369360
106 24720.2312414736
107 19827.8285241405
130 17626.8027737351
138 12660.3603688683
143 5054.3667128982
150 33521.6711860058
evaluations raw_y
1 9189891.8493248317
4 4336220.6476836838
5 909194.9754417347
8 576344.6602068789
11 70029.8778208956
18 29264.5022335350
94 28289.1505369360
106 24720.2312414736
107 19827.8285241405
130 17626.8027737351
138 12660.3603688683
143 5054.3667128982
150 33521.6711860058
evaluations raw_y
1 461792.5745210391
16 99294.0847972595
28 66737.7057934019
59 50229.0452599380
60 21222.7815351560
89 15702.4181952067
98 9076.2575258547
126 9075.2678915748
141 2896.6977031013
144 2857.4821354020
150 138963.7901865020
evaluations raw_y
1 461792.5745210391
16 99294.0847972595
28 66737.7057934019
59 50229.0452599380
60 21222.7815351560
89 15702.4181952067
98 9076.2575258547
126 9075.2678915748
141 2896.6977031013
144 2857.4821354020
150 138963.7901865020
evaluations raw_y
1 461792.5745210391
16 99294.0847972595
28 66737.7057934019
59 50229.0452599380
60 21222.7815351560
89 15702.4181952067
98 9076.2575258547
126 9075.2678915748
141 2896.6977031013
144 2857.4821354020
150 138963.7901865020
evaluations raw_y
1 461792.5745210391
16 99294.0847972595
28 66737.7057934019
59 50229.0452599380
60 21222.7815351560
89 15702.4181952067
98 9076.2575258547
126 9075.2678915748
141 2896.6977031013
144 2857.4821354020
150 138963.7901865020
evaluations raw_y
1 461792.5745210391
16 99294.0847972595
28 66737.7057934019
59 50229.0452599380
60 21222.7815351560
89 15702.4181952067
98 9076.2575258547
126 9075.2678915748
141 2896.6977031013
144 2857.4821354020
150 138963.7901865020
evaluations raw_y
1 22624043.7312214859
2 4146525.2719505494
3 681483.7557033508
5 558144.1785233276
20 186117.9434987360
27 164470.8542944388
28 122018.0622837120
41 48435.4703013352
49 13724.4984232968
60 7264.7227441710
118 5591.3742699176
119 2019.4631267230
150 41003.3120939835
evaluations raw_y
1 22624043.7312214859
2 4146525.2719505494
3 681483.7557033508
5 558144.1785233276
20 186117.9434987360
27 164470.8542944388
28 122018.0622837120
41 48435.4703013352
49 13724.4984232968
60 7264.7227441710
118 5591.3742699176
119 2019.4631267230
150 41003.3120939835
evaluations raw_y
1 22624043.7312214859
2 4146525.2719505494
3 681483.7557033508
5 558144.1785233276
20 186117.9434987360
27 164470.8542944388
28 122018.0622837120
41 48435.4703013352
49 13724.4984232968
60 7264.7227441710
118 5591.3742699176
119 2019.4631267230
150 41003.3120939835
evaluations raw_y
1 22624043.7312214859
2 4146525.2719505494
3 681483.7557033508
5 558144.1785233276
20 186117.9434987360
27 164470.8542944388
28 122018.0622837120
41 48435.4703013352
49 13724.4984232968
60 7264.7227441710
118 5591.3742699176
119 2019.4631267230
150 41003.3120939835
evaluations raw_y
1 22624043.7312214859
2 4146525.2719505494
3 681483.7557033508
5 558144.1785233276
20 186117.9434987360
27 164470.8542944388
28 122018.0622837120
41 48435.4703013352
49 13724.4984232968
60 7264.7227441710
118 5591.3742699176
119 2019.4631267230
150 41003.3120939835
evaluations raw_y
1 50430932.5044893473
2 18736251.5607712790
4 1339718.2595340295
16 283898.3729744152
28 208922.1371692859
34 98824.5916804199
37 39783.4584858733
38 37632.3068001301
42 28106.3842092244
81 8820.7617812452
91 4781.1038636761
100 1098.7527035858
150 4397.1580180443
evaluations raw_y
1 50430932.5044893473
2 18736251.5607712790
4 1339718.2595340295
16 283898.3729744152
28 208922.1371692859
34 98824.5916804199
37 39783.4584858733
38 37632.3068001301
42 28106.3842092244
81 8820.7617812452
91 4781.1038636761
100 1098.7527035858
150 4397.1580180443
evaluations raw_y
1 50430932.5044893473
2 18736251.5607712790
4 1339718.2595340295
16 283898.3729744152
28 208922.1371692859
34 98824.5916804199
37 39783.4584858733
38 37632.3068001301
42 28106.3842092244
81 8820.7617812452
91 4781.1038636761
100 1098.7527035858
150 4397.1580180443
evaluations raw_y
1 50430932.5044893473
2 18736251.5607712790
4 1339718.2595340295
16 283898.3729744152
28 208922.1371692859
34 98824.5916804199
37 39783.4584858733
38 37632.3068001301
42 28106.3842092244
81 8820.7617812452
91 4781.1038636761
100 1098.7527035858
150 4397.1580180443
evaluations raw_y
1 50430932.5044893473
2 18736251.5607712790
4 1339718.2595340295
16 283898.3729744152
28 208922.1371692859
34 98824.5916804199
37 39783.4584858733
38 37632.3068001301
42 28106.3842092244
81 8820.7617812452
91 4781.1038636761
100 1098.7527035858
150 4397.1580180443
evaluations raw_y
1 6082698.0732554244
3 653725.3853363224
4 231555.6857209187
14 116450.8311676019
32 56897.7680811356
40 14497.5795463566
118 3283.1994673558
150 94353.0020129458
evaluations raw_y
1 6082698.0732554244
3 653725.3853363224
4 231555.6857209187
14 116450.8311676019
32 56897.7680811356
40 14497.5795463566
118 3283.1994673558
150 94353.0020129458
evaluations raw_y
1 6082698.0732554244
3 653725.3853363224
4 231555.6857209187
14 116450.8311676019
32 56897.7680811356
40 14497.5795463566
118 3283.1994673558
150 94353.0020129458
evaluations raw_y
1 6082698.0732554244
3 653725.3853363224
4 231555.6857209187
14 116450.8311676019
32 56897.7680811356
40 14497.5795463566
118 3283.1994673558
150 94353.0020129458
evaluations raw_y
1 6082698.0732554244
3 653725.3853363224
4 231555.6857209187
14 116450.8311676019
32 56897.7680811356
40 14497.5795463566
118 3283.1994673558
150 94353.0020129458
evaluations raw_y
1 30691146.2386418507
2 321925.8595820576
32 29248.5080171964
34 18955.0240414592
134 10850.4696744572
137 5567.3146912654
150 231380.1421001634
evaluations raw_y
1 30691146.2386418507
2 321925.8595820576
32 29248.5080171964
34 18955.0240414592
134 10850.4696744572
137 5567.3146912654
150 231380.1421001634
evaluations raw_y
1 30691146.2386418507
2 321925.8595820576
32 29248.5080171964
34 18955.0240414592
134 10850.4696744572
137 5567.3146912654
150 231380.1421001634
evaluations raw_y
1 30691146.2386418507
2 321925.8595820576
32 29248.5080171964
34 18955.0240414592
134 10850.4696744572
137 5567.3146912654
150 231380.1421001634
evaluations raw_y
1 30691146.2386418507
2 321925.8595820576
32 29248.5080171964
34 18955.0240414592
134 10850.4696744572
137 5567.3146912654
150 231380.1421001634
evaluations raw_y
1 21042.5041969346
113 17126.3037687210
117 8698.4770838540
150 170657.6481850488
evaluations raw_y
1 21042.5041969346
113 17126.3037687210
117 8698.4770838540
150 170657.6481850488
evaluations raw_y
1 21042.5041969346
113 17126.3037687210
117 8698.4770838540
150 170657.6481850488
evaluations raw_y
1 21042.5041969346
113 17126.3037687210
117 8698.4770838540
150 170657.6481850488
evaluations raw_y
1 21042.5041969346
113 17126.3037687210
117 8698.4770838540
150 170657.6481850488
evaluations raw_y
1 6756364.2782980055
2 2328581.6970907394
6 518100.3063454170
13 339856.9120820739
31 173717.8000738290
33 130947.3428349678
48 110048.1758867108
60 44834.8183115544
63 40841.2802908353
67 3406.2487124984
150 75689.6206357632
evaluations raw_y
1 6756364.2782980055
2 2328581.6970907394
6 518100.3063454170
13 339856.9120820739
31 173717.8000738290
33 130947.3428349678
48 110048.1758867108
60 44834.8183115544
63 40841.2802908353
67 3406.2487124984
150 75689.6206357632
evaluations raw_y
1 6756364.2782980055
2 2328581.6970907394
6 518100.3063454170
13 339856.9120820739
31 173717.8000738290
33 130947.3428349678
48 110048.1758867108
60 44834.8183115544
63 40841.2802908353
67 3406.2487124984
150 75689.6206357632
evaluations raw_y
1 6756364.2782980055
2 2328581.6970907394
6 518100.3063454170
13 339856.9120820739
31 173717.8000738290
33 130947.3428349678
48 110048.1758867108
60 44834.8183115544
63 40841.2802908353
67 3406.2487124984
150 75689.6206357632
evaluations raw_y
1 6756364.2782980055
2 2328581.6970907394
6 518100.3063454170
13 339856.9120820739
31 173717.8000738290
33 130947.3428349678
48 110048.1758867108
60 44834.8183115544
63 40841.2802908353
67 3406.2487124984
150 75689.6206357632
evaluations raw_y
1 60341.3018721605
44 40959.8420045631
63 9309.5234822116
138 3001.1602380980
150 190160.7305661865
evaluations raw_y
1 60341.3018721605
44 40959.8420045631
63 9309.5234822116
138 3001.1602380980
150 190160.7305661865
evaluations raw_y
1 60341.3018721605
44 40959.8420045631
63 9309.5234822116
138 3001.1602380980
150 190160.7305661865
evaluations raw_y
1 60341.3018721605
44 40959.8420045631
63 9309.5234822116
138 3001.1602380980
150 190160.7305661865
evaluations raw_y
1 60341.3018721605
44 40959.8420045631
63 9309.5234822116
138 3001.1602380980
150 190160.7305661865
evaluations raw_y
1 2643974.0160875428
4 207506.0279439222
14 71352.1311036391
36 70215.8354200869
37 43104.5518026689
47 7402.9663163388
65 3615.9329699354
75 3110.5939972354
150 526513.5834755400
evaluations raw_y
1 2643974.0160875428
4 207506.0279439222
14 71352.1311036391
36 70215.8354200869
37 43104.5518026689
47 7402.9663163388
65 3615.9329699354
75 3110.5939972354
150 526513.5834755400
evaluations raw_y
1 2643974.0160875428
4 207506.0279439222
14 71352.1311036391
36 70215.8354200869
37 43104.5518026689
47 7402.9663163388
65 3615.9329699354
75 3110.5939972354
150 526513.5834755400
evaluations raw_y
1 2643974.0160875428
4 207506.0279439222
14 71352.1311036391
36 70215.8354200869
37 43104.5518026689
47 7402.9663163388
65 3615.9329699354
75 3110.5939972354
150 526513.5834755400
evaluations raw_y
1 2643974.0160875428
4 207506.0279439222
14 71352.1311036391
36 70215.8354200869
37 43104.5518026689
47 7402.9663163388
65 3615.9329699354
75 3110.5939972354
150 526513.5834755400
evaluations raw_y
1 6700085.8358430928
3 507571.8294435172
13 469281.4531573163
14 313641.7562890496
28 107856.6935263839
37 62360.2300468082
68 33354.4774116592
78 21668.8103138474
115 19302.3930132056
127 14347.7402798886
133 8023.4858520276
138 5866.6992162400
140 2167.7236085710
150 462294.3334886995
evaluations raw_y
1 6700085.8358430928
3 507571.8294435172
13 469281.4531573163
14 313641.7562890496
28 107856.6935263839
37 62360.2300468082
68 33354.4774116592
78 21668.8103138474
115 19302.3930132056
127 14347.7402798886
133 8023.4858520276
138 5866.6992162400
140 2167.7236085710
150 462294.3334886995
evaluations raw_y
1 6700085.8358430928
3 507571.8294435172
13 469281.4531573163
14 313641.7562890496
28 107856.6935263839
37 62360.2300468082
68 33354.4774116592
78 21668.8103138474
115 19302.3930132056
127 14347.7402798886
133 8023.4858520276
138 5866.6992162400
140 2167.7236085710
150 462294.3334886995
evaluations raw_y
1 6700085.8358430928
3 507571.8294435172
13 469281.4531573163
14 313641.7562890496
28 107856.6935263839
37 62360.2300468082
68 33354.4774116592
78 21668.8103138474
115 19302.3930132056
127 14347.7402798886
133 8023.4858520276
138 5866.6992162400
140 2167.7236085710
150 462294.3334886995
evaluations raw_y
1 6700085.8358430928
3 507571.8294435172
13 469281.4531573163
14 313641.7562890496
28 107856.6935263839
37 62360.2300468082
68 33354.4774116592
78 21668.8103138474
115 19302.3930132056
127 14347.7402798886
133 8023.4858520276
138 5866.6992162400
140 2167.7236085710
150 462294.3334886995
evaluations raw_y
1 101174.4302179145
34 33224.5520921843
59 26902.6232691138
123 26228.1898163148
127 22937.7672107151
139 7082.2400286350
150 64841.1079027616
evaluations raw_y
1 101174.4302179145
34 33224.5520921843
59 26902.6232691138
123 26228.1898163148
127 22937.7672107151
139 7082.2400286350
150 64841.1079027616
evaluations raw_y
1 101174.4302179145
34 33224.5520921843
59 26902.6232691138
123 26228.1898163148
127 22937.7672107151
139 7082.2400286350
150 64841.1079027616
evaluations raw_y
1 101174.4302179145
34 33224.5520921843
59 26902.6232691138
123 26228.1898163148
127 22937.7672107151
139 7082.2400286350
150 64841.1079027616
evaluations raw_y
1 101174.4302179145
34 33224.5520921843
59 26902.6232691138
123 26228.1898163148
127 22937.7672107151
139 7082.2400286350
150 64841.1079027616
