evaluations raw_y
1 176297.2254331395
2 100873.4936925718
4 21064.8348944717
31 10140.9018210606
42 7241.4692317181
60 6767.7512723222
77 5508.4567673778
84 2786.7830796947
96 1404.3521018064
102 1115.6663556120
113 713.3309674378
116 569.8474861888
123 488.3267957194
146 392.2214214833
158 354.2843398771
159 254.7847043981
166 229.1638585663
168 180.0220820505
198 166.5655113393
215 160.6547436570
223 159.4553612848
226 155.0673445005
228 154.1427954564
232 153.6662099061
238 139.9995010189
243 138.9206549467
244 129.4640730025
246 117.3267889819
248 117.1746791487
258 114.9529007745
261 94.2212180097
267 93.8910335055
299 98.8208643387
evaluations raw_y
1 176297.2254331395
2 100873.4936925718
4 21064.8348944717
55 20460.3500947520
56 8642.0975425403
90 6174.7687581830
91 2907.6198855048
102 2140.2840603324
111 881.2601751342
117 818.9251299450
145 445.4833580724
150 432.6703287207
152 382.7860936297
153 339.3802142209
160 295.4738786474
161 227.0920323017
180 125.3755066574
193 111.0757184197
224 105.3704150120
239 101.6226520108
246 100.5010930514
272 97.4584752854
278 95.4763504721
283 94.3001930343
285 93.8356261968
288 92.0306677922
299 92.4311658461
evaluations raw_y
1 176297.2254331395
2 100873.4936925718
4 21064.8348944717
41 10728.8398846938
62 6401.9955294367
68 4835.1416535253
92 3322.6893339082
97 3063.5533498671
99 1919.3377661928
102 1304.1805291617
103 463.2233238228
122 282.2957254855
127 249.9999759924
145 237.4389658687
155 120.4257420068
159 99.9298799965
171 88.4741868835
175 78.5951215528
204 76.8370898251
209 74.9392241930
231 72.6483315544
234 71.6875264809
238 70.4380327491
243 69.7615701421
263 69.0470814323
272 68.9760537583
273 68.0391076385
276 67.8515379449
299 68.0126765874
evaluations raw_y
1 176297.2254331395
2 100873.4936925718
4 21064.8348944717
31 12556.9516969737
54 6246.2403608145
84 3214.3957611528
92 2074.8932335328
99 1412.3192141668
110 722.3598769600
112 628.0294143847
115 431.3343007968
116 374.4848726352
129 137.1973774291
166 129.1968354312
168 85.1748104777
180 78.6335823998
182 67.3020790012
187 66.6222284889
189 60.0010143157
196 53.6545607186
197 46.0052707398
210 44.4151612415
215 36.0695663890
229 35.4007601519
233 34.8480551611
236 34.0327946927
243 31.0159919671
246 28.8601033453
247 28.5480454210
249 27.0137487491
251 21.8801669356
256 16.3016531193
294 15.3410579494
299 16.4785382511
evaluations raw_y
1 176297.2254331395
2 100873.4936925718
4 21064.8348944717
31 15940.8000121569
71 15542.2059691651
75 15273.2048029240
82 15023.8520934963
87 14750.2792233813
88 13067.7901258573
90 12240.4197998927
98 8075.8727345863
104 2752.8205977073
110 2446.8159780951
117 2158.6841896502
118 1436.5691702346
125 1060.2320575248
148 959.6795575647
149 138.3918563546
159 83.7230506309
162 67.9838263082
191 29.2618593056
221 27.5492954548
229 23.9845007790
234 17.9731125032
236 16.4207161024
244 15.9758085024
255 11.9363040787
277 10.4802534780
284 9.5094640109
291 9.0955336747
299 10.1664598390
evaluations raw_y
1 284152.2462942034
2 201664.2966167813
3 145852.1025900592
8 116533.2781874482
12 101979.4513435784
15 100132.5376487486
17 76945.3610315089
18 71807.7443824160
21 71178.1031022699
23 17835.8152202552
31 6756.9941109379
51 6434.4680236282
69 3935.4751028532
83 3663.0228403998
88 3363.3277281438
94 2637.6163859240
97 1673.6284283500
111 1263.2631944674
120 925.4157756936
121 647.5764091947
128 629.2633282335
133 587.9094718638
136 367.1164277667
139 240.8050592804
180 166.5020201000
184 164.6907722651
192 145.9248252816
197 126.7872546122
224 114.5759669325
233 111.0918643453
234 109.6532466719
236 108.3583743895
241 97.5529630521
250 95.8131004083
267 92.4494259050
270 90.9522487786
278 90.8611726109
279 89.1674625351
287 86.3403947782
299 89.2080997900
evaluations raw_y
1 284152.2462942034
2 201664.2966167813
3 145852.1025900592
8 116533.2781874482
12 101979.4513435784
15 100132.5376487486
17 76945.3610315089
18 71807.7443824160
21 71178.1031022699
23 17835.8152202552
31 13650.2145059864
38 10496.1467268762
39 2929.6281845403
77 2717.6317383710
94 1467.7249234178
102 1422.1490882875
106 1387.2268020375
111 528.5467432722
127 471.1763536168
128 301.0224487576
129 177.2134610538
146 123.0688612450
150 99.7564607007
178 92.3398713635
184 84.8428793141
185 83.5756343399
190 65.9319950045
194 57.8425576547
201 55.1120925035
202 52.8952761286
210 42.2002235533
217 39.9433626735
220 33.0864358826
221 16.8833212504
243 16.8448409910
262 12.1297393750
280 9.8253558194
281 8.6934172516
285 8.6593012875
288 8.5863083344
293 7.9898815939
299 16.7099643116
evaluations raw_y
1 284152.2462942034
2 201664.2966167813
3 145852.1025900592
8 116533.2781874482
12 101979.4513435784
15 100132.5376487486
17 76945.3610315089
18 71807.7443824160
21 71178.1031022699
23 17835.8152202552
35 9780.2161826742
79 8177.8948175831
80 7977.5580994708
82 5359.8924905615
85 4827.4885557025
88 3498.7432528836
90 1353.5447067239
96 1009.6053045751
108 788.9593722410
143 442.3143897289
144 401.0975872734
147 198.4018725327
159 100.2537129889
201 96.1104247556
208 94.2625441062
214 86.0037583804
226 85.7124237062
250 85.0126725166
254 83.2190894308
257 81.0575116495
262 80.0678927448
263 77.8996492058
267 76.8340478776
281 76.3148886710
284 75.1655837146
289 75.1347664590
291 74.7783109197
299 77.3055607139
evaluations raw_y
1 284152.2462942034
2 201664.2966167813
3 145852.1025900592
8 116533.2781874482
12 101979.4513435784
15 100132.5376487486
17 76945.3610315089
18 71807.7443824160
21 71178.1031022699
23 17835.8152202552
62 12629.3017010641
67 4374.1577667417
90 2641.7649168870
98 2058.7219215431
110 1742.3637889992
111 1028.8010997923
114 401.2631583148
137 350.8125985928
172 330.1413767884
176 307.3645576901
182 295.2745278337
198 284.7183960719
202 279.5964730819
203 266.9943434062
208 257.8694355478
213 257.5704724720
215 241.5950433565
217 218.9112188713
220 214.5080025790
221 187.8844566556
230 171.4010120557
236 156.3285969597
246 142.7601984258
255 138.7714845222
261 124.2477269729
262 121.2136000741
264 91.0495364796
267 81.0044523830
270 41.9536986900
271 31.8903126221
286 26.5077509619
299 48.3065563079
evaluations raw_y
1 284152.2462942034
2 201664.2966167813
3 145852.1025900592
8 116533.2781874482
12 101979.4513435784
15 100132.5376487486
17 76945.3610315089
18 71807.7443824160
21 71178.1031022699
23 17835.8152202552
31 5715.9585087185
56 4349.1290480506
62 3204.1378687842
75 3120.4764817749
80 2797.2661520015
88 1523.4946159186
104 1222.6486503654
109 863.3136629501
116 659.9875890450
118 370.0617845067
162 343.8803380082
169 297.5006244681
171 242.3847559317
178 215.5235703897
179 181.8191776696
189 166.7160895826
192 151.0300292735
198 136.2906001671
204 133.4198776547
227 127.3083963133
229 125.7062888291
249 122.8706383193
250 119.2451916767
259 115.1027422349
260 114.8404570389
261 109.5862127089
264 106.6264207138
270 104.8186067186
271 103.6876852408
276 98.9765811427
277 97.6522859921
291 91.3860801622
293 90.8175081101
296 87.8677060575
299 110.0274276060
evaluations raw_y
1 140967.1777228454
2 115415.5778411406
4 85909.0110285247
22 56580.1378705064
29 20995.7682362444
31 6829.2413109297
37 6091.7489008896
59 4795.0085532228
77 3268.1106268910
86 2401.0489279139
93 2163.7169801989
100 2153.5974195551
103 1270.4929250873
109 536.3378662662
114 480.3673506126
147 386.8562418189
149 317.3636353214
153 275.6299913511
154 272.6150375974
161 209.6862910661
174 204.7759545724
177 140.1228074091
188 127.4489167703
201 125.9207845655
210 116.9386836083
215 106.2941754039
216 89.0899607658
242 87.0190456405
244 86.4225667923
253 86.2860414560
254 84.9215355962
255 84.1440241827
269 82.2448505588
274 81.8309225108
284 77.2333841386
285 75.8828789233
298 74.7142526119
299 72.0961903188
evaluations raw_y
1 140967.1777228454
2 115415.5778411406
4 85909.0110285247
22 56580.1378705064
29 20995.7682362444
43 18504.6618383360
48 13644.4367261563
72 12498.4406909128
74 5760.3333370974
75 2859.0349549767
79 2010.1060172849
98 1254.8914280850
117 1179.8145615815
123 513.6972805522
138 504.1432183394
150 459.4745994113
152 388.3436942384
153 362.2620808250
167 279.2422091243
181 184.0148579793
184 168.3752853239
191 153.4721363727
192 137.0526936535
198 129.5079454243
224 117.7521256511
228 116.3908933114
229 115.5651029560
231 98.6394209782
254 92.8898477495
280 91.4612010849
283 86.8189722987
291 85.6461231942
292 83.8581217949
298 82.5443446374
299 90.5887225197
evaluations raw_y
1 140967.1777228454
2 115415.5778411406
4 85909.0110285247
22 56580.1378705064
29 20995.7682362444
43 8733.6200754302
66 7858.3335912320
82 5860.4266001138
92 5754.5814756076
93 4587.9262117479
105 3231.4090656793
122 2219.8714377881
148 2108.0536081593
149 2086.2978545821
150 1930.9226971972
151 1813.5628888914
162 1801.3363194202
165 1167.5336415594
174 966.6520899102
178 931.7235064237
180 765.3920413574
197 719.1376013756
200 713.1162983747
209 652.9630013321
213 605.7897724866
221 543.3032266451
231 538.7547998915
245 490.5784820184
247 481.6759120341
248 459.5409541791
249 457.5197907388
250 449.7184363180
264 439.8142197609
271 354.1013666314
272 349.2127617194
273 328.2917922394
277 296.0993977744
278 238.5306910941
299 244.3050530709
evaluations raw_y
1 140967.1777228454
2 115415.5778411406
4 85909.0110285247
22 56580.1378705064
29 20995.7682362444
75 11240.7970154593
90 9471.0895586049
100 5085.8918505332
108 2528.7140393615
109 1152.8228060041
110 1031.5149369648
116 968.3604489855
128 939.4023004398
140 853.1206590798
142 812.0603014058
163 466.8784703834
165 425.6721210991
168 359.9207519976
171 233.9020420597
179 164.4552471216
183 123.2982099720
194 116.0970750196
198 111.8498159863
206 67.6881614174
230 57.9716532742
246 54.3824468826
248 48.9643762895
258 47.7642989771
261 46.9472896023
262 32.4191156724
270 31.4229732597
279 26.4048415545
295 24.0010572830
296 19.1745556606
298 15.8596214431
299 19.3751900316
evaluations raw_y
1 140967.1777228454
2 115415.5778411406
4 85909.0110285247
22 56580.1378705064
29 20995.7682362444
31 2614.8002533751
58 844.2842960948
90 464.4384137343
103 343.2386307828
107 291.8210352678
113 184.9099149937
114 161.0014209743
116 117.7364197117
136 105.3712887837
137 100.3355942299
156 87.5154191718
160 71.2007895379
167 55.1082305030
181 46.2774780370
195 37.9958735420
198 31.7107421397
201 30.5480169190
208 20.5488822739
232 16.0586640543
242 13.7681682542
245 13.2654200903
249 11.5828363620
251 11.2320619289
254 10.8955734033
280 10.5918175390
283 9.5019026053
291 8.5411414565
293 8.2062148792
298 7.9360581538
299 8.8595991180
evaluations raw_y
1 144126.6393231336
2 17605.1787490372
15 12297.2644860664
83 9894.1648957966
86 3869.4839540456
91 2686.9387553684
100 2470.1620994836
110 1851.7065871107
132 1765.5626529787
134 1461.8491809327
138 1178.2210668657
146 1054.5405845847
151 540.2364175113
159 442.6508746451
165 407.6292765786
167 332.0224836995
175 183.8398481735
182 182.6784866433
206 143.9463632459
223 141.9882600886
228 114.2992530239
249 113.3326258985
254 109.4990879690
266 108.3428865679
268 105.6290058113
270 100.6534322906
280 100.1778434927
299 104.6787765909
evaluations raw_y
1 144126.6393231336
2 17605.1787490372
15 12297.2644860664
61 4708.8465318648
67 2668.6548848702
77 1492.9468266540
93 556.5961583115
133 501.0123331417
135 478.9284193970
139 473.9988507200
140 422.5465830403
141 362.7410809154
149 342.3377054240
156 282.2835435028
163 267.7846095981
164 267.3002189742
168 213.4851601189
177 174.7986311355
199 161.9850175193
215 155.7675902679
217 145.8434047722
219 136.9662630669
241 132.2327684923
251 130.0185274719
259 126.6277798660
272 125.5633791727
275 117.7200144026
280 117.5317862352
290 112.5152216391
293 109.1593363813
299 112.6146231507
evaluations raw_y
1 144126.6393231336
2 17605.1787490372
15 12297.2644860664
44 10685.8246078057
57 7972.8637434257
62 1497.3418098426
104 1341.6779623296
105 556.9769487899
111 444.7161293366
129 277.7445173570
130 219.6121808899
148 204.1979344602
163 148.8649944419
181 144.4943898198
186 116.7724402477
187 101.9336030617
193 93.0138017035
202 84.6193717212
203 84.6152651689
212 82.7906453153
219 74.7951343144
220 72.2438404718
233 69.1436606880
235 60.8155959761
237 47.0112007305
240 42.8230744290
256 37.4465809233
260 35.3893531008
274 34.4527447897
277 33.2820571613
284 32.6002533220
285 31.5889421074
291 30.7378501424
296 27.5626230490
298 25.8479921366
299 32.3912301422
evaluations raw_y
1 144126.6393231336
2 17605.1787490372
15 12297.2644860664
54 4171.4394409931
64 2856.6910541782
72 1508.8528692204
73 485.3491031313
97 134.7049808626
152 124.5689745320
153 119.4344170044
157 96.0029600776
158 92.4279842214
161 86.5220458020
163 80.4506370138
173 68.9899254899
181 60.9259996364
196 46.8902285151
208 46.1810952668
218 45.1193618244
228 43.9476150303
230 40.7500334802
231 36.6119834058
232 30.5733418893
234 28.0510320789
241 26.4707318388
249 11.3804808507
253 8.5040788775
267 8.3119441861
268 8.1416233640
271 7.7598602734
275 7.1237485799
297 6.6044315051
299 7.3201114279
evaluations raw_y
1 144126.6393231336
2 17605.1787490372
15 12297.2644860664
65 5756.0369397269
67 4953.5135147006
82 4718.1198845797
92 4691.7637408427
102 3761.6309542761
115 2844.9248547635
119 2113.7395316477
120 1997.5362876081
130 1282.4487480698
131 699.3704726553
176 555.7692186113
177 534.0673521080
178 518.4775226894
182 353.1821682722
186 251.3534427765
192 239.2793213995
193 236.0379265065
200 187.0842282917
211 181.7398572317
217 151.2213221890
248 133.0680723032
249 125.4852769411
256 120.7202178328
257 109.5455559641
279 106.8833713695
287 106.2284063075
292 98.7023417329
294 97.3059004961
297 93.5035041361
299 106.0951127902
evaluations raw_y
1 234820.3967038039
2 134492.6231089036
6 69493.7909886754
8 39318.7957289636
24 36659.3415843131
31 6199.2640113887
68 6175.5950224778
69 3744.4690699714
74 2809.3884854670
85 2278.0131469907
86 2065.2949119651
91 1365.5701169192
109 925.6381748429
118 359.9825586216
133 335.2990534445
134 247.5309669182
139 240.2987540292
143 153.4412583661
159 75.7748522720
162 65.9791376520
188 58.6872194318
193 36.4319073129
204 27.5572358802
205 21.9648649214
227 21.6806835776
229 19.6400205151
235 12.0569316303
251 10.0648804485
259 9.9790511937
277 9.5134514436
280 9.0879863972
295 8.1930155938
297 7.7967796681
299 10.5553388684
evaluations raw_y
1 234820.3967038039
2 134492.6231089036
6 69493.7909886754
8 39318.7957289636
24 36659.3415843131
31 34066.9582438019
44 16746.3259911807
46 14934.0475222093
58 14030.8517331314
60 11235.3110270457
78 7891.4250445634
84 7536.7761557941
88 6619.5906870318
99 5293.4042236011
103 5031.7903237111
104 1950.5944562572
115 1705.9469299549
126 1076.3957115227
146 928.3710778836
151 297.0690226711
156 213.5055248418
173 206.1441610740
184 129.0955240928
199 100.2376632968
201 92.6173478257
205 79.1802938077
206 57.6076392610
211 51.0556949095
212 29.6808436604
222 29.3606505888
237 27.2632311017
247 20.5313325004
254 20.4870834139
290 19.7670804777
294 17.8275289567
299 23.4571261104
evaluations raw_y
1 234820.3967038039
2 134492.6231089036
6 69493.7909886754
8 39318.7957289636
24 36659.3415843131
33 11053.6707283836
64 8696.3801082866
70 6241.1100189551
72 1928.4152484756
86 1005.1055894645
122 620.9817029974
130 470.5609337161
134 441.4784593694
135 431.4528855558
138 344.4555300092
144 340.0198076245
156 293.0447631539
158 246.3594001651
163 202.1254790561
165 154.1414251833
166 126.7857999871
168 106.6864617833
170 103.0783722519
206 77.0221464532
214 67.6159021520
226 64.7536501331
243 63.3361314632
245 53.3674685616
248 52.4887730968
250 51.3654826026
251 47.4635849884
276 46.5807433864
279 45.4308023797
283 38.8719259369
284 37.3185933776
286 32.5432879133
290 32.3455296025
294 32.1625894457
299 42.5183730107
evaluations raw_y
1 234820.3967038039
2 134492.6231089036
6 69493.7909886754
8 39318.7957289636
24 36659.3415843131
58 7779.6546156172
96 6738.8252896838
98 4610.1851164121
103 2651.6996454870
106 1735.3656646197
107 1690.7454846802
131 1199.0723748543
140 1137.3465053657
142 1004.9150514289
143 659.3532380849
152 526.8727752230
155 514.9679738332
162 360.5613627919
164 265.0157733945
169 171.4663897415
202 158.7170370470
203 149.5156796853
210 120.5752658941
214 112.5497084336
215 94.0805087860
216 63.1872507005
249 59.3583907083
270 55.2561542900
271 53.4763830096
284 53.3724903326
287 51.4507090269
298 47.1307590467
299 48.9642421337
evaluations raw_y
1 234820.3967038039
2 134492.6231089036
6 69493.7909886754
8 39318.7957289636
24 36659.3415843131
31 8858.7770439614
63 8096.9431775788
71 7761.2761966149
73 2854.9290124625
80 2410.2978897212
81 1863.7489107933
82 1804.3834342117
97 1626.6296206900
107 1626.5620170371
122 1172.1290786656
133 651.7640289721
134 589.8053645583
141 496.9268020633
143 406.4126718268
147 237.0044747853
151 204.4400426544
167 185.6785245615
170 92.5215751304
181 50.3138444188
200 47.5180690832
210 44.6398174295
218 43.4472731656
220 42.9293065088
221 39.0973488041
222 29.3784730496
253 26.6452718540
254 25.1263821958
258 25.0933592746
271 19.1655673223
282 17.3188539823
293 15.5851750624
299 12.7588800490
evaluations raw_y
1 231851.6769870413
2 113697.6780518061
4 97291.0852039175
6 63189.9978424773
17 34588.0389901290
25 18949.3527348086
66 11090.8825472582
70 9432.0517216500
76 7885.3607767183
81 3133.1504323580
122 2248.3794676468
129 2074.8285241879
135 1938.1612908983
137 1557.3573397360
139 931.4832577914
142 748.5087417038
164 692.0246766151
167 619.5234957160
168 574.8656400558
177 574.3541675158
191 450.2934094180
196 438.3724331888
198 423.3773209440
208 417.6282448873
209 416.3096244214
218 415.7103487830
221 414.4974266491
231 412.7010886378
236 400.8373588385
243 385.4440315395
245 350.8451307986
247 345.2541802009
253 340.8415896859
258 296.9121456572
277 294.7298383156
290 282.0556204842
291 270.8815094009
299 290.1396677308
evaluations raw_y
1 231851.6769870413
2 113697.6780518061
4 97291.0852039175
6 63189.9978424773
17 34588.0389901290
25 18949.3527348086
62 12846.9923284697
68 11174.9633535284
93 8708.9966163311
101 8437.5393639332
106 8158.1644670177
110 5828.6820171688
111 5824.0363031066
114 4516.6145071241
117 2815.5908133269
120 2402.4576238998
124 1730.9500153368
129 1607.7419417677
132 714.2954452738
148 464.0343050019
150 338.7938647188
168 245.7533498014
170 191.7569767859
185 137.1249102449
187 71.3004236711
209 62.3404718059
216 49.3953415917
242 45.3037404317
249 37.9934149678
253 37.5466452102
254 34.0655908123
255 33.5165646405
266 29.3323540788
267 25.5035265453
269 22.3332283922
276 20.9821219621
278 15.9656361744
279 12.9299125855
299 21.6341656349
evaluations raw_y
1 231851.6769870413
2 113697.6780518061
4 97291.0852039175
6 63189.9978424773
17 34588.0389901290
25 18949.3527348086
33 14132.6024908413
47 11784.6646863502
59 10707.8185241064
71 8801.6485878433
90 3400.1226984832
96 1101.6046991304
105 1090.9064143320
116 878.1602939750
118 360.6063219540
121 306.6752729344
124 277.7451693198
130 188.4623316354
140 186.9989239659
174 141.0039525154
177 111.5338719453
178 86.6364033945
196 71.8209259765
204 64.8440994676
217 58.0619160703
219 52.3453595454
221 49.1928060352
226 44.6162458964
227 40.2076168253
231 36.5276833983
248 33.8797037876
255 29.6789064994
257 27.7362400400
263 16.6790923619
288 13.3179021484
294 12.1346689609
297 11.1230576290
299 12.6913223446
evaluations raw_y
1 231851.6769870413
2 113697.6780518061
4 97291.0852039175
6 63189.9978424773
17 34588.0389901290
25 18949.3527348086
47 7674.4808901665
50 7162.8666286420
63 6820.3154884835
81 3611.6922954783
90 3391.6670722598
91 2562.7112254111
101 2387.7409194564
102 1698.0278365169
119 1528.9439782667
130 1234.5039440061
141 871.1226083419
144 551.0981337191
146 510.4799290087
159 472.6889430492
169 421.6425634530
171 278.1722255985
187 87.0271898945
221 85.9413732419
222 81.8876523083
246 76.7122007029
255 76.0194831408
256 73.7310360985
265 71.9478067656
275 69.6468884885
285 68.9734814821
289 67.8763843669
291 66.8508457393
293 64.8216959203
295 64.6097543109
299 67.4435630271
evaluations raw_y
1 231851.6769870413
2 113697.6780518061
4 97291.0852039175
6 63189.9978424773
17 34588.0389901290
25 18949.3527348086
51 17488.0763684492
70 16902.6919257039
77 14388.9177001529
82 13123.0345318457
89 8985.9761246195
98 4020.7726959195
110 3365.2750514879
113 3124.3778448568
131 2985.7168851958
135 1564.5744193579
140 1489.4864729250
148 1442.5883494005
149 1390.6833364049
157 1264.5938985153
161 1095.4400633042
165 1055.3637713110
192 843.8315439764
193 790.3701693643
195 762.5878471860
198 646.8739045629
207 595.9981593768
212 528.1858613082
214 463.9229780727
216 448.8921419640
253 392.2710431146
259 391.4669522426
266 380.9913468063
267 348.0346917930
269 327.4764015431
270 311.7436146037
290 267.3088626254
299 294.8788599779
evaluations raw_y
1 72866.1346537184
2 72742.3807061093
43 68084.8743700731
58 41000.1701066445
59 37609.7965792027
78 26719.9571646206
94 23298.6214857245
98 22273.6406492224
99 20587.6280157865
100 17240.7263922494
102 13271.3431944982
109 7061.1969063404
110 5503.8190910503
123 3643.0101531772
125 1956.2727790031
128 1665.8261522061
155 1402.2214560213
161 845.0152944265
170 617.6517255274
180 439.5779550818
205 397.5725349262
206 307.0308615899
211 199.9504271850
218 155.5863311709
223 154.2403429267
226 148.4462898314
229 144.4325084725
232 134.4950422923
233 87.7987582436
242 82.7552723588
251 60.5635545269
253 50.6355390542
260 37.2429906526
286 37.0640348342
293 33.2780165290
299 33.0064161578
evaluations raw_y
1 72866.1346537184
2 72742.3807061093
31 16587.3262030291
45 11358.9499074348
50 10631.8210423117
52 10030.7859647391
60 9964.0761378392
74 9722.0035058298
77 7626.6657389988
94 5852.8413669879
101 5062.2851364689
102 4579.8267373671
103 3479.9869522221
106 1904.4822873176
126 1424.8853236115
138 965.7493230244
156 846.3999910061
162 822.5414213274
170 722.0222235833
188 643.0646108351
195 592.9960010400
208 523.7189061352
211 499.9807199617
212 467.8090412949
219 431.0402736394
220 413.5441702790
225 410.0478440013
228 314.0933934811
246 296.7491789735
257 284.7549038673
262 243.5009822802
289 240.6594947087
290 236.9409010132
299 248.1119114959
evaluations raw_y
1 72866.1346537184
2 72742.3807061093
31 63347.9067939285
49 10389.6879247908
53 7974.2426183516
67 5368.9217051039
72 5189.3971891521
89 2546.5779729429
97 2422.6787211283
98 2039.7257627559
103 1281.0179344459
126 1213.8700400019
127 1117.7255074133
140 1090.8986318431
147 983.2884810348
150 819.4805412451
151 802.5895693050
165 706.3319128879
175 664.4992095719
180 594.2112555468
192 552.3022704162
207 505.6735371511
223 493.6875678257
233 479.8161136529
238 461.3505655918
253 441.7687038301
254 440.3524503564
266 437.9428613544
268 433.9936031708
271 426.2788689670
273 411.1403799792
280 409.1920880939
287 403.1494407962
295 395.5350028359
299 405.5417717683
evaluations raw_y
1 72866.1346537184
2 72742.3807061093
31 44248.6476337262
55 43203.1626115685
63 30434.7010195105
73 28789.7856089502
79 12504.6417723740
82 11147.2776671054
86 10884.7580143975
96 8368.3586815783
110 6621.0440823072
115 5271.5511197278
118 4941.6044559331
121 4356.5840317007
122 4136.3525543403
132 3956.2166863850
143 3788.6530356037
146 3364.4937105078
166 3361.5046397032
171 3184.7977015658
172 2600.0691165953
192 2509.9192046124
194 2143.9739006864
196 1975.9340144497
200 1736.0827843775
202 1645.0053712378
216 1412.6180312173
222 1236.5999502361
223 799.0837363694
229 644.6816815602
231 602.4784860999
241 524.1537972310
242 392.0863350792
250 287.5781841004
274 274.2723819817
278 255.3901756957
286 217.7730023251
287 213.1656901757
288 210.3250625353
297 183.9312899342
298 153.8296717935
299 201.4899377316
evaluations raw_y
1 72866.1346537184
2 72742.3807061093
31 6020.6291015302
67 3412.6521656847
77 2456.5164640048
80 1594.1264231216
84 1070.6073361721
87 1000.7958382458
91 516.3171460325
111 428.1649670793
121 324.8112536531
138 282.6966496991
141 220.4047111482
143 99.7763358106
156 76.6882567188
157 64.7277016832
158 55.8380141995
164 50.5406061250
196 42.1460690732
201 23.0850009130
203 19.8133653775
218 19.6066054577
226 15.9544545498
227 13.7168072913
229 13.1203306513
254 10.1523987840
258 10.0792320002
271 9.1459260483
273 8.3181115161
280 7.5927412985
299 8.8702197114
evaluations raw_y
1 48287.5296650795
12 2637.3597944005
60 2319.8743220973
69 1380.8633225293
87 1339.0247798235
94 1116.4918006559
102 249.7855530753
105 146.3971047646
112 56.9599336289
133 52.5075213185
153 44.6434250654
179 42.1820579490
187 40.9724082055
189 32.6296936151
192 32.6175725365
198 31.5720950442
199 25.5434187414
201 23.7374169452
210 22.4642087886
216 18.3374534618
226 17.9897805654
229 15.6770045774
231 14.0498839612
233 12.8748368171
266 11.0831637844
276 10.8752704610
286 10.3895554252
289 10.2431500234
290 9.5834107677
299 10.9816047977
evaluations raw_y
1 48287.5296650795
12 2637.3597944005
108 1521.1630072672
110 589.5257578792
148 378.7000993065
160 298.5715885502
161 235.5394794059
195 167.0086377548
196 164.1316184161
199 158.1810476953
200 135.9920842482
204 127.4538715654
206 108.3326889949
208 62.7487072006
209 55.0964772886
211 48.0855447078
218 26.2145308091
219 18.0358113518
268 15.6588145767
273 13.7955299357
274 12.1283882388
277 11.9795013971
283 10.1915648711
299 14.1489173651
evaluations raw_y
1 48287.5296650795
12 2637.3597944005
109 1631.8310377242
125 1040.3459655711
137 1012.6825134482
146 612.8704907126
153 599.2619263891
159 480.0130904592
172 418.1872571769
187 363.9093006386
190 294.0646676627
203 284.2186906610
219 280.3064265883
228 269.5560746743
230 269.2498591170
234 260.1443002509
239 259.1525394192
248 244.0525160492
254 238.6273227557
282 228.7028566388
287 228.5287461615
292 225.7004881042
296 223.9030589830
298 221.8666688703
299 225.4733526302
evaluations raw_y
1 48287.5296650795
12 2637.3597944005
71 1900.2791636306
88 1803.6565448243
89 1524.0190668118
95 776.3225607929
102 764.0577802519
113 713.6897098519
151 698.1857960364
160 659.9025626164
162 629.5798068194
178 571.1981622985
187 559.2720769373
194 527.9376223375
198 506.1102617512
206 500.1122388337
210 494.6288091891
215 494.1307167298
219 479.5865045669
220 464.6173175405
221 463.1672656097
222 458.7940582124
224 426.8638117418
229 416.2891619144
236 413.6828433650
237 407.8834826718
238 390.9445097900
240 389.9977102478
251 372.9150122625
252 339.6637234615
262 330.9093173073
267 326.2349756118
268 322.3587693336
274 272.7720283701
277 250.8917212337
279 249.8175067987
287 231.6231391037
290 160.7716276736
297 66.2532359436
299 258.1218105675
evaluations raw_y
1 48287.5296650795
12 2637.3597944005
69 571.9997173088
107 512.4754196085
110 240.4956434241
121 84.8955527941
153 68.2203158409
167 56.2082785605
171 56.1501305809
172 44.0835864203
192 32.2872242245
199 31.5201475435
207 29.6384353163
214 29.0028481375
218 26.8112084229
220 25.6820383260
233 20.8224455275
234 20.6771787919
235 20.3246507677
238 15.7873277136
241 14.1472656951
246 13.4932335942
263 9.8283611086
265 6.7446039197
277 6.5376091219
278 5.4665002841
289 5.3428957092
299 10.2037280348
evaluations raw_y
1 248434.7954414257
3 93614.3576604370
11 41077.2574045683
26 24570.9153157972
31 12022.5362805984
45 8366.9441009128
52 6728.4415933424
59 6309.9568023973
74 5495.0640300305
76 2913.9077234422
83 1467.4237820264
105 1445.5601706020
118 1258.2980720379
128 685.0100581836
132 629.7566037477
135 580.3631860787
136 530.4170087289
152 459.0765397210
170 416.4769671512
181 373.0692485680
184 289.7004426444
187 288.8948027418
192 221.7696998726
198 166.7302265540
200 149.6079018544
210 89.4011878859
230 89.3164108120
235 63.8697746237
246 47.2340003933
248 24.2363668461
270 22.0716755378
277 21.4578357198
278 18.9022148182
281 18.3092936153
294 14.6491591162
299 25.5029570317
evaluations raw_y
1 248434.7954414257
3 93614.3576604370
11 41077.2574045683
26 24570.9153157972
31 17390.1092480736
46 6817.7921098423
60 6243.3321665709
81 4390.8369683567
82 3035.8433616949
99 2166.2014426647
106 2061.5429403698
120 1889.5728822945
129 1441.9081312633
131 1215.9803432365
133 1040.7993925753
134 896.0809379668
142 814.7531285340
153 631.9566253848
156 485.3577750159
161 470.9256705292
196 456.0743281007
197 454.5719714846
200 448.6577268179
214 433.5062983968
216 407.5958927102
233 403.0752743414
235 401.0147253456
236 390.1503486766
238 389.8713163183
239 385.4646004879
243 367.8501464972
252 355.4939952074
260 350.7307941932
264 347.5212415516
272 331.4874730669
281 311.0703110527
296 294.3456942282
297 291.9557310106
299 294.5883789149
evaluations raw_y
1 248434.7954414257
3 93614.3576604370
11 41077.2574045683
26 24570.9153157972
42 15120.0675778163
44 14617.2275949548
50 4843.3513749625
52 4716.4724483459
92 1323.5754605607
126 1137.2190610430
130 1056.0748038444
134 700.9233610687
142 603.4425086447
145 529.4242219153
149 488.0157848930
159 357.5682891081
164 340.3178396643
165 238.7315208550
169 148.0475791849
181 127.3370972697
207 110.6006566411
212 103.5223465389
215 93.2508431833
216 79.1133118817
235 76.8252833670
238 67.6597749638
239 61.3665747747
243 57.9964423636
251 56.0973734173
259 53.0422755822
260 51.7799674166
273 43.2705456921
289 36.2089326126
291 34.2592956572
298 32.6069427657
299 42.3793659128
evaluations raw_y
1 248434.7954414257
3 93614.3576604370
11 41077.2574045683
26 24570.9153157972
31 15028.5305430677
69 13750.4361466397
71 5952.3837243453
73 4529.4512436674
77 461.8416674149
113 290.4761089763
115 282.3184172016
125 182.3795401194
136 151.1675259845
160 118.5479723392
165 118.3227355862
170 114.8921741803
173 111.3264689165
178 97.2615471577
189 95.6540187440
192 93.7387460727
229 93.2958368277
233 92.6115419573
238 91.1763023809
244 90.5753350923
246 88.8785287171
247 88.2388017055
252 88.0747895341
257 87.4524826873
277 86.5192761605
278 85.4133877829
286 85.2623436599
291 84.9681426835
299 86.5024389379
evaluations raw_y
1 248434.7954414257
3 93614.3576604370
11 41077.2574045683
26 24570.9153157972
34 15149.6543395859
41 10040.1428638498
66 10006.3767370453
87 7637.7736826235
98 6054.2255098103
105 2333.5860546638
107 1855.3626292975
111 1519.4938476228
115 1129.2987980525
119 780.8906412562
126 772.9279588511
133 705.5092383283
154 594.2597192462
157 544.6444680163
158 473.0194604343
159 412.3089943657
167 327.1106363541
179 205.6636276792
188 183.0010784902
195 153.1902609502
197 80.3909293941
205 65.0079795502
214 61.5936182085
225 54.7543850983
227 51.9116659427
232 40.6471221273
241 30.6192476860
242 23.3298438536
274 18.7060211038
293 15.4258166983
299 15.7051904797
evaluations raw_y
1 177266.9322029108
3 60488.0750149545
25 32972.9108833748
31 18241.5377475495
38 12739.5522810847
61 4368.0493988155
64 4124.6480636827
76 2284.2266662187
91 1467.3159327582
104 798.2004220382
125 559.1881716323
126 515.0909590387
129 506.6839962663
130 370.1114939252
131 348.1127368325
148 252.0339538832
156 251.0063056385
158 222.3016861183
159 181.7754028452
171 176.5863353704
178 106.0255358808
180 78.8630579431
186 72.3788047922
200 68.8916812867
201 65.0546707335
213 37.6066739775
220 20.9067627866
239 16.6530658677
252 15.1088129220
277 14.7427125083
278 13.6678206128
280 11.2554855102
299 11.4938758600
evaluations raw_y
1 177266.9322029108
3 60488.0750149545
25 32972.9108833748
40 31668.4887404086
63 29239.1079002120
64 19334.2645626202
80 10771.7749041384
89 4321.9737457335
100 3898.7367375400
105 1987.0414193317
107 1392.7540419969
111 994.4436954998
131 978.5416272793
141 872.4558352624
146 695.6394726777
160 570.4377354752
165 519.2149014003
166 414.2033143787
173 326.4996622253
188 259.2999828802
199 213.2676307123
201 206.9810366509
211 203.7470253689
220 196.8701007476
227 189.0959517258
242 182.7632109838
246 172.7185739657
262 146.8461138848
263 141.6445617137
278 141.0479141329
298 135.8761806537
299 144.6557270507
evaluations raw_y
1 177266.9322029108
3 60488.0750149545
25 32972.9108833748
32 19485.6094993642
44 18466.7651695770
47 13019.7649653121
65 10892.2659000138
69 10515.3689851565
85 5647.3255547314
97 2780.9710956206
100 2719.2888878447
111 1448.0203153116
113 933.0188084568
128 392.5717903904
157 363.3371886592
174 315.5769379630
176 216.3298813378
177 157.8948402235
178 102.9879880230
184 100.1545943287
189 83.0476899624
197 78.7913681845
200 54.9035069328
216 53.3209747840
222 41.8698341812
228 35.6480940463
238 21.5258966374
266 14.2677373028
276 13.4499674140
282 12.4608914264
290 11.3240166768
293 10.9077240820
299 12.8788155222
evaluations raw_y
1 177266.9322029108
3 60488.0750149545
25 32972.9108833748
31 22511.3260702972
35 16857.5630111019
37 15175.0325242762
39 6740.5795265295
70 5795.0651668260
82 822.8284237992
109 727.7151586142
116 426.5259925916
131 405.7118248770
141 328.3514283839
156 316.8939886062
157 252.3778860343
172 248.5139204594
181 228.9888796339
182 225.4759973986
191 220.7001925105
194 209.2160126880
213 206.1294911302
217 197.4745249178
218 196.4934236612
219 191.4103732971
221 184.2656895047
226 173.6231017903
236 168.0899288723
244 145.1621110367
250 133.8511057305
252 125.4032869753
256 100.5598498997
261 100.4384916586
263 93.5385031848
268 81.8482027159
270 69.3156494607
284 51.4645621581
286 45.2481628212
290 35.3603254854
299 35.2978936870
evaluations raw_y
1 177266.9322029108
3 60488.0750149545
25 32972.9108833748
31 21650.0291156029
57 11918.6027056234
63 6535.7505482739
65 4670.4739144654
66 4027.8672262815
69 2385.8979095487
72 1853.4038949735
91 1361.6048764717
101 1180.4938799494
115 952.7239452784
116 890.9091595522
123 847.2909658320
130 507.8017294608
134 442.4603366248
144 270.3100912002
159 205.4449386099
169 165.0461695356
182 143.3557345734
191 107.9462002669
198 89.7910927440
200 88.1636667555
205 73.4862720472
215 67.8824675148
218 67.3231927866
221 51.0816761244
231 23.5948195828
271 20.0141735780
274 16.8294155054
283 13.7460152644
285 13.2685885050
294 13.0822434498
299 12.5008763763
evaluations raw_y
1 155447.1180317299
2 123256.4961972739
3 90010.8379960361
8 14653.9570963083
31 9353.5039448125
68 5627.8933597215
70 3181.6340810200
78 2969.0666036184
79 2092.3081914566
83 1871.7491008636
85 1858.3582725550
95 1480.8638547000
104 918.2018015698
111 650.3830459741
117 447.4178009331
145 434.3062537487
149 353.5383531725
150 270.9849724309
159 259.3424941557
172 200.1312251372
176 196.6288673255
177 163.9918824974
183 121.0769289043
187 112.0652470185
193 104.9875973692
219 101.9940772315
229 63.4326714720
242 50.9712768552
246 47.5826255710
247 42.7741362312
253 38.4156356124
262 38.2797700942
263 27.8362003871
281 23.9964753286
295 23.5392347917
297 19.2533870193
298 14.8044582181
299 22.6798273624
evaluations raw_y
1 155447.1180317299
2 123256.4961972739
3 90010.8379960361
8 14653.9570963083
45 6868.1306762979
85 5954.6167479450
90 5572.8252558648
93 4427.0520263299
95 3941.0127898700
99 3133.2460151052
103 2701.9762744250
113 1572.5659285245
128 1066.6004272256
130 680.9210114470
187 679.2827886902
200 677.7669549879
202 658.3980288348
203 619.8979432355
207 607.7343060436
208 603.2458044897
215 573.4480988337
218 564.9691212774
226 555.4657291240
227 545.7456923474
228 536.8928783284
231 533.8919650467
244 509.8547524359
248 476.4853629840
259 466.2066721154
285 460.0215929044
290 459.7555402502
294 447.5762211957
299 452.1478891455
evaluations raw_y
1 155447.1180317299
2 123256.4961972739
3 90010.8379960361
8 14653.9570963083
68 13893.0974283242
87 13855.6936308883
111 7903.5891867818
115 4696.4837143352
119 4039.4338324646
126 2923.9926858992
127 2472.6932528016
128 2149.1727383764
133 1971.8790376474
134 1954.2381913877
135 1251.8393438089
171 1233.7578660295
186 783.2675908384
194 689.1769411713
195 528.4956457198
215 510.2018997711
220 504.7886384255
229 502.7973372862
230 489.7469514434
239 479.1933973834
246 474.0895055159
248 463.4285434367
256 452.0951830885
262 430.4275984366
266 419.3788388651
284 412.7212118005
285 393.7620308723
298 390.4358180601
299 379.6874211986
evaluations raw_y
1 155447.1180317299
2 123256.4961972739
3 90010.8379960361
8 14653.9570963083
69 12645.4805707020
78 6309.9909822240
93 4584.6478546639
97 3390.8794928462
100 2800.0169023098
102 2103.5954108867
107 1197.8319295847
121 842.7942460331
131 480.2900030908
151 447.8938553630
157 405.8123732334
160 388.4786558071
168 318.0375951464
175 227.7346132005
192 205.8694277219
213 182.2463185056
215 161.2174903175
225 143.2168552819
227 134.4993659813
249 134.0614870387
253 131.6558549457
257 124.8763489539
268 118.0446023312
278 117.1453533266
280 117.1014288376
286 114.4132736225
299 117.5512871330
evaluations raw_y
1 155447.1180317299
2 123256.4961972739
3 90010.8379960361
8 14653.9570963083
31 13831.3963193973
48 10315.1581124228
69 3935.1388240113
73 3743.2043859024
78 2918.4587173791
82 2849.6242485425
85 1922.2528970712
87 1288.7192533027
108 1167.4871192170
122 870.1662338915
138 738.7289014410
145 639.3657882975
151 547.1893852000
162 535.3251599336
173 439.2019435985
185 407.7107658055
187 403.5643776119
196 376.3532963700
197 375.3707727034
206 341.4689388623
213 299.8993045966
224 277.2600278549
228 273.4033081738
229 248.9076328873
231 231.4921164268
239 231.0072529989
249 214.2966095783
250 192.4836679184
254 190.0782552765
256 182.1007784737
257 164.9298217524
262 140.2466797748
268 116.9827890815
273 112.5556636807
281 87.6240106183
282 75.6119446946
291 63.0294202710
299 77.7484216234
evaluations raw_y
1 419229.2305777552
2 188819.1477703310
3 155781.8854161127
7 67479.3019044717
19 58675.9683995285
31 52204.3165436362
36 30375.9843099248
61 23924.5044190880
62 10016.4158998276
78 4469.1927009428
91 4362.0757384505
99 3521.5419941330
103 1645.0228135310
124 1531.0137622037
127 1278.2950888748
133 1209.1627241822
151 1142.8824276602
152 766.0875367307
157 537.4870460505
161 319.8777157740
164 235.6507148187
188 166.0546303338
190 145.6488440470
222 128.7023661722
231 115.4160560072
241 108.8612285904
247 107.2117383011
249 99.1507973911
268 97.6454635767
269 94.8756667643
283 92.8763916861
286 92.1281876812
287 89.1891986740
290 88.3564202330
296 87.9644781173
299 88.0500424569
evaluations raw_y
1 419229.2305777552
2 188819.1477703310
3 155781.8854161127
7 67479.3019044717
19 58675.9683995285
31 38505.2739356880
44 19789.0136134896
49 19229.1438902444
56 12839.2174919205
58 3831.9935139114
67 3778.6088225487
71 1580.2579850735
100 1578.7449885640
101 806.2975419142
127 484.9018986063
133 394.2695580975
142 151.6867317406
173 147.0048538496
179 141.6185247853
180 119.4855864982
197 117.3123180738
220 111.8698151820
222 108.3382016341
228 107.2395647054
248 102.7377927936
259 102.0942076290
264 100.9330230472
272 99.9484958487
273 98.4824855248
274 97.9417478697
285 97.8257486082
286 97.5132433843
288 97.5022545245
295 96.3955010216
299 97.0930532335
evaluations raw_y
1 419229.2305777552
2 188819.1477703310
3 155781.8854161127
7 67479.3019044717
19 58675.9683995285
31 4654.9511784211
73 2908.1293603746
84 1695.5444398775
88 1390.6304453785
90 1104.8823855951
96 641.2158099901
116 613.2094046921
117 327.6470394569
138 302.6493395846
148 284.1705767561
159 240.5074533423
161 235.2462152193
162 226.2461269673
167 220.5777006881
176 214.3313782213
190 206.5131895238
191 176.3354440988
195 156.9711158129
197 139.6018181619
205 114.3604340246
209 85.7694761509
212 80.2107972481
217 53.6222233404
220 46.6558970665
229 40.4583281434
252 24.5607898586
263 11.6180914160
265 11.5037232623
277 10.9809150271
281 10.1427321472
299 7.9072743465
evaluations raw_y
1 419229.2305777552
2 188819.1477703310
3 155781.8854161127
7 67479.3019044717
19 58675.9683995285
31 44060.5310337733
37 36269.2266957292
44 36101.3552915868
59 13376.7455118361
66 9260.5640219178
78 3080.4678650224
81 2530.1886979677
94 1545.9087037201
105 1478.5118389218
110 1328.8670682009
122 864.8914678203
128 741.3010394522
129 654.8530814276
146 298.3417723707
165 276.3207157208
166 218.6593198360
170 214.9917698630
184 184.7260151015
185 160.2206490483
188 135.3172364765
189 125.3742698407
196 119.0102158590
204 93.1832397514
217 77.1667420371
219 69.4362373582
220 33.2785534410
231 26.5061422394
246 23.6506294448
264 18.1075247786
270 17.8251284707
279 13.9338320774
292 13.5930882377
297 12.3130579712
299 18.3102899896
evaluations raw_y
1 419229.2305777552
2 188819.1477703310
3 155781.8854161127
7 67479.3019044717
19 58675.9683995285
45 52511.0945047756
50 25770.4414220186
61 14885.0538397669
68 6377.5626911811
84 1073.4498839510
97 408.0611234430
128 407.5061167535
131 406.2202207646
134 303.6103406161
137 251.7852096644
142 237.0767619655
165 231.3939933595
168 209.9798031155
184 190.5874798110
186 172.8564858256
187 142.7277454630
194 133.9608124560
196 104.7561038236
202 79.6847122513
215 60.2903590106
221 59.3650163719
232 52.3626534010
233 49.4702139532
236 43.6657734958
257 38.6406243153
262 38.4254171789
278 37.1506400838
283 31.0290973392
284 30.8885549934
289 26.9730506763
291 24.3316604763
293 23.7607714205
294 23.1648039266
299 37.4078241862
evaluations raw_y
1 136553.9929194761
3 57649.8298122996
9 53431.6051111226
10 17822.8085650944
23 14935.7700644478
31 6560.6828810051
39 5037.9974647791
65 4821.6789200833
77 4305.0533095199
93 2296.7357695353
95 1640.2178197533
113 1441.6644433181
116 1071.4140000384
127 893.9400438080
136 888.3619095688
142 675.1677718079
148 628.9760589705
157 601.4912066657
159 469.1137275084
171 308.4265435507
178 265.7483644879
181 265.0465174663
192 225.2007419370
193 216.0859748693
201 172.9771004229
206 137.5136526829
214 135.8622431980
219 135.6748013408
222 118.3623615556
242 104.9480144890
249 77.2653303813
250 74.1557467960
256 70.7414520671
260 69.9019306836
267 56.7751523368
269 52.4007591321
277 32.7879888426
280 28.5472593197
287 27.2583858188
299 25.8245794175
evaluations raw_y
1 136553.9929194761
3 57649.8298122996
9 53431.6051111226
10 17822.8085650944
23 14935.7700644478
60 10060.9742108751
61 2933.9954872680
67 1848.3180463807
70 1767.2481946455
97 511.0371304744
100 503.3645482914
117 443.1317065256
118 117.7355439899
149 116.0957701349
156 93.9573190888
165 87.0599946121
167 78.6805162692
173 64.6973572442
177 60.5039522875
189 36.6917900315
190 22.8492730043
208 20.1813742345
218 15.5062410191
226 14.3999992240
238 11.5827676875
250 9.9764887020
254 9.8210194232
268 9.5862413963
297 9.5173653659
299 9.4905762032
evaluations raw_y
1 136553.9929194761
3 57649.8298122996
9 53431.6051111226
10 17822.8085650944
23 14935.7700644478
114 14911.2448383614
118 13897.4482417922
119 9611.5230008392
133 9095.4446459427
140 8531.1638634457
142 8025.0355565342
144 6375.1288915120
152 6283.0968464006
155 5816.3076986253
156 5612.9843164751
158 4145.7974929164
161 3178.4716111143
164 1849.0808533507
166 1731.4537757727
171 1599.5835041296
174 134.7023183100
191 102.5645734161
236 92.7990017504
237 61.6865949370
240 57.2623735487
246 49.5632638589
257 49.5065377167
266 39.6903073184
270 25.2973058398
299 21.7877629110
evaluations raw_y
1 136553.9929194761
3 57649.8298122996
9 53431.6051111226
10 17822.8085650944
23 14935.7700644478
61 9471.7039781186
74 2676.9842169693
75 2211.8654191957
80 1568.4788945738
84 1413.5555103360
97 1205.7904716279
99 1108.2812749081
123 591.7374797862
124 425.1892326733
152 376.7465130850
158 330.1249862032
160 253.8571412347
161 144.8606945013
162 135.0172578335
169 121.0278450492
171 85.3182025678
193 84.9325680815
195 69.1523694179
207 66.8845690990
225 62.6968981270
226 56.0482113421
235 51.0180096687
247 50.2611493741
248 42.1525704295
249 32.0793504260
266 31.7329305791
267 26.8581365079
272 22.4168811882
282 20.5211378014
286 19.6589414915
287 18.2921440979
291 12.5937564847
299 21.3097574561
evaluations raw_y
1 136553.9929194761
3 57649.8298122996
9 53431.6051111226
10 17822.8085650944
23 14935.7700644478
37 8203.5234037740
58 7374.3549490125
83 5018.3367675209
94 4952.7615284675
95 3670.8749238345
96 3157.4608872238
101 2336.7337613355
102 1526.3844627490
107 1160.7106542359
121 947.8522377616
123 681.2664077407
131 649.6804019063
149 485.7149442083
168 368.7399741129
171 145.7296603164
184 111.0583661382
201 105.4201954594
224 100.0869406269
228 90.1932432744
242 87.5347175422
256 87.4746517764
278 86.9429147348
282 85.8619990286
289 85.5186718805
291 84.6856706245
292 84.5755320748
293 84.5077459054
297 84.1925479731
299 85.1841729955
evaluations raw_y
1 389320.3079430726
2 127449.7774056088
3 110267.6100861559
5 57236.5871722552
25 41647.8671973069
31 6591.8349315919
79 4735.5237721739
82 4489.2730273318
84 4425.6880885884
88 3609.1637854686
93 2432.1877767181
118 1905.7601315859
121 1811.6810704399
122 1351.4053750452
124 881.1022194792
126 426.1115841136
131 341.7754325527
144 259.8612041799
149 175.0488527103
166 131.4015829449
175 130.4361067475
178 105.2673518542
187 82.9759621147
192 70.8124646281
195 49.6518065248
204 36.0169580168
208 23.0701773797
233 22.9824672867
246 22.0845412837
258 19.2922082581
271 18.2703329133
273 17.9240851041
279 17.3792517726
284 16.9181493329
293 14.6274417530
294 13.6810104072
295 13.5755971693
296 13.5601126699
299 14.6802320654
evaluations raw_y
1 389320.3079430726
2 127449.7774056088
3 110267.6100861559
5 57236.5871722552
25 41647.8671973069
59 13115.6024369336
91 7964.2619343898
94 4269.2036927244
115 4219.6332894280
123 4087.5500841582
124 3990.4395005030
140 3525.0375881090
141 2337.9094595277
152 1863.4182961289
153 1355.5950403406
158 1287.6808360754
160 1149.9591687968
168 1125.7118040202
176 721.1789228157
183 373.2507289146
194 305.8914115286
206 213.2425248332
207 185.7370998409
224 135.0820946845
228 131.8135946826
234 79.2056525517
256 76.5149576289
258 74.3852986786
261 61.5100334639
268 51.0895552122
273 33.7974527847
275 31.1175162062
289 30.6401777817
290 26.6222554776
297 22.3456638861
299 43.7777118903
evaluations raw_y
1 389320.3079430726
2 127449.7774056088
3 110267.6100861559
5 57236.5871722552
25 41647.8671973069
36 35206.2975339519
38 19070.8481202610
39 13531.5251337948
51 10454.8039940365
73 8187.3967199900
80 2238.9174319178
90 1842.4980905557
92 1159.9501782422
126 863.8940554477
130 637.2865818595
133 469.4944413495
135 388.9929689272
139 297.0041821262
146 160.9459317447
177 131.0267263752
182 119.5531781657
201 111.6050458101
206 89.5045605198
217 81.6894685489
223 75.2613525653
225 66.6926285839
233 61.9733267847
240 53.7236553117
246 50.2492443750
248 48.3254014169
251 47.0715780146
252 44.6279605992
256 36.5613257266
261 33.8177285655
275 31.8745540383
280 28.7896808505
285 25.7583624454
290 22.6185435452
295 17.3052440575
299 32.8101141722
evaluations raw_y
1 389320.3079430726
2 127449.7774056088
3 110267.6100861559
5 57236.5871722552
25 41647.8671973069
31 6031.8754337552
67 4534.9449755038
71 1915.7727997649
75 1517.6172436944
110 1387.7926414493
113 737.3811500816
117 544.2785123850
128 388.6577312205
130 366.2980457933
133 313.0340312116
135 297.9469547176
140 284.1315081997
145 280.6844859080
147 231.3743641887
151 224.2472592758
161 124.1633744142
164 115.8378299068
186 113.0378761906
188 94.8599442520
191 90.3259859118
213 76.3062631968
230 71.5100881660
235 71.3680658721
238 61.8500140955
240 56.1913148952
242 54.7139339161
249 54.2670478242
258 51.4622494927
266 51.4356262105
272 38.0706906626
277 33.0003170813
280 26.7213820216
299 20.8219290298
evaluations raw_y
1 389320.3079430726
2 127449.7774056088
3 110267.6100861559
5 57236.5871722552
25 41647.8671973069
31 24054.3710353738
32 9038.9565637988
65 6177.6150108612
72 6126.8407063961
87 2477.5593188657
88 1634.4423440782
92 708.2245958783
98 532.0832576237
121 427.2857250623
128 368.9298273053
134 330.7449226534
137 303.9134309861
140 255.1128134421
168 211.3434878793
169 197.8649914076
180 162.2522298443
197 149.1003844797
217 141.7985536658
223 135.9408054807
224 129.9086776827
230 129.4044511296
254 124.9252984763
256 120.3155790566
261 117.9676111286
270 115.8714137865
271 110.3163055046
273 109.8154393923
276 108.9244006112
294 104.8287858033
295 104.6522314800
299 103.5051656232
