evaluations raw_y
1 367.4371780627
2 54.7659789104
12 45.0024259133
18 43.2417698987
23 40.1951581324
24 11.7733748836
53 9.4463273401
54 7.3461538944
60 91.0070466556
evaluations raw_y
1 367.4371780627
2 54.7659789104
12 45.0024259133
18 43.2417698987
23 40.1951581324
24 11.7733748836
53 9.4463273401
54 7.3461538944
60 91.0070466556
evaluations raw_y
1 367.4371780627
2 54.7659789104
12 45.0024259133
18 43.2417698987
23 40.1951581324
24 11.7733748836
53 9.4463273401
54 7.3461538944
60 91.0070466556
evaluations raw_y
1 367.4371780627
2 54.7659789104
12 45.0024259133
18 43.2417698987
23 40.1951581324
24 11.7733748836
53 9.4463273401
54 7.3461538944
60 91.0070466556
evaluations raw_y
1 367.4371780627
2 54.7659789104
12 45.0024259133
18 43.2417698987
23 40.1951581324
24 11.7733748836
53 9.4463273401
54 7.3461538944
60 91.0070466556
evaluations raw_y
1 283.8972693312
2 279.4549590628
3 179.8949551305
6 59.1867726584
9 11.3220244898
28 6.3200945543
60 64.7674490511
evaluations raw_y
1 283.8972693312
2 279.4549590628
3 179.8949551305
6 59.1867726584
9 11.3220244898
28 6.3200945543
60 64.7674490511
evaluations raw_y
1 283.8972693312
2 279.4549590628
3 179.8949551305
6 59.1867726584
9 11.3220244898
28 6.3200945543
60 64.7674490511
evaluations raw_y
1 283.8972693312
2 279.4549590628
3 179.8949551305
6 59.1867726584
9 11.3220244898
28 6.3200945543
60 64.7674490511
evaluations raw_y
1 283.8972693312
2 279.4549590628
3 179.8949551305
6 59.1867726584
9 11.3220244898
28 6.3200945543
60 64.7674490511
evaluations raw_y
1 65.3859845765
6 26.1371611214
11 22.0133154626
22 21.6838444239
28 19.7993745025
33 19.3668888186
40 15.2686008794
48 10.4837405337
50 6.5319282310
55 6.0135378426
56 5.2531400155
60 45.4844765077
evaluations raw_y
1 65.3859845765
6 26.1371611214
11 22.0133154626
22 21.6838444239
28 19.7993745025
33 19.3668888186
40 15.2686008794
48 10.4837405337
50 6.5319282310
55 6.0135378426
56 5.2531400155
60 45.4844765077
evaluations raw_y
1 65.3859845765
6 26.1371611214
11 22.0133154626
22 21.6838444239
28 19.7993745025
33 19.3668888186
40 15.2686008794
48 10.4837405337
50 6.5319282310
55 6.0135378426
56 5.2531400155
60 45.4844765077
evaluations raw_y
1 65.3859845765
6 26.1371611214
11 22.0133154626
22 21.6838444239
28 19.7993745025
33 19.3668888186
40 15.2686008794
48 10.4837405337
50 6.5319282310
55 6.0135378426
56 5.2531400155
60 45.4844765077
evaluations raw_y
1 65.3859845765
6 26.1371611214
11 22.0133154626
22 21.6838444239
28 19.7993745025
33 19.3668888186
40 15.2686008794
48 10.4837405337
50 6.5319282310
55 6.0135378426
56 5.2531400155
60 45.4844765077
evaluations raw_y
1 685.0767527139
2 603.3682943221
3 48.9961033820
4 22.9310094204
11 14.3475963711
21 11.4751928253
54 9.7150295463
55 8.8473953643
60 127.1439864622
evaluations raw_y
1 685.0767527139
2 603.3682943221
3 48.9961033820
4 22.9310094204
11 14.3475963711
21 11.4751928253
54 9.7150295463
55 8.8473953643
60 127.1439864622
evaluations raw_y
1 685.0767527139
2 603.3682943221
3 48.9961033820
4 22.9310094204
11 14.3475963711
21 11.4751928253
54 9.7150295463
55 8.8473953643
60 127.1439864622
evaluations raw_y
1 685.0767527139
2 603.3682943221
3 48.9961033820
4 22.9310094204
11 14.3475963711
21 11.4751928253
54 9.7150295463
55 8.8473953643
60 127.1439864622
evaluations raw_y
1 685.0767527139
2 603.3682943221
3 48.9961033820
4 22.9310094204
11 14.3475963711
21 11.4751928253
54 9.7150295463
55 8.8473953643
60 127.1439864622
evaluations raw_y
1 180.0935089607
4 78.5997361932
10 25.6445747212
23 24.6402064063
37 24.6016190740
38 24.4994360090
44 21.0085761354
46 13.1250504702
47 9.8594441531
53 9.7379373038
60 17.4824242880
evaluations raw_y
1 180.0935089607
4 78.5997361932
10 25.6445747212
23 24.6402064063
37 24.6016190740
38 24.4994360090
44 21.0085761354
46 13.1250504702
47 9.8594441531
53 9.7379373038
60 17.4824242880
evaluations raw_y
1 180.0935089607
4 78.5997361932
10 25.6445747212
23 24.6402064063
37 24.6016190740
38 24.4994360090
44 21.0085761354
46 13.1250504702
47 9.8594441531
53 9.7379373038
60 17.4824242880
evaluations raw_y
1 180.0935089607
4 78.5997361932
10 25.6445747212
23 24.6402064063
37 24.6016190740
38 24.4994360090
44 21.0085761354
46 13.1250504702
47 9.8594441531
53 9.7379373038
60 17.4824242880
evaluations raw_y
1 180.0935089607
4 78.5997361932
10 25.6445747212
23 24.6402064063
37 24.6016190740
38 24.4994360090
44 21.0085761354
46 13.1250504702
47 9.8594441531
53 9.7379373038
60 17.4824242880
evaluations raw_y
1 572.2759800501
2 225.6714779595
3 136.2106147523
5 97.7042667641
7 44.1234213651
19 25.8210962958
27 18.8294162088
28 11.1478323892
29 8.7646647918
37 7.4373998616
60 145.2919302725
evaluations raw_y
1 572.2759800501
2 225.6714779595
3 136.2106147523
5 97.7042667641
7 44.1234213651
19 25.8210962958
27 18.8294162088
28 11.1478323892
29 8.7646647918
37 7.4373998616
60 145.2919302725
evaluations raw_y
1 572.2759800501
2 225.6714779595
3 136.2106147523
5 97.7042667641
7 44.1234213651
19 25.8210962958
27 18.8294162088
28 11.1478323892
29 8.7646647918
37 7.4373998616
60 145.2919302725
evaluations raw_y
1 572.2759800501
2 225.6714779595
3 136.2106147523
5 97.7042667641
7 44.1234213651
19 25.8210962958
27 18.8294162088
28 11.1478323892
29 8.7646647918
37 7.4373998616
60 145.2919302725
evaluations raw_y
1 572.2759800501
2 225.6714779595
3 136.2106147523
5 97.7042667641
7 44.1234213651
19 25.8210962958
27 18.8294162088
28 11.1478323892
29 8.7646647918
37 7.4373998616
60 145.2919302725
evaluations raw_y
1 553.6275786929
5 70.9835482704
6 53.2281798974
9 36.8348786640
13 18.7002332430
39 18.5116638934
44 18.2462454536
47 17.9588032059
48 17.8344083768
60 83.3047603806
evaluations raw_y
1 553.6275786929
5 70.9835482704
6 53.2281798974
9 36.8348786640
13 18.7002332430
39 18.5116638934
44 18.2462454536
47 17.9588032059
48 17.8344083768
60 83.3047603806
evaluations raw_y
1 553.6275786929
5 70.9835482704
6 53.2281798974
9 36.8348786640
13 18.7002332430
39 18.5116638934
44 18.2462454536
47 17.9588032059
48 17.8344083768
60 83.3047603806
evaluations raw_y
1 553.6275786929
5 70.9835482704
6 53.2281798974
9 36.8348786640
13 18.7002332430
39 18.5116638934
44 18.2462454536
47 17.9588032059
48 17.8344083768
60 83.3047603806
evaluations raw_y
1 553.6275786929
5 70.9835482704
6 53.2281798974
9 36.8348786640
13 18.7002332430
39 18.5116638934
44 18.2462454536
47 17.9588032059
48 17.8344083768
60 83.3047603806
evaluations raw_y
1 58.6339901507
2 25.4403556063
6 21.9641457279
9 11.1972022405
27 9.8248334438
28 6.0401133024
32 5.9595545029
33 4.9790913950
60 5.2361340247
evaluations raw_y
1 58.6339901507
2 25.4403556063
6 21.9641457279
9 11.1972022405
27 9.8248334438
28 6.0401133024
32 5.9595545029
33 4.9790913950
60 5.2361340247
evaluations raw_y
1 58.6339901507
2 25.4403556063
6 21.9641457279
9 11.1972022405
27 9.8248334438
28 6.0401133024
32 5.9595545029
33 4.9790913950
60 5.2361340247
evaluations raw_y
1 58.6339901507
2 25.4403556063
6 21.9641457279
9 11.1972022405
27 9.8248334438
28 6.0401133024
32 5.9595545029
33 4.9790913950
60 5.2361340247
evaluations raw_y
1 58.6339901507
2 25.4403556063
6 21.9641457279
9 11.1972022405
27 9.8248334438
28 6.0401133024
32 5.9595545029
33 4.9790913950
60 5.2361340247
evaluations raw_y
1 682.5525331803
2 45.3858147715
8 38.7148863017
18 34.9701484002
22 34.3096031173
25 18.3873987770
34 14.3566721175
60 169.2205106481
evaluations raw_y
1 682.5525331803
2 45.3858147715
8 38.7148863017
18 34.9701484002
22 34.3096031173
25 18.3873987770
34 14.3566721175
60 169.2205106481
evaluations raw_y
1 682.5525331803
2 45.3858147715
8 38.7148863017
18 34.9701484002
22 34.3096031173
25 18.3873987770
34 14.3566721175
60 169.2205106481
evaluations raw_y
1 682.5525331803
2 45.3858147715
8 38.7148863017
18 34.9701484002
22 34.3096031173
25 18.3873987770
34 14.3566721175
60 169.2205106481
evaluations raw_y
1 682.5525331803
2 45.3858147715
8 38.7148863017
18 34.9701484002
22 34.3096031173
25 18.3873987770
34 14.3566721175
60 169.2205106481
evaluations raw_y
1 223.0745461130
2 96.8181502972
4 65.0406260813
9 18.7022017173
11 12.0183612361
29 5.0111239969
59 4.9943484045
60 66.0845099253
evaluations raw_y
1 223.0745461130
2 96.8181502972
4 65.0406260813
9 18.7022017173
11 12.0183612361
29 5.0111239969
59 4.9943484045
60 66.0845099253
evaluations raw_y
1 223.0745461130
2 96.8181502972
4 65.0406260813
9 18.7022017173
11 12.0183612361
29 5.0111239969
59 4.9943484045
60 66.0845099253
evaluations raw_y
1 223.0745461130
2 96.8181502972
4 65.0406260813
9 18.7022017173
11 12.0183612361
29 5.0111239969
59 4.9943484045
60 66.0845099253
evaluations raw_y
1 223.0745461130
2 96.8181502972
4 65.0406260813
9 18.7022017173
11 12.0183612361
29 5.0111239969
59 4.9943484045
60 66.0845099253
evaluations raw_y
1 97.9129319255
7 88.5137553051
9 31.3880875840
36 30.4534810420
46 29.5379330955
50 25.8490346776
60 27.6338209329
evaluations raw_y
1 97.9129319255
7 88.5137553051
9 31.3880875840
36 30.4534810420
46 29.5379330955
50 25.8490346776
60 27.6338209329
evaluations raw_y
1 97.9129319255
7 88.5137553051
9 31.3880875840
36 30.4534810420
46 29.5379330955
50 25.8490346776
60 27.6338209329
evaluations raw_y
1 97.9129319255
7 88.5137553051
9 31.3880875840
36 30.4534810420
46 29.5379330955
50 25.8490346776
60 27.6338209329
evaluations raw_y
1 97.9129319255
7 88.5137553051
9 31.3880875840
36 30.4534810420
46 29.5379330955
50 25.8490346776
60 27.6338209329
evaluations raw_y
1 235.2388087801
3 36.1552029697
18 31.1838280611
22 24.5105105458
31 16.5250757941
36 14.1697187590
37 14.1087423090
45 13.8427795640
53 13.7915792868
59 10.0048126074
60 166.9755534078
evaluations raw_y
1 235.2388087801
3 36.1552029697
18 31.1838280611
22 24.5105105458
31 16.5250757941
36 14.1697187590
37 14.1087423090
45 13.8427795640
53 13.7915792868
59 10.0048126074
60 166.9755534078
evaluations raw_y
1 235.2388087801
3 36.1552029697
18 31.1838280611
22 24.5105105458
31 16.5250757941
36 14.1697187590
37 14.1087423090
45 13.8427795640
53 13.7915792868
59 10.0048126074
60 166.9755534078
evaluations raw_y
1 235.2388087801
3 36.1552029697
18 31.1838280611
22 24.5105105458
31 16.5250757941
36 14.1697187590
37 14.1087423090
45 13.8427795640
53 13.7915792868
59 10.0048126074
60 166.9755534078
evaluations raw_y
1 235.2388087801
3 36.1552029697
18 31.1838280611
22 24.5105105458
31 16.5250757941
36 14.1697187590
37 14.1087423090
45 13.8427795640
53 13.7915792868
59 10.0048126074
60 166.9755534078
evaluations raw_y
1 69.7173190631
9 37.6116994978
20 36.9440786768
27 34.7074814147
28 25.2622687368
35 20.3214262933
36 7.8073565581
37 5.5115371555
44 5.2043240289
53 5.0423759085
60 61.0193177747
evaluations raw_y
1 69.7173190631
9 37.6116994978
20 36.9440786768
27 34.7074814147
28 25.2622687368
35 20.3214262933
36 7.8073565581
37 5.5115371555
44 5.2043240289
53 5.0423759085
60 61.0193177747
evaluations raw_y
1 69.7173190631
9 37.6116994978
20 36.9440786768
27 34.7074814147
28 25.2622687368
35 20.3214262933
36 7.8073565581
37 5.5115371555
44 5.2043240289
53 5.0423759085
60 61.0193177747
evaluations raw_y
1 69.7173190631
9 37.6116994978
20 36.9440786768
27 34.7074814147
28 25.2622687368
35 20.3214262933
36 7.8073565581
37 5.5115371555
44 5.2043240289
53 5.0423759085
60 61.0193177747
evaluations raw_y
1 69.7173190631
9 37.6116994978
20 36.9440786768
27 34.7074814147
28 25.2622687368
35 20.3214262933
36 7.8073565581
37 5.5115371555
44 5.2043240289
53 5.0423759085
60 61.0193177747
evaluations raw_y
1 441.9798012547
2 75.8639651900
3 64.3881908556
6 34.8318109746
23 30.8513223106
24 22.0094256746
37 21.4123343681
42 5.8473601291
60 103.0935550704
evaluations raw_y
1 441.9798012547
2 75.8639651900
3 64.3881908556
6 34.8318109746
23 30.8513223106
24 22.0094256746
37 21.4123343681
42 5.8473601291
60 103.0935550704
evaluations raw_y
1 441.9798012547
2 75.8639651900
3 64.3881908556
6 34.8318109746
23 30.8513223106
24 22.0094256746
37 21.4123343681
42 5.8473601291
60 103.0935550704
evaluations raw_y
1 441.9798012547
2 75.8639651900
3 64.3881908556
6 34.8318109746
23 30.8513223106
24 22.0094256746
37 21.4123343681
42 5.8473601291
60 103.0935550704
evaluations raw_y
1 441.9798012547
2 75.8639651900
3 64.3881908556
6 34.8318109746
23 30.8513223106
24 22.0094256746
37 21.4123343681
42 5.8473601291
60 103.0935550704
