evaluations raw_y
1 122.4671239843
7 66.8923450728
8 27.0515631824
31 24.9699495281
39 18.6636766919
53 17.9042426330
90 59.3643527918
evaluations raw_y
1 122.4671239843
7 66.8923450728
8 27.0515631824
31 24.9699495281
39 18.6636766919
53 17.9042426330
90 59.3643527918
evaluations raw_y
1 122.4671239843
7 66.8923450728
8 27.0515631824
31 24.9699495281
39 18.6636766919
53 17.9042426330
90 59.3643527918
evaluations raw_y
1 122.4671239843
7 66.8923450728
8 27.0515631824
31 24.9699495281
39 18.6636766919
53 17.9042426330
90 59.3643527918
evaluations raw_y
1 122.4671239843
7 66.8923450728
8 27.0515631824
31 24.9699495281
39 18.6636766919
53 17.9042426330
90 59.3643527918
evaluations raw_y
1 48.2765140289
9 18.9377995475
56 6.6525233950
90 54.2995437680
evaluations raw_y
1 48.2765140289
9 18.9377995475
56 6.6525233950
90 54.2995437680
evaluations raw_y
1 48.2765140289
9 18.9377995475
56 6.6525233950
90 54.2995437680
evaluations raw_y
1 48.2765140289
9 18.9377995475
56 6.6525233950
90 54.2995437680
evaluations raw_y
1 48.2765140289
9 18.9377995475
56 6.6525233950
90 54.2995437680
evaluations raw_y
1 112.5045141365
15 48.3505983841
43 44.0188169600
51 42.5931959520
76 27.3834553224
77 18.1358381128
80 15.1544676754
90 84.2672161267
evaluations raw_y
1 112.5045141365
15 48.3505983841
43 44.0188169600
51 42.5931959520
76 27.3834553224
77 18.1358381128
80 15.1544676754
90 84.2672161267
evaluations raw_y
1 112.5045141365
15 48.3505983841
43 44.0188169600
51 42.5931959520
76 27.3834553224
77 18.1358381128
80 15.1544676754
90 84.2672161267
evaluations raw_y
1 112.5045141365
15 48.3505983841
43 44.0188169600
51 42.5931959520
76 27.3834553224
77 18.1358381128
80 15.1544676754
90 84.2672161267
evaluations raw_y
1 112.5045141365
15 48.3505983841
43 44.0188169600
51 42.5931959520
76 27.3834553224
77 18.1358381128
80 15.1544676754
90 84.2672161267
evaluations raw_y
1 9159.7137744769
2 202.1154555743
4 85.0482307963
16 42.7411939435
23 40.1874532582
29 35.2664686811
31 34.8350941831
56 33.5363178078
71 33.3405356791
81 28.0502855117
90 58.6631440054
evaluations raw_y
1 9159.7137744769
2 202.1154555743
4 85.0482307963
16 42.7411939435
23 40.1874532582
29 35.2664686811
31 34.8350941831
56 33.5363178078
71 33.3405356791
81 28.0502855117
90 58.6631440054
evaluations raw_y
1 9159.7137744769
2 202.1154555743
4 85.0482307963
16 42.7411939435
23 40.1874532582
29 35.2664686811
31 34.8350941831
56 33.5363178078
71 33.3405356791
81 28.0502855117
90 58.6631440054
evaluations raw_y
1 9159.7137744769
2 202.1154555743
4 85.0482307963
16 42.7411939435
23 40.1874532582
29 35.2664686811
31 34.8350941831
56 33.5363178078
71 33.3405356791
81 28.0502855117
90 58.6631440054
evaluations raw_y
1 9159.7137744769
2 202.1154555743
4 85.0482307963
16 42.7411939435
23 40.1874532582
29 35.2664686811
31 34.8350941831
56 33.5363178078
71 33.3405356791
81 28.0502855117
90 58.6631440054
evaluations raw_y
1 69.1552959353
22 67.9879697914
23 65.1895424506
26 56.9036024115
31 47.4459230106
33 43.8436047578
52 25.2754612298
55 19.4921469969
57 18.4075890803
82 17.4084056302
90 222.5041374330
evaluations raw_y
1 69.1552959353
22 67.9879697914
23 65.1895424506
26 56.9036024115
31 47.4459230106
33 43.8436047578
52 25.2754612298
55 19.4921469969
57 18.4075890803
82 17.4084056302
90 222.5041374330
evaluations raw_y
1 69.1552959353
22 67.9879697914
23 65.1895424506
26 56.9036024115
31 47.4459230106
33 43.8436047578
52 25.2754612298
55 19.4921469969
57 18.4075890803
82 17.4084056302
90 222.5041374330
evaluations raw_y
1 69.1552959353
22 67.9879697914
23 65.1895424506
26 56.9036024115
31 47.4459230106
33 43.8436047578
52 25.2754612298
55 19.4921469969
57 18.4075890803
82 17.4084056302
90 222.5041374330
evaluations raw_y
1 69.1552959353
22 67.9879697914
23 65.1895424506
26 56.9036024115
31 47.4459230106
33 43.8436047578
52 25.2754612298
55 19.4921469969
57 18.4075890803
82 17.4084056302
90 222.5041374330
evaluations raw_y
1 475.7260959602
4 341.9500033307
5 154.9894103566
7 138.6037980225
15 116.9684933037
16 60.1016685694
23 58.1516062089
26 57.4141701944
29 47.5142200416
35 17.6426447809
90 1145.2883735247
evaluations raw_y
1 475.7260959602
4 341.9500033307
5 154.9894103566
7 138.6037980225
15 116.9684933037
16 60.1016685694
23 58.1516062089
26 57.4141701944
29 47.5142200416
35 17.6426447809
90 1145.2883735247
evaluations raw_y
1 475.7260959602
4 341.9500033307
5 154.9894103566
7 138.6037980225
15 116.9684933037
16 60.1016685694
23 58.1516062089
26 57.4141701944
29 47.5142200416
35 17.6426447809
90 1145.2883735247
evaluations raw_y
1 475.7260959602
4 341.9500033307
5 154.9894103566
7 138.6037980225
15 116.9684933037
16 60.1016685694
23 58.1516062089
26 57.4141701944
29 47.5142200416
35 17.6426447809
90 1145.2883735247
evaluations raw_y
1 475.7260959602
4 341.9500033307
5 154.9894103566
7 138.6037980225
15 116.9684933037
16 60.1016685694
23 58.1516062089
26 57.4141701944
29 47.5142200416
35 17.6426447809
90 1145.2883735247
evaluations raw_y
1 52.3226797957
26 50.8647994873
36 34.0631418950
63 32.0869644356
76 29.4975115822
81 23.7195937811
90 57.8094363859
evaluations raw_y
1 52.3226797957
26 50.8647994873
36 34.0631418950
63 32.0869644356
76 29.4975115822
81 23.7195937811
90 57.8094363859
evaluations raw_y
1 52.3226797957
26 50.8647994873
36 34.0631418950
63 32.0869644356
76 29.4975115822
81 23.7195937811
90 57.8094363859
evaluations raw_y
1 52.3226797957
26 50.8647994873
36 34.0631418950
63 32.0869644356
76 29.4975115822
81 23.7195937811
90 57.8094363859
evaluations raw_y
1 52.3226797957
26 50.8647994873
36 34.0631418950
63 32.0869644356
76 29.4975115822
81 23.7195937811
90 57.8094363859
evaluations raw_y
1 90.1495170738
4 31.3341206946
50 24.3531429013
90 59.2736341144
evaluations raw_y
1 90.1495170738
4 31.3341206946
50 24.3531429013
90 59.2736341144
evaluations raw_y
1 90.1495170738
4 31.3341206946
50 24.3531429013
90 59.2736341144
evaluations raw_y
1 90.1495170738
4 31.3341206946
50 24.3531429013
90 59.2736341144
evaluations raw_y
1 90.1495170738
4 31.3341206946
50 24.3531429013
90 59.2736341144
evaluations raw_y
1 1176.3987854343
3 298.6447844723
12 52.1609996812
28 49.2223276215
30 36.5824484988
39 24.3347406769
62 20.4462424138
81 8.2052033167
90 62.9301709923
evaluations raw_y
1 1176.3987854343
3 298.6447844723
12 52.1609996812
28 49.2223276215
30 36.5824484988
39 24.3347406769
62 20.4462424138
81 8.2052033167
90 62.9301709923
evaluations raw_y
1 1176.3987854343
3 298.6447844723
12 52.1609996812
28 49.2223276215
30 36.5824484988
39 24.3347406769
62 20.4462424138
81 8.2052033167
90 62.9301709923
evaluations raw_y
1 1176.3987854343
3 298.6447844723
12 52.1609996812
28 49.2223276215
30 36.5824484988
39 24.3347406769
62 20.4462424138
81 8.2052033167
90 62.9301709923
evaluations raw_y
1 1176.3987854343
3 298.6447844723
12 52.1609996812
28 49.2223276215
30 36.5824484988
39 24.3347406769
62 20.4462424138
81 8.2052033167
90 62.9301709923
evaluations raw_y
1 140.0307788646
15 116.8695082138
16 64.3146143835
23 56.9644163578
33 20.4253614132
90 41.3265519296
evaluations raw_y
1 140.0307788646
15 116.8695082138
16 64.3146143835
23 56.9644163578
33 20.4253614132
90 41.3265519296
evaluations raw_y
1 140.0307788646
15 116.8695082138
16 64.3146143835
23 56.9644163578
33 20.4253614132
90 41.3265519296
evaluations raw_y
1 140.0307788646
15 116.8695082138
16 64.3146143835
23 56.9644163578
33 20.4253614132
90 41.3265519296
evaluations raw_y
1 140.0307788646
15 116.8695082138
16 64.3146143835
23 56.9644163578
33 20.4253614132
90 41.3265519296
evaluations raw_y
1 379.6037458502
2 162.9928894249
15 105.8184667164
16 43.1473079442
34 35.6133087644
43 34.0598427310
52 33.5743730843
63 27.2937348346
70 25.7106708092
73 17.0685657141
75 16.2420918003
90 113.0865092228
evaluations raw_y
1 379.6037458502
2 162.9928894249
15 105.8184667164
16 43.1473079442
34 35.6133087644
43 34.0598427310
52 33.5743730843
63 27.2937348346
70 25.7106708092
73 17.0685657141
75 16.2420918003
90 113.0865092228
evaluations raw_y
1 379.6037458502
2 162.9928894249
15 105.8184667164
16 43.1473079442
34 35.6133087644
43 34.0598427310
52 33.5743730843
63 27.2937348346
70 25.7106708092
73 17.0685657141
75 16.2420918003
90 113.0865092228
evaluations raw_y
1 379.6037458502
2 162.9928894249
15 105.8184667164
16 43.1473079442
34 35.6133087644
43 34.0598427310
52 33.5743730843
63 27.2937348346
70 25.7106708092
73 17.0685657141
75 16.2420918003
90 113.0865092228
evaluations raw_y
1 379.6037458502
2 162.9928894249
15 105.8184667164
16 43.1473079442
34 35.6133087644
43 34.0598427310
52 33.5743730843
63 27.2937348346
70 25.7106708092
73 17.0685657141
75 16.2420918003
90 113.0865092228
evaluations raw_y
1 847.7423033491
2 276.6360351210
3 224.1169779064
7 183.2914636200
8 166.4256662163
10 95.5908436888
20 64.2272599177
23 58.6569376661
33 58.4566772410
38 52.1118532147
53 50.0780813747
58 48.1442455577
61 47.3136596518
69 46.7230117137
70 32.4744834853
81 29.1506682162
84 18.0090873449
90 59.2658663323
evaluations raw_y
1 847.7423033491
2 276.6360351210
3 224.1169779064
7 183.2914636200
8 166.4256662163
10 95.5908436888
20 64.2272599177
23 58.6569376661
33 58.4566772410
38 52.1118532147
53 50.0780813747
58 48.1442455577
61 47.3136596518
69 46.7230117137
70 32.4744834853
81 29.1506682162
84 18.0090873449
90 59.2658663323
evaluations raw_y
1 847.7423033491
2 276.6360351210
3 224.1169779064
7 183.2914636200
8 166.4256662163
10 95.5908436888
20 64.2272599177
23 58.6569376661
33 58.4566772410
38 52.1118532147
53 50.0780813747
58 48.1442455577
61 47.3136596518
69 46.7230117137
70 32.4744834853
81 29.1506682162
84 18.0090873449
90 59.2658663323
evaluations raw_y
1 847.7423033491
2 276.6360351210
3 224.1169779064
7 183.2914636200
8 166.4256662163
10 95.5908436888
20 64.2272599177
23 58.6569376661
33 58.4566772410
38 52.1118532147
53 50.0780813747
58 48.1442455577
61 47.3136596518
69 46.7230117137
70 32.4744834853
81 29.1506682162
84 18.0090873449
90 59.2658663323
evaluations raw_y
1 847.7423033491
2 276.6360351210
3 224.1169779064
7 183.2914636200
8 166.4256662163
10 95.5908436888
20 64.2272599177
23 58.6569376661
33 58.4566772410
38 52.1118532147
53 50.0780813747
58 48.1442455577
61 47.3136596518
69 46.7230117137
70 32.4744834853
81 29.1506682162
84 18.0090873449
90 59.2658663323
evaluations raw_y
1 61.4911033902
16 44.3168043219
31 43.2788238488
53 21.9373302780
61 13.7056981688
90 55.4859293874
evaluations raw_y
1 61.4911033902
16 44.3168043219
31 43.2788238488
53 21.9373302780
61 13.7056981688
90 55.4859293874
evaluations raw_y
1 61.4911033902
16 44.3168043219
31 43.2788238488
53 21.9373302780
61 13.7056981688
90 55.4859293874
evaluations raw_y
1 61.4911033902
16 44.3168043219
31 43.2788238488
53 21.9373302780
61 13.7056981688
90 55.4859293874
evaluations raw_y
1 61.4911033902
16 44.3168043219
31 43.2788238488
53 21.9373302780
61 13.7056981688
90 55.4859293874
evaluations raw_y
1 110.9949965592
4 57.1819314790
26 44.1400400567
28 33.4444844209
64 29.0227350890
76 28.0282690507
82 22.6899176272
90 31.7846899422
evaluations raw_y
1 110.9949965592
4 57.1819314790
26 44.1400400567
28 33.4444844209
64 29.0227350890
76 28.0282690507
82 22.6899176272
90 31.7846899422
evaluations raw_y
1 110.9949965592
4 57.1819314790
26 44.1400400567
28 33.4444844209
64 29.0227350890
76 28.0282690507
82 22.6899176272
90 31.7846899422
evaluations raw_y
1 110.9949965592
4 57.1819314790
26 44.1400400567
28 33.4444844209
64 29.0227350890
76 28.0282690507
82 22.6899176272
90 31.7846899422
evaluations raw_y
1 110.9949965592
4 57.1819314790
26 44.1400400567
28 33.4444844209
64 29.0227350890
76 28.0282690507
82 22.6899176272
90 31.7846899422
