evaluations raw_y
1 591.1225097986
2 507.1959454269
3 391.6498484534
4 383.9628181260
5 182.8354600585
14 120.1781037945
41 69.4005746981
74 60.9761734872
98 57.9325794896
106 50.5967688558
116 50.4690853293
127 46.8120533285
133 45.8081252417
134 45.5163512153
139 44.8775171181
146 43.9491768307
147 39.6951233512
149 43.3208040409
evaluations raw_y
1 591.1225097986
2 507.1959454269
3 391.6498484534
4 383.9628181260
5 182.8354600585
14 120.1781037945
72 116.5473486257
74 108.3426962763
76 97.2733632212
93 96.8288166635
104 94.5263055634
109 83.0831644519
124 77.7461360100
143 77.5642392273
146 76.4079657493
149 81.3631325013
evaluations raw_y
1 591.1225097986
2 507.1959454269
3 391.6498484534
4 383.9628181260
5 182.8354600585
14 120.1781037945
42 115.9569984054
57 110.7511623060
58 109.8765844499
59 79.3708468859
76 73.5101982840
90 72.4957102194
99 70.8542620593
104 62.0007377055
122 61.8283253368
136 60.1422240382
137 54.9545449523
141 50.3365986906
143 49.2022500069
146 46.5895083111
149 46.7142634290
evaluations raw_y
1 591.1225097986
2 507.1959454269
3 391.6498484534
4 383.9628181260
5 182.8354600585
14 120.1781037945
53 110.6431383566
54 99.8768468748
62 65.8522082523
126 62.5750577092
129 61.2759221886
130 58.9916242536
149 62.3321855428
evaluations raw_y
1 591.1225097986
2 507.1959454269
3 391.6498484534
4 383.9628181260
5 182.8354600585
14 120.1781037945
83 118.5289149125
108 116.9147673847
125 115.8239562151
126 114.0065433629
127 112.8646325920
128 112.5986454098
130 110.0212847008
135 108.8461313182
149 115.2088271689
evaluations raw_y
1 4211.8318629175
2 566.3099300337
5 451.6250572512
6 261.1589637585
24 192.7479710140
26 115.1872274000
44 105.6242960756
48 67.1110728604
65 66.3484061764
68 63.2885718553
84 19.5136989506
124 17.1343924052
135 15.6828479164
144 15.6574880349
149 15.6272864867
evaluations raw_y
1 4211.8318629175
2 566.3099300337
5 451.6250572512
6 261.1589637585
16 134.8214751905
20 60.6667310512
28 46.0095170614
81 37.1617051995
102 34.2525355708
107 30.6227328144
118 29.7384190198
125 28.5153871690
129 27.4702990800
143 27.4369082151
149 27.7214162663
evaluations raw_y
1 4211.8318629175
2 566.3099300337
5 451.6250572512
6 261.1589637585
40 257.5755020317
45 240.9162119819
48 160.0533280042
55 137.5545184386
68 102.7489814474
79 87.1539490473
90 62.5141471313
102 57.0863063292
126 54.4235085783
131 53.5261116282
137 53.5119744948
147 48.4044241558
149 52.3110648673
evaluations raw_y
1 4211.8318629175
2 566.3099300337
5 451.6250572512
6 261.1589637585
34 167.4464995004
37 163.3656611592
55 110.3711646760
58 59.5305550382
89 56.6924306514
91 55.5442109619
128 44.9516547354
129 41.4928629387
134 37.3213230412
136 34.8377666318
149 43.9754334754
evaluations raw_y
1 4211.8318629175
2 566.3099300337
5 451.6250572512
6 261.1589637585
25 132.7972492757
39 98.6462724601
48 83.6445317207
57 76.6718734350
71 68.7301868882
82 49.3214093748
92 30.3013664760
123 28.9911992760
132 26.1420600001
147 24.8252145900
149 43.5928567725
evaluations raw_y
1 1398.3513551301
2 412.9694298432
9 384.7725354758
11 369.9334010823
21 330.8377575581
22 198.9112014190
39 140.4992467728
48 112.1404242694
55 107.1573603079
64 101.9398068975
67 68.8457191060
81 48.9109275818
99 42.2736283011
121 24.8440305348
142 24.8357379296
145 23.7646983830
149 36.1259650770
evaluations raw_y
1 1398.3513551301
2 412.9694298432
9 384.7725354758
11 369.9334010823
16 306.9934790310
21 230.8003526499
29 200.2433153423
34 146.1540150393
42 138.2700737607
49 128.3138515066
57 116.6769373693
62 80.5574664564
98 77.0046576732
100 68.8149674882
103 51.5029300460
135 49.7458797433
137 47.8074004709
149 52.3938600851
evaluations raw_y
1 1398.3513551301
2 412.9694298432
9 384.7725354758
11 369.9334010823
16 79.6600670384
17 78.5269691164
35 68.2524515218
56 43.5875821890
68 34.9854124198
97 27.0230348694
113 26.4916155386
114 25.7999633884
118 22.7929358969
122 20.5939098020
125 19.6069796878
135 19.5212448362
144 19.4255196279
149 18.7064136693
evaluations raw_y
1 1398.3513551301
2 412.9694298432
9 384.7725354758
11 369.9334010823
17 261.4178212759
20 259.3266795736
21 154.6839509460
24 148.4956587783
57 127.7515715358
61 85.2132966208
78 84.1123545001
90 75.8904811280
97 53.9376740355
109 53.4474219340
147 53.2958772824
149 56.8455738470
evaluations raw_y
1 1398.3513551301
2 412.9694298432
9 384.7725354758
11 369.9334010823
23 314.6035525221
28 177.7351490353
32 166.8867204130
34 138.2904499312
49 136.9088535152
51 131.7019684260
57 114.1989802739
69 87.7940241787
78 85.3929494696
99 74.8130936859
118 65.0434121820
127 64.4058222557
146 53.7928992598
149 61.4839528049
evaluations raw_y
1 484.0268224908
4 97.9717757210
74 95.1107640626
85 91.4157788757
90 87.3340234376
97 77.9020494329
98 75.8949823912
105 45.4111271752
127 45.3132447324
128 41.4060877681
149 72.9040542536
evaluations raw_y
1 484.0268224908
4 97.9717757210
40 84.0915497370
42 74.7493513525
62 43.4567563779
105 40.1758399190
111 37.8552651176
112 35.5756126919
113 31.5196399316
115 25.3796122155
140 24.7203150459
149 29.2175838141
evaluations raw_y
1 484.0268224908
4 97.9717757210
31 55.1503448102
61 49.6714630257
64 38.0480909850
68 32.5237453274
110 31.5042464065
117 22.8655733177
119 21.0601525564
120 17.5584028723
149 17.7048502769
evaluations raw_y
1 484.0268224908
4 97.9717757210
22 87.7083808388
58 51.6127319487
65 43.5934473009
96 27.5090444188
112 25.1473079285
121 23.5865892139
133 23.5177674540
145 23.1715587640
149 23.6342828462
evaluations raw_y
1 484.0268224908
4 97.9717757210
53 82.5627243021
77 71.4318549637
79 66.3981168132
80 56.6635452900
82 52.5268952900
95 49.6640197476
108 47.8089041113
120 45.2896480931
123 38.3796762256
137 32.1122386225
146 27.1760621193
149 44.8774012144
evaluations raw_y
1 313.7037124832
3 219.7051986757
6 206.9608326505
16 159.3505125611
28 94.4264907192
41 70.6712566680
65 65.1200955148
73 50.1108955486
102 48.2075958207
111 35.8956281266
120 34.8319623362
129 32.1903423515
131 30.8387514975
140 28.1518460246
149 31.6156865799
evaluations raw_y
1 313.7037124832
3 219.7051986757
6 206.9608326505
20 200.6793247973
25 156.5876083637
29 144.1936389981
43 93.9826666690
48 92.6951975040
50 77.9572745588
84 76.9638459738
85 66.2891026976
88 55.9491106190
109 48.0295187315
118 47.8875400662
130 36.5287054926
138 32.9205401035
149 33.0392549036
evaluations raw_y
1 313.7037124832
3 219.7051986757
6 206.9608326505
25 125.6271474183
40 122.9473796004
46 93.6685150946
58 54.0234132314
102 48.4752077656
103 44.0449958699
110 42.0747813940
138 42.0082083013
139 41.8738157738
141 41.5350912129
149 42.8928993830
evaluations raw_y
1 313.7037124832
3 219.7051986757
6 206.9608326505
18 196.5666912281
20 190.3496944550
21 160.3172673120
25 142.8268827027
29 112.1853869631
78 96.9053319060
79 80.2173045024
93 65.7140932396
129 64.3934106761
133 52.5504085729
135 51.5557721535
144 47.8420775749
149 50.0232785850
evaluations raw_y
1 313.7037124832
3 219.7051986757
6 206.9608326505
18 194.6696154925
26 162.9903007726
29 158.6815698036
38 131.9877436429
42 70.6225818602
73 34.5437641267
102 26.4625690293
117 17.2984696936
118 13.0112782853
120 8.2363818251
135 6.7733762418
149 10.7050892075
evaluations raw_y
1 10280.0601808575
3 2590.4729286281
4 879.4862346697
7 749.9338338779
8 479.3192419906
11 307.2407117276
13 285.9954907649
17 216.7812268162
19 179.1991415779
38 102.4744072868
43 84.7418111965
50 84.1591531476
72 73.3779250794
78 55.0359267643
89 52.0568292458
105 40.7798871727
128 40.6810601786
135 39.5793473698
137 39.2722476047
149 45.1564782159
evaluations raw_y
1 10280.0601808575
3 2590.4729286281
4 879.4862346697
7 749.9338338779
8 479.3192419906
11 307.2407117276
13 285.9954907649
16 188.3510729190
24 180.4200522518
30 138.3748633644
31 117.0833344871
35 95.2396698867
42 58.8175908562
62 49.5663178034
72 30.7115623392
118 25.1941162310
120 19.9506600294
123 14.8140746321
136 12.9839935877
137 12.9384791493
143 11.0568876318
149 15.3392707474
evaluations raw_y
1 10280.0601808575
3 2590.4729286281
4 879.4862346697
7 749.9338338779
8 479.3192419906
11 307.2407117276
13 285.9954907649
16 126.9942926550
28 119.9549155993
36 90.8834325850
53 70.8936210971
57 66.1294422745
67 65.1732306409
70 53.4545465575
74 52.5340053091
78 43.7515426472
80 42.1247477108
93 41.7865257390
111 35.6740989352
143 33.8056641605
149 60.4086542067
evaluations raw_y
1 10280.0601808575
3 2590.4729286281
4 879.4862346697
7 749.9338338779
8 479.3192419906
11 307.2407117276
13 285.9954907649
49 170.7565619989
64 145.5443407500
65 133.4792356454
84 127.6988257435
86 107.7221472047
89 102.4097704478
90 101.9225561775
95 75.9435038391
96 57.0251262212
101 41.4480973755
131 33.8587074702
139 30.8745931427
149 219.5773074572
evaluations raw_y
1 10280.0601808575
3 2590.4729286281
4 879.4862346697
7 749.9338338779
8 479.3192419906
11 307.2407117276
13 285.9954907649
16 183.7888729146
20 157.9847816197
26 153.9909232451
37 92.9279617671
58 77.0677901329
59 42.2252119273
110 41.5534183616
112 40.6032471320
121 35.8850902722
128 33.6123509385
129 32.1064538947
131 28.9596599417
149 33.6526054527
evaluations raw_y
1 9314.6732611257
2 277.1857913552
13 241.7487796758
16 107.8582655475
19 92.3867079712
30 72.7473164932
46 57.3416367494
53 43.9763715473
81 40.8211685144
91 36.0794600353
108 28.9298119818
122 24.6179961821
130 22.9389168170
135 22.2218692326
139 19.2677159947
143 15.1749497887
149 16.5634379139
evaluations raw_y
1 9314.6732611257
2 277.1857913552
13 241.7487796758
18 152.5330735700
19 151.4994350248
21 124.4240133012
52 117.6396824122
70 115.0706941861
71 91.3079299889
77 79.2506218260
82 52.8317242713
114 52.8255520847
118 51.5814225728
133 44.8301589648
149 49.3178778827
evaluations raw_y
1 9314.6732611257
2 277.1857913552
13 241.7487796758
17 123.8291802907
41 131.4769505328
51 73.3266507219
56 73.2357310267
57 57.4736382216
63 50.5719457541
81 34.8953337018
112 29.5269800760
122 29.2192934438
127 22.3281561557
131 21.6490958832
141 19.9961825377
143 19.5020793714
144 16.8132387335
149 38.5287938242
evaluations raw_y
1 9314.6732611257
2 277.1857913552
13 241.7487796758
42 136.2529750758
43 87.2194578145
83 71.5095050783
87 44.6470877075
98 25.3405062547
102 24.9241929699
115 16.9113737076
149 30.4207387869
evaluations raw_y
1 9314.6732611257
2 277.1857913552
13 241.7487796758
19 180.2733241613
27 166.6361742883
35 85.2455737506
67 69.1159801530
78 64.9013668230
118 50.6481400374
122 49.7883425525
124 48.4769452965
127 46.2178289192
138 42.4271693645
145 38.1688698725
149 40.0013513812
evaluations raw_y
1 414.8127651892
2 252.2288303739
4 155.1813533942
13 151.7826005891
61 119.0593120215
77 110.7254015837
87 84.8533185276
103 81.3580235605
115 76.8791012860
135 70.9184049056
145 68.6877477953
149 71.6603381206
evaluations raw_y
1 414.8127651892
2 252.2288303739
4 155.1813533942
13 151.7826005891
22 149.3693428100
29 121.0258830339
51 85.3365160629
72 72.2973973614
79 63.5819991147
80 50.5046675454
87 50.0390278323
96 48.9669749387
100 44.6819316295
137 28.2535709679
141 22.2754283902
149 38.8545029167
evaluations raw_y
1 414.8127651892
2 252.2288303739
4 155.1813533942
13 151.7826005891
44 138.8058212650
47 95.6820829451
52 92.6822822564
61 92.3397602625
64 91.6836899779
67 77.4219040368
69 61.4605316939
102 59.8859592648
136 58.8381842699
137 58.7175863649
140 57.5337919804
141 51.0220162253
142 46.4771520267
149 59.6574653328
evaluations raw_y
1 414.8127651892
2 252.2288303739
4 155.1813533942
13 151.7826005891
22 115.7110212786
45 90.7588454220
66 86.7260009907
93 73.8643125680
109 73.3361513421
119 68.3752331851
136 64.5493954552
142 64.5254400886
149 64.2610958195
evaluations raw_y
1 414.8127651892
2 252.2288303739
4 155.1813533942
13 151.7826005891
47 97.0708662814
61 85.1272529785
66 60.6736339455
89 51.1259795730
99 47.2035673449
109 41.9555936445
141 37.9047647863
147 26.1455121726
149 38.7606408018
evaluations raw_y
1 459.8081120353
6 417.1008585603
11 175.2140838677
16 121.8663393315
44 110.7575852252
45 85.9878532887
50 83.7035166050
52 77.4108406348
54 62.2676785611
55 59.9177404347
63 48.2046156296
87 25.0353286256
124 23.4497229845
137 18.8479939469
139 16.1754517964
149 13.9316201131
evaluations raw_y
1 459.8081120353
6 417.1008585603
11 175.2140838677
57 122.3103608658
58 90.8774464346
91 82.5056406237
112 78.2966617070
134 78.2647593062
135 62.0886724749
149 66.7429164016
evaluations raw_y
1 459.8081120353
6 417.1008585603
11 175.2140838677
27 118.2982224051
78 109.0786726689
82 102.2417799875
89 96.7637431871
106 96.5260340384
118 94.1720482896
123 93.4898921198
126 93.4509872365
136 91.5305590740
146 91.1978574118
149 91.9134853853
evaluations raw_y
1 459.8081120353
6 417.1008585603
11 175.2140838677
53 160.8725064657
65 151.6803884706
72 141.2852728522
86 118.9941684714
113 113.4408932768
120 112.6533725788
128 112.6443203437
136 109.5792107135
138 104.3693602328
149 107.4448568446
evaluations raw_y
1 459.8081120353
6 417.1008585603
11 175.2140838677
19 143.8724727985
42 136.5452442221
46 131.3656993105
63 118.7903620381
66 113.2099240401
67 80.8564531120
98 73.1974426626
119 69.4535277358
121 68.1326425472
125 62.9351712982
128 62.5251173530
129 60.3016556974
149 61.4854072145
evaluations raw_y
1 280.4703296394
3 180.6735057884
10 151.3672313593
38 145.3424672597
50 133.5444280905
55 118.3810970214
58 118.1828006931
76 106.3067604222
90 80.6167608444
125 79.1219734496
149 85.3771369368
evaluations raw_y
1 280.4703296394
3 180.6735057884
10 151.3672313593
23 129.5762116630
28 104.6009382154
44 77.6645793661
56 67.1352228803
64 47.3401628065
89 30.7758213474
114 29.9339912714
117 29.3816425673
118 26.0143458526
141 24.0179480339
143 22.1689353954
145 21.0251949240
147 21.0203211641
149 27.1768013446
evaluations raw_y
1 280.4703296394
3 180.6735057884
10 151.3672313593
16 84.6513973814
35 80.3768529121
41 76.3616382899
42 66.2040429431
56 44.3180165704
61 39.8430586979
71 27.1328951095
108 23.5179742824
124 22.4794230214
130 17.3125545886
138 12.6319137431
140 12.3969882577
141 8.7423029073
142 7.6263090031
143 7.3774734969
145 5.4043691071
149 17.8850125770
evaluations raw_y
1 280.4703296394
3 180.6735057884
10 151.3672313593
21 108.0619249150
41 66.2243095992
43 55.3359914679
56 54.0325849521
96 43.5894999883
140 42.6099913209
146 42.2564249504
149 40.3118975913
evaluations raw_y
1 280.4703296394
3 180.6735057884
10 151.3672313593
16 55.7107190146
58 51.6679077883
62 39.2642776973
66 20.0468423656
114 19.9759896691
117 18.2624628317
130 18.2153031349
132 18.1152996484
146 18.0318182324
149 18.0696299594
evaluations raw_y
1 224.7027430432
8 213.6909152447
11 190.4748669391
23 174.4241497155
27 154.3018129919
41 124.7132154587
46 116.1079717340
57 88.9283940517
58 65.6433052363
65 62.7798706668
67 39.3393409821
116 33.5875583653
117 28.1856115818
126 20.5498133470
137 18.8368152561
149 17.4310912027
evaluations raw_y
1 224.7027430432
8 213.6909152447
11 190.4748669391
24 143.3222726999
30 137.7935353352
39 110.1006002236
43 96.6222160981
76 94.8871177343
77 74.4083137741
79 63.4503171511
96 53.5565459030
98 50.3107230119
104 47.4101248242
136 45.1238254730
149 52.1849989453
evaluations raw_y
1 224.7027430432
8 213.6909152447
11 190.4748669391
16 187.9799236494
30 117.9762955151
33 117.3466192809
35 84.3276361782
59 60.8751242153
60 44.0260142690
76 40.3169577253
118 33.6618380473
120 32.3513862261
129 32.0021725817
130 29.5108570009
131 27.4697067577
143 27.2723495118
149 37.7243356127
evaluations raw_y
1 224.7027430432
8 213.6909152447
11 190.4748669391
24 118.7587729662
33 114.4682972338
41 101.5878728981
64 85.9046896717
79 78.3618188683
86 72.8123714733
88 66.0678805565
90 63.6429825644
112 63.1134920599
116 60.2036132049
135 43.5912663895
137 39.6577730754
149 41.3070167925
evaluations raw_y
1 224.7027430432
8 213.6909152447
11 190.4748669391
22 163.2949087426
23 152.2527409909
27 148.6425898036
44 114.6391003302
62 101.6843134712
81 84.1609650444
84 72.4918974403
85 59.5514369734
128 59.3995624308
138 56.1254943360
143 53.9421925244
146 50.7952797438
148 47.1087337878
149 58.3451489261
evaluations raw_y
1 214.7471504750
16 143.7269828064
42 129.2660585595
53 103.0198166630
58 98.1501375774
73 97.7866074808
101 89.5885728594
109 89.2797237019
122 87.6823759948
129 85.7741497639
134 84.5068868592
137 83.2783174516
143 82.8124761378
149 83.2864978484
evaluations raw_y
1 214.7471504750
16 209.5164123959
21 147.4706720875
29 125.8877215746
30 95.0515645366
40 71.6096587667
101 63.5131720752
113 56.6704985408
120 54.9557060051
121 53.6422649585
122 52.3324661794
128 51.6395080680
129 51.4762823067
130 49.1122499474
137 47.8504382646
149 57.3564552043
evaluations raw_y
1 214.7471504750
16 141.1436655821
38 120.1940309094
44 106.6399301867
47 99.5344138395
48 81.6490595889
59 81.3398732300
60 77.1098088760
71 55.1050333825
118 52.3105965707
139 49.2409543438
144 46.8734566700
147 45.3227529850
148 42.6639694702
149 50.3367495031
evaluations raw_y
1 214.7471504750
16 174.5526696690
28 166.2221492613
29 146.5689786990
34 61.4169263843
59 33.8680966026
120 33.7671942258
122 32.6607937621
127 30.3019686980
146 29.6711092883
149 29.0795420629
evaluations raw_y
1 214.7471504750
41 139.3741577815
42 101.5065756879
72 52.2806257950
114 46.9486164455
117 41.8325720745
123 36.2523499415
141 34.1021233572
147 34.0039755643
149 42.0070946558
evaluations raw_y
1 272.3031214206
5 175.9515753753
6 138.5828162435
14 100.1902212581
83 91.3559524768
94 87.2418681877
100 67.5155956281
105 55.9050333242
108 47.7403468306
114 47.1454318592
117 38.1361751709
140 31.1274957733
149 68.3922980788
evaluations raw_y
1 272.3031214206
5 175.9515753753
6 138.5828162435
14 100.1902212581
92 84.7099552307
102 83.4294059474
105 61.1041562850
122 55.8566610602
136 50.6841787263
149 76.4365990917
evaluations raw_y
1 272.3031214206
5 175.9515753753
6 138.5828162435
14 100.1902212581
46 86.1120606835
64 85.7644178275
71 74.0601457787
84 64.6884832505
86 57.3534489617
114 46.2452159984
125 39.4412352976
131 38.2442477137
134 36.1990358237
144 33.0476924277
149 68.1491849743
evaluations raw_y
1 272.3031214206
5 175.9515753753
6 138.5828162435
14 100.1902212581
29 91.6603986732
58 58.2122500325
71 46.2906255447
73 42.5527433893
88 39.3631038537
128 38.9722705631
129 38.9419970008
138 38.4850215633
146 36.1913499181
149 52.1935098293
evaluations raw_y
1 272.3031214206
5 175.9515753753
6 138.5828162435
14 100.1902212581
34 52.0905023908
68 40.8971943255
120 38.7284409548
121 38.1595485303
127 37.0384552786
128 34.2836206546
138 33.6078999040
140 31.8585428346
149 35.6643911581
evaluations raw_y
1 720.4125850740
2 178.2436912190
18 168.2343160657
20 79.4739208786
42 69.4848198330
72 34.0582728825
107 31.2594117564
125 29.2870983266
127 28.6048538224
129 28.1309294906
132 27.6980606834
140 27.1868066189
142 25.9938859251
149 29.9312219511
evaluations raw_y
1 720.4125850740
2 178.2436912190
24 149.4668212649
38 145.0122095077
40 135.1211842944
44 117.8675515342
54 107.4822793694
62 105.4460864328
68 79.2318480186
82 73.4828680082
102 56.5471097670
122 52.1733615260
140 45.4905038370
143 41.9030812347
149 72.6871037213
evaluations raw_y
1 720.4125850740
2 178.2436912190
18 155.8569818148
28 127.8394961694
49 108.6511013909
57 65.6067634032
79 64.3168471641
111 57.2946937060
120 55.5338440584
123 53.6834407596
128 52.2818745471
135 52.1964278800
136 51.9042247583
138 50.0123732022
146 49.5461917547
148 49.1973755671
149 52.7989893175
evaluations raw_y
1 720.4125850740
2 178.2436912190
29 157.4376485511
39 138.8888456888
44 119.2584773201
49 85.6029661956
54 76.2584853417
60 75.6404509210
61 72.0222967413
93 68.7218150912
96 55.9711854329
99 53.9494485072
117 53.4043609407
132 46.4599347012
141 37.7932911528
149 53.7777857781
evaluations raw_y
1 720.4125850740
2 178.2436912190
18 165.8155741645
19 122.3461771096
47 121.5098880650
48 117.6005591358
49 114.4890918257
53 113.0894267826
54 95.9644328441
58 55.1778416730
103 48.0417614674
116 45.9128493035
120 37.0799437235
126 32.2856971618
132 29.2873795082
149 34.9495163942
