evaluations raw_y
1 458.1213473008
3 406.8543771959
4 347.7052554756
36 343.2677299199
47 329.7873173411
98 248.1055844546
123 227.2182991919
163 204.4377708790
204 196.7701442729
300 334.1850821373
evaluations raw_y
1 458.1213473008
3 406.8543771959
4 347.7052554756
38 316.0266331326
39 273.2024679656
57 199.9316790907
66 176.6186601378
300 503.9841851935
evaluations raw_y
1 458.1213473008
3 406.8543771959
4 347.7052554756
42 248.5772754870
91 227.5923168764
292 221.8331845571
300 686.3868267736
evaluations raw_y
1 458.1213473008
3 406.8543771959
4 347.7052554756
33 213.7650863925
300 724.2759764078
evaluations raw_y
1 458.1213473008
3 406.8543771959
4 347.7052554756
43 339.2000061362
55 327.3939865787
86 211.6228727217
162 186.2611863651
300 885.6162377374
evaluations raw_y
1 508.5700501986
3 468.5554504347
33 323.5839765388
82 306.2999902614
140 170.8649130814
300 419.5006218990
evaluations raw_y
1 508.5700501986
3 468.5554504347
40 204.5719004126
300 1096.3419079210
evaluations raw_y
1 508.5700501986
3 468.5554504347
32 387.6652707243
54 332.8063825879
74 314.4318869727
81 203.1964563761
300 7938.3027890662
evaluations raw_y
1 508.5700501986
3 468.5554504347
41 335.4273971730
66 318.7396324346
79 285.8042911660
92 270.0059188553
227 223.8610652110
237 201.0560433110
246 188.8327834384
300 1080.5004198844
evaluations raw_y
1 508.5700501986
3 468.5554504347
32 392.6841199785
50 386.4282895942
58 385.2465104551
79 332.5546551136
99 321.9279453243
161 300.3616087958
231 278.6378947101
250 276.7432004178
300 6372.8015163839
evaluations raw_y
1 4445.7009095220
2 1104.9043893849
3 543.4329737249
10 479.0378986072
12 309.5877820425
15 229.3777006463
181 169.4598397961
300 2380.2354421432
evaluations raw_y
1 4445.7009095220
2 1104.9043893849
3 543.4329737249
10 479.0378986072
12 309.5877820425
15 229.3777006463
226 171.4059267031
300 1524.5081242921
evaluations raw_y
1 4445.7009095220
2 1104.9043893849
3 543.4329737249
10 479.0378986072
12 309.5877820425
15 229.3777006463
165 223.8930832960
300 1391.1939740171
evaluations raw_y
1 4445.7009095220
2 1104.9043893849
3 543.4329737249
10 479.0378986072
12 309.5877820425
15 229.3777006463
136 213.4827567199
285 202.9091896358
300 966.5464462074
evaluations raw_y
1 4445.7009095220
2 1104.9043893849
3 543.4329737249
10 479.0378986072
12 309.5877820425
15 229.3777006463
300 1385.5589888099
evaluations raw_y
1 906.2512882299
4 324.7892420086
61 323.3827390310
135 225.2346316567
300 586.0308246464
evaluations raw_y
1 906.2512882299
4 324.7892420086
59 300.5586733039
94 274.2885515697
118 189.3006000106
300 1206.6747942203
evaluations raw_y
1 906.2512882299
4 324.7892420086
76 243.1500463958
130 152.2248622381
300 2459.4115668870
evaluations raw_y
1 906.2512882299
4 324.7892420086
34 293.1967943742
43 202.0471663360
300 850.9529878586
evaluations raw_y
1 906.2512882299
4 324.7892420086
43 311.3653532290
69 270.9154502426
159 263.4253542404
292 256.7726021778
300 2639.7361854807
evaluations raw_y
1 1102.9463532588
2 454.1215389076
8 398.9986344923
24 292.2517768232
108 206.1863491999
300 688.9935265850
evaluations raw_y
1 1102.9463532588
2 454.1215389076
8 398.9986344923
24 292.2517768232
40 241.9403954778
224 212.2747114270
300 561.0300698212
evaluations raw_y
1 1102.9463532588
2 454.1215389076
8 398.9986344923
24 292.2517768232
58 250.8411219063
72 225.8927519405
300 1085.5449867972
evaluations raw_y
1 1102.9463532588
2 454.1215389076
8 398.9986344923
24 292.2517768232
113 228.3270394206
234 215.6554250355
274 212.4354685724
300 1260.0699498042
evaluations raw_y
1 1102.9463532588
2 454.1215389076
8 398.9986344923
24 292.2517768232
40 224.7876825433
300 1237.2735477640
evaluations raw_y
1 4338.8186516992
2 695.0294130706
7 465.5577822286
9 385.4591375238
40 313.4035759185
112 305.2810474645
262 208.0636943387
300 598.6322297843
evaluations raw_y
1 4338.8186516992
2 695.0294130706
7 465.5577822286
9 385.4591375238
53 254.8669030246
300 330.9697022421
evaluations raw_y
1 4338.8186516992
2 695.0294130706
7 465.5577822286
9 385.4591375238
78 337.7223908856
86 257.8726194297
288 248.8953552970
289 203.2534974134
300 793.2708978406
evaluations raw_y
1 4338.8186516992
2 695.0294130706
7 465.5577822286
9 385.4591375238
61 280.3572147568
279 260.5912177050
300 774.8965308785
evaluations raw_y
1 4338.8186516992
2 695.0294130706
7 465.5577822286
9 385.4591375238
46 358.2691893450
91 358.0310355303
108 352.3016482310
165 267.5388341827
300 2789.1591317349
evaluations raw_y
1 349.8941541325
97 330.0435887814
111 292.7246064318
136 229.7602372385
207 194.4864033601
300 4088.3387908305
evaluations raw_y
1 349.8941541325
46 254.6300840596
193 230.9534733312
220 171.3930509802
257 137.6462951823
300 667.9373874258
evaluations raw_y
1 349.8941541325
49 303.6439871602
57 243.8273026233
63 223.8528361823
213 188.2807810278
300 250.4451128966
evaluations raw_y
1 349.8941541325
41 260.3120546390
83 187.7338994378
300 2659.6229305755
evaluations raw_y
1 349.8941541325
34 299.2733534835
42 230.2676829900
207 172.3658174158
300 4075.0415123996
evaluations raw_y
1 2386.2639076194
4 750.4097083722
10 516.5343303182
12 358.6715391764
21 324.6344779656
79 167.0785883581
300 5888.0838530538
evaluations raw_y
1 2386.2639076194
4 750.4097083722
10 516.5343303182
12 358.6715391764
21 324.6344779656
37 276.9261800748
84 153.8345607638
300 2372.1707056504
evaluations raw_y
1 2386.2639076194
4 750.4097083722
10 516.5343303182
12 358.6715391764
21 324.6344779656
104 308.6145877159
137 282.2038384130
188 282.1742324607
285 272.3891718821
300 1672.6049530331
evaluations raw_y
1 2386.2639076194
4 750.4097083722
10 516.5343303182
12 358.6715391764
21 324.6344779656
37 214.3553081911
102 135.9723993661
300 4095.4979684067
evaluations raw_y
1 2386.2639076194
4 750.4097083722
10 516.5343303182
12 358.6715391764
21 324.6344779656
66 183.5564239406
300 1305.3904208907
evaluations raw_y
1 604.5130641889
3 294.8815598501
21 240.6458856701
300 2806.6799901392
evaluations raw_y
1 604.5130641889
3 294.8815598501
21 240.6458856701
198 236.5056595395
223 236.3560122922
300 2638.8543257108
evaluations raw_y
1 604.5130641889
3 294.8815598501
21 240.6458856701
61 236.4590776693
163 203.7714227013
300 181.0957529694
evaluations raw_y
1 604.5130641889
3 294.8815598501
21 240.6458856701
47 211.0268057785
79 188.6677438592
257 173.5881508718
300 2401.6357010482
evaluations raw_y
1 604.5130641889
3 294.8815598501
21 240.6458856701
107 193.7654236607
300 5596.6609728366
evaluations raw_y
1 635.2949352496
2 593.1226542614
5 517.9327354895
6 474.9640836228
16 394.0332458349
37 264.4625026507
181 239.4954183737
252 236.3931676512
300 659.7041492953
evaluations raw_y
1 635.2949352496
2 593.1226542614
5 517.9327354895
6 474.9640836228
16 394.0332458349
42 177.7217179464
300 1821.9859474359
evaluations raw_y
1 635.2949352496
2 593.1226542614
5 517.9327354895
6 474.9640836228
16 394.0332458349
51 307.2898167596
85 264.3758636753
88 255.4896062398
300 327.8400510325
evaluations raw_y
1 635.2949352496
2 593.1226542614
5 517.9327354895
6 474.9640836228
16 394.0332458349
69 373.7376137735
70 230.4521818148
300 1334.0303193362
evaluations raw_y
1 635.2949352496
2 593.1226542614
5 517.9327354895
6 474.9640836228
16 394.0332458349
31 230.8703403009
61 219.3138242650
93 212.1389584224
300 928.8620465497
evaluations raw_y
1 1073.6813420307
6 399.8734584747
14 247.6310203220
118 181.7533650653
300 1567.4197594925
evaluations raw_y
1 1073.6813420307
6 399.8734584747
14 247.6310203220
300 1354.5317737901
evaluations raw_y
1 1073.6813420307
6 399.8734584747
14 247.6310203220
47 202.8097083462
121 201.3038666278
209 193.8099505511
300 1417.7783241402
evaluations raw_y
1 1073.6813420307
6 399.8734584747
14 247.6310203220
77 237.0564037145
300 777.8417377703
evaluations raw_y
1 1073.6813420307
6 399.8734584747
14 247.6310203220
104 151.1436627898
300 1083.0429648083
evaluations raw_y
1 329.4675952629
5 280.4131760611
53 251.3399732674
163 246.0898148916
196 184.7588752872
300 6855.9660632621
evaluations raw_y
1 329.4675952629
5 280.4131760611
38 275.6411462576
121 262.2324879119
135 261.5761829922
193 150.0800438602
300 436.2857795807
evaluations raw_y
1 329.4675952629
5 280.4131760611
43 263.4155856561
226 234.2804555018
300 8267.6867657514
evaluations raw_y
1 329.4675952629
5 280.4131760611
37 267.8507285851
209 246.8917053170
219 161.6201334157
300 448.4522445861
evaluations raw_y
1 329.4675952629
5 280.4131760611
32 196.7282482450
300 2427.0637812711
evaluations raw_y
1 758.6179664886
2 634.2007157943
3 602.1677014977
7 417.0374596896
9 217.9549100178
75 215.9603477134
134 199.1015421129
300 1094.4732538263
evaluations raw_y
1 758.6179664886
2 634.2007157943
3 602.1677014977
7 417.0374596896
9 217.9549100178
300 1237.9063275353
evaluations raw_y
1 758.6179664886
2 634.2007157943
3 602.1677014977
7 417.0374596896
9 217.9549100178
245 194.9226206518
300 620.4192039333
evaluations raw_y
1 758.6179664886
2 634.2007157943
3 602.1677014977
7 417.0374596896
9 217.9549100178
160 197.4641620975
300 383.5148268108
evaluations raw_y
1 758.6179664886
2 634.2007157943
3 602.1677014977
7 417.0374596896
9 217.9549100178
300 1071.1664914424
evaluations raw_y
1 651.7807642699
2 514.0421830774
6 413.1764708748
15 248.3942957556
190 222.1490625198
295 193.3281124236
300 2873.8146603298
evaluations raw_y
1 651.7807642699
2 514.0421830774
6 413.1764708748
15 248.3942957556
300 451.5665692986
evaluations raw_y
1 651.7807642699
2 514.0421830774
6 413.1764708748
15 248.3942957556
98 180.5603709211
300 771.9792078646
evaluations raw_y
1 651.7807642699
2 514.0421830774
6 413.1764708748
15 248.3942957556
300 465.1506185651
evaluations raw_y
1 651.7807642699
2 514.0421830774
6 413.1764708748
15 248.3942957556
44 247.2202590245
77 199.3326215791
300 1702.2174869485
