evaluations raw_y
1 50441435.8412385359
3 1537879.0405594360
50 665482.4541869620
300 46024490.8114192635
evaluations raw_y
1 22576072.4943563454
5 2168438.6381713734
39 1368779.7750894111
93 460975.5220184172
147 346919.6915850658
300 38257367.9782337844
evaluations raw_y
1 55852598.3340760395
3 12069688.7033801489
5 4493621.7544340473
9 2540171.5769171990
16 1933741.2426326994
29 1591277.2894141797
87 793352.4305944485
252 219981.8700803575
300 14050410.4799393322
evaluations raw_y
1 3416578.8465098771
3 1646291.7384435385
22 539310.2681593971
57 480922.9103895219
62 359477.6890577004
300 3646453.1774796373
evaluations raw_y
1 12540914.7986409403
4 4562607.5374523941
14 1580978.2244567138
41 220176.4408501420
300 6472670.5104980310
evaluations raw_y
1 18580841.9782514833
3 2857535.7916139280
7 1591589.2224652134
16 875645.9882134289
26 751972.7163828678
49 348212.0148561281
146 130992.1843082315
300 20202842.2214703970
evaluations raw_y
1 26214177.3872607015
3 20605498.5650842823
5 19985279.7727579512
7 15796300.5103184786
8 7179947.5167776886
13 2256895.6835850999
17 1166879.3640935672
31 679938.7863395030
178 479096.5695848892
196 372425.4514721265
300 76096555.3089468926
evaluations raw_y
1 32009987.0347515307
2 22863911.8073322810
4 21541729.2205128148
5 12565855.1910378002
7 10421197.1617256831
8 3039369.9794017263
19 2049998.4707687490
21 1759097.7969663276
53 1696665.3976115813
79 481767.5442195441
82 394538.3757024868
300 12533503.7379028294
evaluations raw_y
1 11012583.4638201613
8 9059313.1763165351
15 2796140.7853514398
18 2260889.2166603510
39 1117196.1350005078
43 1091559.2429848339
60 885079.7856005812
80 321435.0441395530
300 4611163.1074683154
evaluations raw_y
1 12837441.3788657561
2 10459530.2656887807
3 3264074.6111544035
8 1647060.1093880464
9 604596.5890495989
214 148884.2395200714
300 36714862.6485593319
evaluations raw_y
1 49747421.7409046888
3 2948541.7603080021
5 1300135.2357126048
22 345222.1758451478
130 338641.7089669481
174 238922.2971297772
300 11147076.5661550257
evaluations raw_y
1 5434065.7399921194
8 3368069.6302884994
13 750554.7640184803
49 588712.2183409265
82 373169.1184718657
100 364790.8677592804
300 15242695.0594737306
evaluations raw_y
1 2491299.2326405132
2 319952.4827607024
66 309083.7630107537
235 299705.6170908289
300 3196954.3601223743
evaluations raw_y
1 9032869.6820771396
2 5909832.3536954569
4 1442282.9100641282
20 1262711.4205959262
59 973848.7685148361
73 578075.8212762245
123 371815.5874720750
222 162312.1821051424
300 37991229.6174677238
evaluations raw_y
1 19129504.3871270977
2 8012557.0722741457
4 2951776.6734949453
9 1037790.2968068908
52 1034323.4977429349
69 915945.1110551655
126 458695.8633561235
161 336566.0411114931
300 11971034.5982767623
evaluations raw_y
1 24113677.4928876609
3 6108258.9301125724
17 4089423.8543476425
22 3068513.9432936870
65 2498728.2579872869
66 1903435.0568892302
116 1245213.3703810978
123 961313.9933638544
148 357437.4376123021
176 204717.4309984566
300 36124477.8779343069
evaluations raw_y
1 3703403.5320624085
5 3344594.0350224595
12 240298.8902239516
300 5982017.7560051205
evaluations raw_y
1 18391978.9650162123
3 3972158.2924106745
16 646197.6711568987
139 436993.2856409657
254 352323.3355256483
300 8531828.4954191931
evaluations raw_y
1 82774508.2347903103
2 3432357.8484138343
4 1614466.1733051725
39 1329946.0483247645
111 419091.1775326624
300 40918520.9439089000
evaluations raw_y
1 13680127.5442901012
2 5736264.2473418228
5 4082885.0098306667
11 2471770.9345354447
15 1024251.7572307184
77 343872.8685407587
300 22124621.8242443465
evaluations raw_y
1 4325900.0708646942
2 718781.1858471584
47 313785.7590388707
300 8613225.1077335197
evaluations raw_y
1 23829888.7199554555
3 1745685.9847905328
4 521564.5458414308
256 442678.8923174542
300 10695830.2384120300
evaluations raw_y
1 1167314.8504002995
10 393969.2927681251
66 140384.2938759999
300 4746762.8626143709
evaluations raw_y
1 27307894.8052794002
2 15523386.1603999697
3 5752208.4354340853
5 2713374.6728091957
7 2536966.7489456576
9 1426521.4427840521
11 521010.0025647659
119 480869.5718432350
233 346939.1674431684
300 4396134.6359727327
evaluations raw_y
1 735742.6328531497
19 681278.7680319333
76 95498.5049773605
300 9849935.1233027913
evaluations raw_y
1 22060361.6818345003
3 5061362.9424147625
15 1188753.0695983842
115 643294.7655443385
130 371924.0749117478
135 339539.2218317906
272 207926.5560375792
300 33611198.6234826520
evaluations raw_y
1 2997720.3767433427
2 2632345.5739634586
8 1752144.7547661057
15 1599492.2118083222
32 447826.2107364879
170 130275.5798897998
296 69426.9483058409
300 46991128.8269005865
evaluations raw_y
1 10069155.6353513040
4 4425438.5524104014
5 1164010.7600266712
70 1098356.5012049919
71 447274.5860784805
88 328859.9363421909
250 323664.3446753102
300 20350516.9885442033
evaluations raw_y
1 29188507.2363303117
3 4713288.0698555959
16 4083187.9784550080
35 1165740.3065688026
232 711134.3210641692
293 393332.6340533983
300 34874653.9020102322
evaluations raw_y
1 17451030.6574337259
3 10055954.9804030489
6 5929938.8004523134
17 2390557.8603536296
76 2327068.6060132650
82 675152.5050058007
96 642912.1525623112
300 4178670.5995154791
evaluations raw_y
1 20979029.6763037927
3 15791361.3125212975
5 15661664.1523888633
7 10816140.1707121935
12 4870292.0974558238
16 3353725.4993566717
23 691343.8635858868
198 453048.8889459189
217 129739.2124153170
295 60075.2500218807
300 44919578.4952804744
evaluations raw_y
1 5235882.4924222110
13 4119898.2426013798
15 3645187.1557292808
17 1994420.4283395046
21 358086.5588159323
300 5400032.8272285229
evaluations raw_y
1 8493414.0668341778
2 5733008.7159615066
3 3276026.5850441055
12 2070808.3111870245
25 846668.2395070646
38 619295.9016528074
152 241044.1817434844
300 3265308.7027272684
evaluations raw_y
1 10658860.8699643370
2 5247893.3632869041
4 2557971.9221605943
5 2202704.1248127134
9 246115.3560952993
300 8399078.8512455188
evaluations raw_y
1 7876526.3084821748
2 5088018.0908848178
4 3760104.1126684751
8 1769416.8274156530
61 293678.9683698659
300 8991958.3200756740
evaluations raw_y
1 29831364.4578397907
2 10920198.2131114285
4 1441481.0531865279
80 696783.0757540526
300 4832782.1416487182
evaluations raw_y
1 24043957.8211869374
2 3562823.3923035734
4 3532672.8635767670
11 1056375.6167377285
57 893101.7883383565
214 279428.1829400724
278 243028.9537988552
300 55229463.9150700048
evaluations raw_y
1 7351805.4148584735
2 3421502.7869160869
7 934631.6689275401
29 408105.6916935256
300 8318198.5196854398
evaluations raw_y
1 63458182.5178639516
2 8482465.1516740620
3 4040018.9975930420
5 1855698.9227532621
8 1260565.8694364943
31 1001930.2308049228
71 950349.1383568519
132 220762.4701199169
300 9679171.2196006030
evaluations raw_y
1 3804990.8049540538
17 2868357.5655627074
23 2225669.8724018969
55 967673.4104892806
80 855552.5561188458
121 592235.6697984501
160 461367.9974548334
300 7757108.5396784358
evaluations raw_y
1 7277940.5937936399
3 859534.3101470480
15 589193.4240419883
35 363783.2462773539
300 37678830.8572240621
evaluations raw_y
1 9884628.1235584021
5 1875039.6797094911
7 1707265.1609232719
8 1625358.7738831639
10 1614092.3580620268
19 1553368.2765073427
32 1430335.5024292697
46 577291.0141299659
53 353663.6244036601
84 333130.0801072014
208 325300.3293812315
282 201652.4464287754
300 9366978.2673090193
evaluations raw_y
1 4979140.7749566371
2 2715934.6575326654
7 2210471.3806647868
12 2136628.5374087817
37 812887.9349020135
39 571767.3693899029
64 482566.7057469155
178 176187.8616521341
300 30660062.4166200384
evaluations raw_y
1 13180597.1220048629
2 7280253.2947906852
3 4040599.3818080099
5 773477.2613647294
68 755413.5754356156
72 475830.4384957763
121 407809.1944822609
169 121826.3920185417
300 10643296.3581834622
evaluations raw_y
1 54031456.6043662727
2 12626772.1025155075
3 2451990.8867182094
8 1662361.9760846689
50 1500415.9992962435
59 1482911.6177049077
101 230546.4864100375
298 207168.0334016205
300 10614006.7892494295
evaluations raw_y
1 3576835.4991019708
4 2544104.7582375160
5 2207459.4258156423
6 640304.1061537095
134 373872.7510574523
145 251546.8212539917
300 64302.4811743575
evaluations raw_y
1 4664463.2804070078
7 1110443.5394361899
20 830877.9519864286
99 323258.6478230222
300 57502543.0575324669
evaluations raw_y
1 32527953.9888374843
2 13778161.9167302493
3 1469544.2910776034
5 932795.6293320615
10 218112.1715463434
18 119656.8769161289
300 37182571.9987506866
evaluations raw_y
1 2212378.4007740668
5 1919722.2908660516
10 1318495.3753822425
17 558625.4093105759
104 255993.8876904061
240 62719.8269492894
300 403156.5195082779
evaluations raw_y
1 3397211.8433066653
13 929211.7123174125
23 635246.3365047420
120 173012.9314624442
300 9249483.4246351924
evaluations raw_y
1 22986836.7018728144
2 9788131.1245008297
5 5454926.2032741373
12 2796252.6187586603
60 768198.5658634411
77 580630.1804663568
199 510434.7557080269
203 458064.7446424830
300 26471001.5216362402
evaluations raw_y
1 60243496.3290016577
2 22956778.1498878971
3 6717200.5328916414
9 2100299.6909607137
45 2079448.2491332295
56 1408132.0693561402
63 748011.3232111433
144 550415.1138746445
300 26158686.8763275780
evaluations raw_y
1 14277957.0426473320
3 11263228.1208564825
7 10031962.0008075815
9 5454933.3574448228
16 3972305.7268686895
25 786099.8418628335
27 760328.4788618928
140 569567.5104267084
147 415854.9991644356
221 388213.8770345318
271 358087.5048014892
300 123190748.3980599642
evaluations raw_y
1 16762779.4030113034
3 902754.2708626048
37 823529.1677099535
63 190929.4965375528
300 51192269.1998121515
evaluations raw_y
1 124182831.2098060697
2 13089118.1735027377
3 3463269.5686436156
24 245880.9034903854
300 20974922.1779373884
evaluations raw_y
1 10978229.7901493628
2 9015575.9844623394
6 3612416.4955723365
26 987385.3040683578
178 869305.9354272493
205 701856.4249797699
253 626339.3788966138
260 540040.9693984218
300 32227241.7985783964
evaluations raw_y
1 29954827.5326494388
3 3585217.2818560484
4 1586397.7515159438
11 245828.2385137991
55 33250.6478788417
300 12368771.6136212517
evaluations raw_y
1 73042341.0968519300
2 46059093.2383188605
3 17011528.3428285234
4 6803745.0586501453
7 242538.3096693604
300 34583160.3271263614
evaluations raw_y
1 28269198.2239632048
3 2343489.0784017043
7 1527355.6267243139
16 878140.6025325963
126 310056.9968855411
300 21710283.1452766284
evaluations raw_y
1 43431895.9261507094
2 17762774.1471483782
7 5857621.1401398908
9 4999362.8220743919
10 3344018.0027750526
42 2057913.7748714078
58 1023253.3306679446
289 963112.6249086902
300 11101537.3096810635
evaluations raw_y
1 18983931.9513620548
2 9309203.3744529169
8 2365410.7534653335
25 306500.2497699911
300 813527.3143386989
evaluations raw_y
1 59439295.7457500696
2 34832324.5136546716
3 11780912.0993190911
6 5051460.2759574717
11 3128450.6077086735
19 1693154.5126107023
51 510391.2129387633
300 79037315.2777945399
evaluations raw_y
1 6314105.7012302829
2 4055070.9660246605
26 801435.2202394099
46 618075.0795792182
82 454399.1513782521
300 33434316.7105415575
evaluations raw_y
1 12907440.7113404032
2 3552784.9850431038
5 2022867.0819433196
31 809440.2126592604
240 729088.4240132914
300 59328146.3273933604
evaluations raw_y
1 45354782.4423239604
3 6605877.3541551800
13 6517201.4037344093
22 4419110.4730049670
28 1510839.4826463892
76 902070.0137684960
300 876120.5752396968
evaluations raw_y
1 88325616.9777831435
2 9627821.8448378537
5 3815969.4322362999
60 2928007.5485579316
69 2470022.9088884336
81 1636544.9657326911
85 815498.4359167216
112 390066.2848692466
300 78198335.8074032068
evaluations raw_y
1 97832323.2674883008
2 7152466.6643471653
8 159700.8213049364
300 7271282.7111750729
evaluations raw_y
1 16497800.1999284886
3 9692319.3979899175
5 3440952.7173693096
17 2647199.4031194714
50 618290.9070054434
68 197940.5933091996
300 69087622.3836981654
evaluations raw_y
1 80657327.3774666935
2 39408112.6643680260
4 10126648.3156092893
6 7691302.3716238495
8 5923052.0156420711
28 5340146.4998447271
31 3990763.2398674316
41 2379094.8590242844
62 1479639.5466876053
79 1474658.3281872948
140 389310.3884792035
300 119517464.4861349165
evaluations raw_y
1 33815724.6702663004
4 2933338.8953109500
122 2152962.2891389891
127 2050561.4668134334
153 1170341.4142454658
300 37482936.6981166080
