evaluations raw_y
1 1568.8291542587
2 622.2141699921
4 471.4025448697
9 360.6558503270
16 343.3473743306
51 244.6882969111
55 192.4490686036
93 190.5774508097
102 188.7279969645
108 187.6077849555
109 133.2326861486
161 131.2518436414
162 127.6560698154
164 123.4162993430
173 99.8714676594
188 70.2529082188
300 159.5128986824
evaluations raw_y
1 1568.8291542587
2 622.2141699921
4 471.4025448697
9 360.6558503270
16 343.3473743306
51 244.6882969111
55 192.4490686036
93 190.5774508097
102 188.7279969645
108 187.6077849555
109 133.2326861486
161 131.2518436414
162 127.6560698154
164 123.4162993430
173 99.8714676594
188 70.2529082188
300 159.5128986824
evaluations raw_y
1 1568.8291542587
2 622.2141699921
4 471.4025448697
9 360.6558503270
16 343.3473743306
51 244.6882969111
55 192.4490686036
93 190.5774508097
102 188.7279969645
108 187.6077849555
109 133.2326861486
161 131.2518436414
162 127.6560698154
164 123.4162993430
173 99.8714676594
188 70.2529082188
300 159.5128986824
evaluations raw_y
1 1568.8291542587
2 622.2141699921
4 471.4025448697
9 360.6558503270
16 343.3473743306
51 244.6882969111
55 192.4490686036
93 190.5774508097
102 188.7279969645
108 187.6077849555
109 133.2326861486
161 131.2518436414
162 127.6560698154
164 123.4162993430
173 99.8714676594
188 70.2529082188
300 159.5128986824
evaluations raw_y
1 1568.8291542587
2 622.2141699921
4 471.4025448697
9 360.6558503270
16 343.3473743306
51 244.6882969111
55 192.4490686036
93 190.5774508097
102 188.7279969645
108 187.6077849555
109 133.2326861486
161 131.2518436414
162 127.6560698154
164 123.4162993430
173 99.8714676594
188 70.2529082188
300 159.5128986824
evaluations raw_y
1 6740.8716410093
2 3431.1091312256
4 506.2957247619
9 501.2777783531
15 419.5363247262
35 348.6772609802
44 327.5244836019
55 278.6305235679
74 211.7966000640
78 196.3112142276
91 149.9341801517
124 144.6259516111
157 107.2579755600
300 180.2232979961
evaluations raw_y
1 6740.8716410093
2 3431.1091312256
4 506.2957247619
9 501.2777783531
15 419.5363247262
35 348.6772609802
44 327.5244836019
55 278.6305235679
74 211.7966000640
78 196.3112142276
91 149.9341801517
124 144.6259516111
157 107.2579755600
300 180.2232979961
evaluations raw_y
1 6740.8716410093
2 3431.1091312256
4 506.2957247619
9 501.2777783531
15 419.5363247262
35 348.6772609802
44 327.5244836019
55 278.6305235679
74 211.7966000640
78 196.3112142276
91 149.9341801517
124 144.6259516111
157 107.2579755600
300 180.2232979961
evaluations raw_y
1 6740.8716410093
2 3431.1091312256
4 506.2957247619
9 501.2777783531
15 419.5363247262
35 348.6772609802
44 327.5244836019
55 278.6305235679
74 211.7966000640
78 196.3112142276
91 149.9341801517
124 144.6259516111
157 107.2579755600
300 180.2232979961
evaluations raw_y
1 6740.8716410093
2 3431.1091312256
4 506.2957247619
9 501.2777783531
15 419.5363247262
35 348.6772609802
44 327.5244836019
55 278.6305235679
74 211.7966000640
78 196.3112142276
91 149.9341801517
124 144.6259516111
157 107.2579755600
300 180.2232979961
evaluations raw_y
1 2401.5912303675
2 518.5616739983
11 472.3699024000
22 443.6856499371
43 352.4552974858
56 322.5188595902
57 298.7361949683
84 262.8303703703
86 252.3592420325
97 247.7355563024
125 240.2489482538
160 238.6699053643
166 174.1771828220
300 229.3929510858
evaluations raw_y
1 2401.5912303675
2 518.5616739983
11 472.3699024000
22 443.6856499371
43 352.4552974858
56 322.5188595902
57 298.7361949683
84 262.8303703703
86 252.3592420325
97 247.7355563024
125 240.2489482538
160 238.6699053643
166 174.1771828220
300 229.3929510858
evaluations raw_y
1 2401.5912303675
2 518.5616739983
11 472.3699024000
22 443.6856499371
43 352.4552974858
56 322.5188595902
57 298.7361949683
84 262.8303703703
86 252.3592420325
97 247.7355563024
125 240.2489482538
160 238.6699053643
166 174.1771828220
300 229.3929510858
evaluations raw_y
1 2401.5912303675
2 518.5616739983
11 472.3699024000
22 443.6856499371
43 352.4552974858
56 322.5188595902
57 298.7361949683
84 262.8303703703
86 252.3592420325
97 247.7355563024
125 240.2489482538
160 238.6699053643
166 174.1771828220
300 229.3929510858
evaluations raw_y
1 2401.5912303675
2 518.5616739983
11 472.3699024000
22 443.6856499371
43 352.4552974858
56 322.5188595902
57 298.7361949683
84 262.8303703703
86 252.3592420325
97 247.7355563024
125 240.2489482538
160 238.6699053643
166 174.1771828220
300 229.3929510858
evaluations raw_y
1 1588.1425137960
2 472.4074631133
12 418.4018908771
49 345.2994287826
66 340.9831094360
68 322.7433974031
72 228.7516121672
106 170.5035227960
162 138.1942878824
180 109.4457038728
256 92.7893013563
300 211.2959375929
evaluations raw_y
1 1588.1425137960
2 472.4074631133
12 418.4018908771
49 345.2994287826
66 340.9831094360
68 322.7433974031
72 228.7516121672
106 170.5035227960
162 138.1942878824
180 109.4457038728
256 92.7893013563
300 211.2959375929
evaluations raw_y
1 1588.1425137960
2 472.4074631133
12 418.4018908771
49 345.2994287826
66 340.9831094360
68 322.7433974031
72 228.7516121672
106 170.5035227960
162 138.1942878824
180 109.4457038728
256 92.7893013563
300 211.2959375929
evaluations raw_y
1 1588.1425137960
2 472.4074631133
12 418.4018908771
49 345.2994287826
66 340.9831094360
68 322.7433974031
72 228.7516121672
106 170.5035227960
162 138.1942878824
180 109.4457038728
256 92.7893013563
300 211.2959375929
evaluations raw_y
1 1588.1425137960
2 472.4074631133
12 418.4018908771
49 345.2994287826
66 340.9831094360
68 322.7433974031
72 228.7516121672
106 170.5035227960
162 138.1942878824
180 109.4457038728
256 92.7893013563
300 211.2959375929
evaluations raw_y
1 11696.4426862651
2 859.9294216107
3 316.6112406804
24 310.3711600198
54 309.4575575453
59 243.4597654402
88 177.5536964627
112 158.6677525358
149 144.8193634238
150 124.8508965207
193 110.2258163749
300 178.0334299472
evaluations raw_y
1 11696.4426862651
2 859.9294216107
3 316.6112406804
24 310.3711600198
54 309.4575575453
59 243.4597654402
88 177.5536964627
112 158.6677525358
149 144.8193634238
150 124.8508965207
193 110.2258163749
300 178.0334299472
evaluations raw_y
1 11696.4426862651
2 859.9294216107
3 316.6112406804
24 310.3711600198
54 309.4575575453
59 243.4597654402
88 177.5536964627
112 158.6677525358
149 144.8193634238
150 124.8508965207
193 110.2258163749
300 178.0334299472
evaluations raw_y
1 11696.4426862651
2 859.9294216107
3 316.6112406804
24 310.3711600198
54 309.4575575453
59 243.4597654402
88 177.5536964627
112 158.6677525358
149 144.8193634238
150 124.8508965207
193 110.2258163749
300 178.0334299472
evaluations raw_y
1 11696.4426862651
2 859.9294216107
3 316.6112406804
24 310.3711600198
54 309.4575575453
59 243.4597654402
88 177.5536964627
112 158.6677525358
149 144.8193634238
150 124.8508965207
193 110.2258163749
300 178.0334299472
evaluations raw_y
1 730.1203918815
7 529.6674040365
14 461.6427900815
42 417.4143250252
47 207.5045735289
52 181.3024377802
53 163.6131157609
62 153.7595523140
84 151.9375468510
155 136.5510745398
182 122.3821517371
187 101.8102913917
189 98.7037985560
230 85.1882953930
282 79.7259446721
284 77.7498260561
300 196.9156533471
evaluations raw_y
1 730.1203918815
7 529.6674040365
14 461.6427900815
42 417.4143250252
47 207.5045735289
52 181.3024377802
53 163.6131157609
62 153.7595523140
84 151.9375468510
155 136.5510745398
182 122.3821517371
187 101.8102913917
189 98.7037985560
230 85.1882953930
282 79.7259446721
284 77.7498260561
300 196.9156533471
evaluations raw_y
1 730.1203918815
7 529.6674040365
14 461.6427900815
42 417.4143250252
47 207.5045735289
52 181.3024377802
53 163.6131157609
62 153.7595523140
84 151.9375468510
155 136.5510745398
182 122.3821517371
187 101.8102913917
189 98.7037985560
230 85.1882953930
282 79.7259446721
284 77.7498260561
300 196.9156533471
evaluations raw_y
1 730.1203918815
7 529.6674040365
14 461.6427900815
42 417.4143250252
47 207.5045735289
52 181.3024377802
53 163.6131157609
62 153.7595523140
84 151.9375468510
155 136.5510745398
182 122.3821517371
187 101.8102913917
189 98.7037985560
230 85.1882953930
282 79.7259446721
284 77.7498260561
300 196.9156533471
evaluations raw_y
1 730.1203918815
7 529.6674040365
14 461.6427900815
42 417.4143250252
47 207.5045735289
52 181.3024377802
53 163.6131157609
62 153.7595523140
84 151.9375468510
155 136.5510745398
182 122.3821517371
187 101.8102913917
189 98.7037985560
230 85.1882953930
282 79.7259446721
284 77.7498260561
300 196.9156533471
evaluations raw_y
1 844.7391546194
3 639.2073104404
25 413.9172842426
35 374.6939924278
44 361.9506720764
50 332.9024164297
56 301.9983103734
57 290.2141087858
66 166.8326922176
106 163.5132412448
114 149.8142085370
123 144.0181565858
179 126.8001849457
223 116.5095699944
232 114.1026624230
241 101.7990778930
300 259.9179471536
evaluations raw_y
1 844.7391546194
3 639.2073104404
25 413.9172842426
35 374.6939924278
44 361.9506720764
50 332.9024164297
56 301.9983103734
57 290.2141087858
66 166.8326922176
106 163.5132412448
114 149.8142085370
123 144.0181565858
179 126.8001849457
223 116.5095699944
232 114.1026624230
241 101.7990778930
300 259.9179471536
evaluations raw_y
1 844.7391546194
3 639.2073104404
25 413.9172842426
35 374.6939924278
44 361.9506720764
50 332.9024164297
56 301.9983103734
57 290.2141087858
66 166.8326922176
106 163.5132412448
114 149.8142085370
123 144.0181565858
179 126.8001849457
223 116.5095699944
232 114.1026624230
241 101.7990778930
300 259.9179471536
evaluations raw_y
1 844.7391546194
3 639.2073104404
25 413.9172842426
35 374.6939924278
44 361.9506720764
50 332.9024164297
56 301.9983103734
57 290.2141087858
66 166.8326922176
106 163.5132412448
114 149.8142085370
123 144.0181565858
179 126.8001849457
223 116.5095699944
232 114.1026624230
241 101.7990778930
300 259.9179471536
evaluations raw_y
1 844.7391546194
3 639.2073104404
25 413.9172842426
35 374.6939924278
44 361.9506720764
50 332.9024164297
56 301.9983103734
57 290.2141087858
66 166.8326922176
106 163.5132412448
114 149.8142085370
123 144.0181565858
179 126.8001849457
223 116.5095699944
232 114.1026624230
241 101.7990778930
300 259.9179471536
evaluations raw_y
1 885.4461315913
6 386.3137207828
54 365.9787823549
58 357.2737985288
62 284.0855780009
70 240.5263245325
79 201.3488308973
81 165.7055098125
105 152.6607686139
143 134.2105892862
175 127.5637856577
203 124.5215885146
220 109.2452910073
221 106.9494666685
257 106.4487641118
300 198.3850664030
evaluations raw_y
1 885.4461315913
6 386.3137207828
54 365.9787823549
58 357.2737985288
62 284.0855780009
70 240.5263245325
79 201.3488308973
81 165.7055098125
105 152.6607686139
143 134.2105892862
175 127.5637856577
203 124.5215885146
220 109.2452910073
221 106.9494666685
257 106.4487641118
300 198.3850664030
evaluations raw_y
1 885.4461315913
6 386.3137207828
54 365.9787823549
58 357.2737985288
62 284.0855780009
70 240.5263245325
79 201.3488308973
81 165.7055098125
105 152.6607686139
143 134.2105892862
175 127.5637856577
203 124.5215885146
220 109.2452910073
221 106.9494666685
257 106.4487641118
300 198.3850664030
evaluations raw_y
1 885.4461315913
6 386.3137207828
54 365.9787823549
58 357.2737985288
62 284.0855780009
70 240.5263245325
79 201.3488308973
81 165.7055098125
105 152.6607686139
143 134.2105892862
175 127.5637856577
203 124.5215885146
220 109.2452910073
221 106.9494666685
257 106.4487641118
300 198.3850664030
evaluations raw_y
1 885.4461315913
6 386.3137207828
54 365.9787823549
58 357.2737985288
62 284.0855780009
70 240.5263245325
79 201.3488308973
81 165.7055098125
105 152.6607686139
143 134.2105892862
175 127.5637856577
203 124.5215885146
220 109.2452910073
221 106.9494666685
257 106.4487641118
300 198.3850664030
evaluations raw_y
1 2403.6503028442
2 772.0888532367
4 764.7283359391
5 463.9568719513
15 382.0608992929
45 375.8068201234
48 365.8860556514
49 336.2434528260
56 306.2242882553
58 283.1208055566
74 265.7223505962
82 248.2890692147
103 242.8641771587
113 237.2174347028
115 216.6403381893
123 153.2295773136
129 142.9055217075
175 137.7705452637
202 115.4688363062
232 114.0187347635
300 143.0308810963
evaluations raw_y
1 2403.6503028442
2 772.0888532367
4 764.7283359391
5 463.9568719513
15 382.0608992929
45 375.8068201234
48 365.8860556514
49 336.2434528260
56 306.2242882553
58 283.1208055566
74 265.7223505962
82 248.2890692147
103 242.8641771587
113 237.2174347028
115 216.6403381893
123 153.2295773136
129 142.9055217075
175 137.7705452637
202 115.4688363062
232 114.0187347635
300 143.0308810963
evaluations raw_y
1 2403.6503028442
2 772.0888532367
4 764.7283359391
5 463.9568719513
15 382.0608992929
45 375.8068201234
48 365.8860556514
49 336.2434528260
56 306.2242882553
58 283.1208055566
74 265.7223505962
82 248.2890692147
103 242.8641771587
113 237.2174347028
115 216.6403381893
123 153.2295773136
129 142.9055217075
175 137.7705452637
202 115.4688363062
232 114.0187347635
300 143.0308810963
evaluations raw_y
1 2403.6503028442
2 772.0888532367
4 764.7283359391
5 463.9568719513
15 382.0608992929
45 375.8068201234
48 365.8860556514
49 336.2434528260
56 306.2242882553
58 283.1208055566
74 265.7223505962
82 248.2890692147
103 242.8641771587
113 237.2174347028
115 216.6403381893
123 153.2295773136
129 142.9055217075
175 137.7705452637
202 115.4688363062
232 114.0187347635
300 143.0308810963
evaluations raw_y
1 2403.6503028442
2 772.0888532367
4 764.7283359391
5 463.9568719513
15 382.0608992929
45 375.8068201234
48 365.8860556514
49 336.2434528260
56 306.2242882553
58 283.1208055566
74 265.7223505962
82 248.2890692147
103 242.8641771587
113 237.2174347028
115 216.6403381893
123 153.2295773136
129 142.9055217075
175 137.7705452637
202 115.4688363062
232 114.0187347635
300 143.0308810963
evaluations raw_y
1 2076.9658975831
3 676.1087820995
6 483.5578002764
7 383.0885405391
15 354.8821519683
47 344.2977086706
51 335.1462928655
52 306.3346106202
56 282.9251971482
57 268.6645437547
77 265.8333960148
100 146.7561975631
174 134.3962247838
192 116.2696338588
196 114.1226402953
284 105.4209899480
297 104.0013010483
300 153.0585504990
evaluations raw_y
1 2076.9658975831
3 676.1087820995
6 483.5578002764
7 383.0885405391
15 354.8821519683
47 344.2977086706
51 335.1462928655
52 306.3346106202
56 282.9251971482
57 268.6645437547
77 265.8333960148
100 146.7561975631
174 134.3962247838
192 116.2696338588
196 114.1226402953
284 105.4209899480
297 104.0013010483
300 153.0585504990
evaluations raw_y
1 2076.9658975831
3 676.1087820995
6 483.5578002764
7 383.0885405391
15 354.8821519683
47 344.2977086706
51 335.1462928655
52 306.3346106202
56 282.9251971482
57 268.6645437547
77 265.8333960148
100 146.7561975631
174 134.3962247838
192 116.2696338588
196 114.1226402953
284 105.4209899480
297 104.0013010483
300 153.0585504990
evaluations raw_y
1 2076.9658975831
3 676.1087820995
6 483.5578002764
7 383.0885405391
15 354.8821519683
47 344.2977086706
51 335.1462928655
52 306.3346106202
56 282.9251971482
57 268.6645437547
77 265.8333960148
100 146.7561975631
174 134.3962247838
192 116.2696338588
196 114.1226402953
284 105.4209899480
297 104.0013010483
300 153.0585504990
evaluations raw_y
1 2076.9658975831
3 676.1087820995
6 483.5578002764
7 383.0885405391
15 354.8821519683
47 344.2977086706
51 335.1462928655
52 306.3346106202
56 282.9251971482
57 268.6645437547
77 265.8333960148
100 146.7561975631
174 134.3962247838
192 116.2696338588
196 114.1226402953
284 105.4209899480
297 104.0013010483
300 153.0585504990
evaluations raw_y
1 720.0727449836
7 406.4286855924
38 391.3927411805
44 308.7469261752
52 272.4082690501
73 239.4533137131
82 213.5883136456
91 154.0269401270
174 137.2113371773
178 121.2026350837
180 110.9835212844
193 110.4107191709
209 101.0397859889
226 96.7523689343
228 91.1299826931
229 84.1445569400
237 79.0152492356
241 72.3584476075
300 425.0647760520
evaluations raw_y
1 720.0727449836
7 406.4286855924
38 391.3927411805
44 308.7469261752
52 272.4082690501
73 239.4533137131
82 213.5883136456
91 154.0269401270
174 137.2113371773
178 121.2026350837
180 110.9835212844
193 110.4107191709
209 101.0397859889
226 96.7523689343
228 91.1299826931
229 84.1445569400
237 79.0152492356
241 72.3584476075
300 425.0647760520
evaluations raw_y
1 720.0727449836
7 406.4286855924
38 391.3927411805
44 308.7469261752
52 272.4082690501
73 239.4533137131
82 213.5883136456
91 154.0269401270
174 137.2113371773
178 121.2026350837
180 110.9835212844
193 110.4107191709
209 101.0397859889
226 96.7523689343
228 91.1299826931
229 84.1445569400
237 79.0152492356
241 72.3584476075
300 425.0647760520
evaluations raw_y
1 720.0727449836
7 406.4286855924
38 391.3927411805
44 308.7469261752
52 272.4082690501
73 239.4533137131
82 213.5883136456
91 154.0269401270
174 137.2113371773
178 121.2026350837
180 110.9835212844
193 110.4107191709
209 101.0397859889
226 96.7523689343
228 91.1299826931
229 84.1445569400
237 79.0152492356
241 72.3584476075
300 425.0647760520
evaluations raw_y
1 720.0727449836
7 406.4286855924
38 391.3927411805
44 308.7469261752
52 272.4082690501
73 239.4533137131
82 213.5883136456
91 154.0269401270
174 137.2113371773
178 121.2026350837
180 110.9835212844
193 110.4107191709
209 101.0397859889
226 96.7523689343
228 91.1299826931
229 84.1445569400
237 79.0152492356
241 72.3584476075
300 425.0647760520
evaluations raw_y
1 1606.4646058715
6 521.3593397460
29 486.7779403200
32 471.6999575846
33 430.8909123887
35 408.1620394479
43 327.0748571021
44 298.1152993211
55 214.9310057568
88 192.4357449415
118 181.8200961478
142 170.6827915358
161 149.1949028578
173 144.7349486829
184 116.0297793819
232 113.5244672685
254 112.0994802214
300 3678.3730864961
evaluations raw_y
1 1606.4646058715
6 521.3593397460
29 486.7779403200
32 471.6999575846
33 430.8909123887
35 408.1620394479
43 327.0748571021
44 298.1152993211
55 214.9310057568
88 192.4357449415
118 181.8200961478
142 170.6827915358
161 149.1949028578
173 144.7349486829
184 116.0297793819
232 113.5244672685
254 112.0994802214
300 3678.3730864961
evaluations raw_y
1 1606.4646058715
6 521.3593397460
29 486.7779403200
32 471.6999575846
33 430.8909123887
35 408.1620394479
43 327.0748571021
44 298.1152993211
55 214.9310057568
88 192.4357449415
118 181.8200961478
142 170.6827915358
161 149.1949028578
173 144.7349486829
184 116.0297793819
232 113.5244672685
254 112.0994802214
300 3678.3730864961
evaluations raw_y
1 1606.4646058715
6 521.3593397460
29 486.7779403200
32 471.6999575846
33 430.8909123887
35 408.1620394479
43 327.0748571021
44 298.1152993211
55 214.9310057568
88 192.4357449415
118 181.8200961478
142 170.6827915358
161 149.1949028578
173 144.7349486829
184 116.0297793819
232 113.5244672685
254 112.0994802214
300 3678.3730864961
evaluations raw_y
1 1606.4646058715
6 521.3593397460
29 486.7779403200
32 471.6999575846
33 430.8909123887
35 408.1620394479
43 327.0748571021
44 298.1152993211
55 214.9310057568
88 192.4357449415
118 181.8200961478
142 170.6827915358
161 149.1949028578
173 144.7349486829
184 116.0297793819
232 113.5244672685
254 112.0994802214
300 3678.3730864961
evaluations raw_y
1 554.8009457433
3 442.7305613117
8 429.2247705959
15 388.4047364187
44 294.3481529488
56 250.6427859840
59 176.4534136478
98 174.4256247389
112 169.5979586950
137 164.5448370136
157 147.1401854400
163 145.6265755679
200 119.5112513626
213 106.9362773342
276 95.9741786611
288 95.4733674157
300 106.0111372328
evaluations raw_y
1 554.8009457433
3 442.7305613117
8 429.2247705959
15 388.4047364187
44 294.3481529488
56 250.6427859840
59 176.4534136478
98 174.4256247389
112 169.5979586950
137 164.5448370136
157 147.1401854400
163 145.6265755679
200 119.5112513626
213 106.9362773342
276 95.9741786611
288 95.4733674157
300 106.0111372328
evaluations raw_y
1 554.8009457433
3 442.7305613117
8 429.2247705959
15 388.4047364187
44 294.3481529488
56 250.6427859840
59 176.4534136478
98 174.4256247389
112 169.5979586950
137 164.5448370136
157 147.1401854400
163 145.6265755679
200 119.5112513626
213 106.9362773342
276 95.9741786611
288 95.4733674157
300 106.0111372328
evaluations raw_y
1 554.8009457433
3 442.7305613117
8 429.2247705959
15 388.4047364187
44 294.3481529488
56 250.6427859840
59 176.4534136478
98 174.4256247389
112 169.5979586950
137 164.5448370136
157 147.1401854400
163 145.6265755679
200 119.5112513626
213 106.9362773342
276 95.9741786611
288 95.4733674157
300 106.0111372328
evaluations raw_y
1 554.8009457433
3 442.7305613117
8 429.2247705959
15 388.4047364187
44 294.3481529488
56 250.6427859840
59 176.4534136478
98 174.4256247389
112 169.5979586950
137 164.5448370136
157 147.1401854400
163 145.6265755679
200 119.5112513626
213 106.9362773342
276 95.9741786611
288 95.4733674157
300 106.0111372328
evaluations raw_y
1 2020.1429642543
2 922.5168148795
4 738.4825514189
5 612.0485370853
6 547.6512039812
39 345.0517379429
47 330.2709051596
48 321.8582166286
54 285.6756891872
73 219.6368717801
129 184.4175979983
131 168.2757333809
159 135.3771436181
205 130.1678534155
218 120.1229986085
242 119.9968902262
300 144.6599807020
evaluations raw_y
1 2020.1429642543
2 922.5168148795
4 738.4825514189
5 612.0485370853
6 547.6512039812
39 345.0517379429
47 330.2709051596
48 321.8582166286
54 285.6756891872
73 219.6368717801
129 184.4175979983
131 168.2757333809
159 135.3771436181
205 130.1678534155
218 120.1229986085
242 119.9968902262
300 144.6599807020
evaluations raw_y
1 2020.1429642543
2 922.5168148795
4 738.4825514189
5 612.0485370853
6 547.6512039812
39 345.0517379429
47 330.2709051596
48 321.8582166286
54 285.6756891872
73 219.6368717801
129 184.4175979983
131 168.2757333809
159 135.3771436181
205 130.1678534155
218 120.1229986085
242 119.9968902262
300 144.6599807020
evaluations raw_y
1 2020.1429642543
2 922.5168148795
4 738.4825514189
5 612.0485370853
6 547.6512039812
39 345.0517379429
47 330.2709051596
48 321.8582166286
54 285.6756891872
73 219.6368717801
129 184.4175979983
131 168.2757333809
159 135.3771436181
205 130.1678534155
218 120.1229986085
242 119.9968902262
300 144.6599807020
evaluations raw_y
1 2020.1429642543
2 922.5168148795
4 738.4825514189
5 612.0485370853
6 547.6512039812
39 345.0517379429
47 330.2709051596
48 321.8582166286
54 285.6756891872
73 219.6368717801
129 184.4175979983
131 168.2757333809
159 135.3771436181
205 130.1678534155
218 120.1229986085
242 119.9968902262
300 144.6599807020
