evaluations raw_y
1 212.4942217906
2 93.2013453977
3 1.3757099370
9 1.0528372674
39 0.4188437465
65 0.3563671892
68 0.0692651901
69 0.0681769594
71 0.0427609590
83 0.0330280425
89 0.2062018844
evaluations raw_y
1 212.4942217906
2 93.2013453977
3 1.3757099370
9 1.0528372674
31 0.9399583737
32 0.3728524302
40 0.1895696511
65 0.1551402832
81 0.1255331551
82 0.1005056639
85 0.0253773639
89 0.0781750375
evaluations raw_y
1 212.4942217906
2 93.2013453977
3 1.3757099370
9 1.0528372674
69 0.9089922750
70 0.6431877396
82 0.4934238274
84 0.3959626138
89 0.5750847433
evaluations raw_y
1 212.4942217906
2 93.2013453977
3 1.3757099370
9 1.0528372674
21 0.7488861710
32 0.3742663324
46 0.3211478500
49 0.1167559489
61 0.0805645014
71 0.0599230116
77 0.0488377556
78 0.0329196147
79 0.0160137299
82 0.0156949843
89 0.0422885438
evaluations raw_y
1 212.4942217906
2 93.2013453977
3 1.3757099370
9 1.0528372674
89 2.1746282888
evaluations raw_y
1 78.8347367934
2 74.3968095486
3 53.7161133002
4 4.5402805556
56 3.2030434482
58 1.7097296582
71 1.0734446920
77 0.5307974834
85 0.2521465792
89 1.1514226305
evaluations raw_y
1 78.8347367934
2 74.3968095486
3 53.7161133002
4 4.5402805556
19 3.3110259291
24 0.6584353662
64 0.5095947235
66 0.2777814911
67 0.1330068065
71 0.1276557736
73 0.0906054080
75 0.0541429304
89 0.9734885450
evaluations raw_y
1 78.8347367934
2 74.3968095486
3 53.7161133002
4 4.5402805556
12 4.4424200611
19 2.0078901257
22 1.2773462418
43 0.9992581012
46 0.5398795539
70 0.4334467976
73 0.4010136058
76 0.3058330726
79 0.2290787135
84 0.1157679302
89 0.2700785363
evaluations raw_y
1 78.8347367934
2 74.3968095486
3 53.7161133002
4 4.5402805556
13 3.5841609535
19 3.1729661792
32 1.5548379699
35 1.2502992808
39 0.8734134689
51 0.5901163596
54 0.4298402308
63 0.2252720263
74 0.1535313719
83 0.0619724481
89 0.6848215894
evaluations raw_y
1 78.8347367934
2 74.3968095486
3 53.7161133002
4 4.5402805556
18 1.3987930461
31 1.2388615531
44 1.1358076152
46 0.7808240851
52 0.2737058632
76 0.1512474126
85 0.0795691010
87 0.0718033844
89 0.1655880315
evaluations raw_y
1 64.8077485781
2 7.0300604495
17 5.8659429605
34 3.0931652893
42 2.7363758140
44 2.6795017806
53 2.0722669202
60 0.6469718921
68 0.4194742635
77 0.2466708180
87 0.1016405955
89 0.5104606568
evaluations raw_y
1 64.8077485781
2 7.0300604495
14 5.9380101175
18 5.9284583100
21 2.7822702083
41 1.1541786422
58 0.8532926558
63 0.4153594895
69 0.0745041527
78 0.0502289393
89 0.3221690466
evaluations raw_y
1 64.8077485781
2 7.0300604495
19 6.2512672717
26 4.6343187086
42 3.6333497189
49 3.0775609380
52 2.3417046349
56 1.7700007891
57 0.6295358183
74 0.4100759651
78 0.3242006509
80 0.2256019021
89 0.7684003607
evaluations raw_y
1 64.8077485781
2 7.0300604495
15 1.7291124691
48 1.5392256932
53 1.5339532790
58 0.9813777129
65 0.5288326445
66 0.2634206188
70 0.1473180717
89 0.0521484106
evaluations raw_y
1 64.8077485781
2 7.0300604495
23 3.5985789433
30 3.0543739842
47 2.5188551472
48 2.0720485438
50 1.0232050876
56 0.1118851145
80 0.0382410428
89 0.2031349669
evaluations raw_y
1 54.9264812122
2 27.6244666523
7 15.7233901299
9 13.0601396002
10 3.0078482661
16 1.2566954535
17 1.2298132580
40 0.8273372901
46 0.2968944645
57 0.2393605010
65 0.1117626464
72 0.0509086609
79 0.0125905770
81 0.0098381836
89 0.3411429806
evaluations raw_y
1 54.9264812122
2 27.6244666523
7 15.7233901299
9 13.0601396002
10 5.9720712435
16 3.9543045190
19 2.4687419326
29 0.6227388714
51 0.5687575703
54 0.4252719981
59 0.2729910433
61 0.1163642150
64 0.1112856461
77 0.0975354153
78 0.0959713460
89 0.1333621253
evaluations raw_y
1 54.9264812122
2 27.6244666523
7 15.7233901299
9 13.0601396002
10 3.7922976837
11 2.1535185739
17 1.2964718465
37 0.8376025900
40 0.5403854262
47 0.3879125352
48 0.3315627112
59 0.1472562085
88 0.1186801837
89 0.0748431365
evaluations raw_y
1 54.9264812122
2 27.6244666523
7 15.7233901299
9 13.0601396002
10 6.7803292253
13 6.4606106363
34 6.0628899882
36 3.5336903906
41 2.6837916306
44 2.6626336703
45 1.3805109704
52 0.1522822551
73 0.1037349162
86 0.0788764678
89 0.5256106030
evaluations raw_y
1 54.9264812122
2 27.6244666523
7 15.7233901299
9 13.0601396002
17 9.7328433476
25 6.1613334935
39 5.9332901249
40 5.8830858617
48 4.4871319419
54 1.5399914439
63 1.5064847377
72 0.7538231751
81 0.5410118427
85 0.1345359432
89 1.2838437722
evaluations raw_y
1 5.7002119477
8 3.2950732754
20 2.0421771106
26 0.5938531613
57 0.5878885118
61 0.1590300239
73 0.1068286874
76 0.0990233171
89 0.3888134308
evaluations raw_y
1 5.7002119477
8 3.2950732754
12 2.7065298851
24 2.6324923263
39 2.5042966744
44 1.2981861170
53 0.7281795587
59 0.2121780390
66 0.1464199102
82 0.1257605984
89 0.3682162008
evaluations raw_y
1 5.7002119477
8 3.2950732754
32 3.2419744896
43 2.8955284873
45 0.8099294517
49 0.7644277134
59 0.5325716828
77 0.4884904947
79 0.1384713195
89 0.1550273227
evaluations raw_y
1 5.7002119477
8 3.2950732754
12 3.2674138706
13 2.7200300650
22 1.1210373976
58 0.3692282917
73 0.1936899577
78 0.1620092831
81 0.1343694744
89 0.2156407612
evaluations raw_y
1 5.7002119477
8 3.2950732754
44 0.3861173720
75 0.3859155019
84 0.2205911055
86 0.2145800582
87 0.1963211957
89 0.5744629253
evaluations raw_y
1 108.3133995997
2 4.4329261579
8 1.4954057887
10 1.4924006168
31 1.3883750960
38 1.2845828241
39 1.2758018331
42 0.3093700553
70 0.1883338655
76 0.1443429880
88 0.0715741874
89 0.2088521194
evaluations raw_y
1 108.3133995997
2 4.4329261579
8 1.4954057887
46 0.7233846751
61 0.6863824377
73 0.1417693127
89 0.4070022940
evaluations raw_y
1 108.3133995997
2 4.4329261579
8 1.4954057887
36 1.1505190419
42 1.0951697799
43 0.8673381574
48 0.7775526374
50 0.6417139660
51 0.5276604697
54 0.3380060688
58 0.2279525930
71 0.1488278141
86 0.0845674371
88 0.0154470029
89 0.3485862557
evaluations raw_y
1 108.3133995997
2 4.4329261579
8 1.4954057887
36 1.3520796486
37 0.2105616596
64 0.1894389022
73 0.1301433255
76 0.1298481502
77 0.1052901443
79 0.0692898787
81 0.0504871085
89 0.1803503523
evaluations raw_y
1 108.3133995997
2 4.4329261579
8 1.4954057887
29 1.1027503830
33 0.7869339028
45 0.3594552847
63 0.1647706695
64 0.1224368856
82 0.1133974460
84 0.1118904078
89 0.0825466444
evaluations raw_y
1 4.5791680225
16 3.1492790098
25 2.5904178789
34 2.4092786698
37 2.3288256700
42 1.3262407446
45 0.8621211924
61 0.7006985307
64 0.1846200042
84 0.1673996803
85 0.1233537323
89 0.1483130106
evaluations raw_y
1 4.5791680225
21 4.0676226042
27 2.5654459594
39 2.1870475287
44 1.5355728826
51 0.6764310056
52 0.2888499872
82 0.1520083025
84 0.1091096929
89 0.0950892004
evaluations raw_y
1 4.5791680225
10 3.2432434073
18 1.6530123241
31 1.0345173360
36 0.3553466857
59 0.3347396188
60 0.2668318554
63 0.2480404517
66 0.1780624398
84 0.0861891796
89 0.2262689298
evaluations raw_y
1 4.5791680225
27 4.3579481258
30 3.7308136535
34 2.3359664782
45 1.2588585305
65 0.5516749781
74 0.4147668602
77 0.3999462278
80 0.2110336887
86 0.0924397222
89 0.3118360631
evaluations raw_y
1 4.5791680225
21 3.8517986699
32 0.4652304157
54 0.2922726255
58 0.2827613620
68 0.2479591431
70 0.1170664171
85 0.0869212037
86 0.0677659266
89 0.2647648630
evaluations raw_y
1 68.8735713331
2 63.5081818289
3 61.6709369688
4 39.4861382482
8 7.2132148355
20 3.1436323749
36 1.0001918211
47 0.9883457640
53 0.9363734442
54 0.2274386369
78 0.0572535100
86 0.0459243595
89 0.3431034070
evaluations raw_y
1 68.8735713331
2 63.5081818289
3 61.6709369688
4 39.4861382482
8 7.2132148355
18 4.7600375749
21 4.3416267106
24 2.2612671021
48 2.0183659579
56 1.3986692600
64 1.0585164131
66 0.9760744890
69 0.0565666345
89 0.6056829396
evaluations raw_y
1 68.8735713331
2 63.5081818289
3 61.6709369688
4 39.4861382482
8 7.2132148355
18 4.6759381445
20 3.4004209319
21 3.3845230506
43 1.2299655811
51 0.4112035883
68 0.3958448801
70 0.3873814504
71 0.0846471306
89 0.3902410109
evaluations raw_y
1 68.8735713331
2 63.5081818289
3 61.6709369688
4 39.4861382482
8 7.2132148355
19 5.1359302033
21 4.9596379677
22 4.7099097911
24 4.6644182709
28 3.5213905306
29 3.2691504273
30 1.3103779236
62 1.0388017136
64 0.9422797264
68 0.5357642348
72 0.3978639148
83 0.1786938796
84 0.1125650712
89 0.5401002854
evaluations raw_y
1 68.8735713331
2 63.5081818289
3 61.6709369688
4 39.4861382482
8 7.2132148355
17 2.8885499454
28 1.7009437356
51 1.5654292154
60 1.4418751865
62 1.2726534032
63 1.2259799919
64 0.9563315699
71 0.8691268128
77 0.7668035259
79 0.7441300570
85 0.3373041852
89 1.5828239079
evaluations raw_y
1 0.8621365021
39 0.5466057216
58 0.3003596471
62 0.1656867185
63 0.0633355213
87 0.0328980105
89 0.1430111515
evaluations raw_y
1 0.8621365021
47 0.3235769663
63 0.3007175416
66 0.0762747259
83 0.0259899607
89 0.0633652707
evaluations raw_y
1 0.8621365021
60 0.6881406537
80 0.5282281212
87 0.5233892970
89 1.1886203212
evaluations raw_y
1 0.8621365021
32 0.3576259382
33 0.3512508331
51 0.3352561704
52 0.2247078990
61 0.1872213503
69 0.0961604628
82 0.0182876442
87 0.0107457550
89 0.1155991723
evaluations raw_y
1 0.8621365021
53 0.5980482486
77 0.5168655052
78 0.3402405180
81 0.2426904864
82 0.1258879222
89 0.0777307004
evaluations raw_y
1 15.8182351214
16 3.8115517296
31 3.4816794793
33 2.9955821371
34 2.0840411315
37 1.3795771869
43 1.1358774952
54 0.7868360875
66 0.6881456993
70 0.4593319706
85 0.3852081286
87 0.2810811933
89 0.3291471137
evaluations raw_y
1 15.8182351214
26 12.8074982727
27 9.7311569831
32 9.0274918191
43 5.7399919110
55 4.0687053756
63 3.1747745221
66 2.2669167614
72 1.2862527845
74 0.9780632751
75 0.7223584632
89 3.6252644426
evaluations raw_y
1 15.8182351214
24 14.6398752355
31 7.2180304103
35 6.2971280070
37 3.6619947299
42 2.0522138333
48 1.8308277871
69 1.8212798925
70 1.6754853879
73 1.3833562600
75 0.9581379046
85 0.5061090489
89 1.2059675502
evaluations raw_y
1 15.8182351214
14 14.8400233809
16 3.3221662947
41 0.4932117374
63 0.3794942955
68 0.0738957887
77 0.0461371785
89 0.0504948360
evaluations raw_y
1 15.8182351214
32 4.9526761519
34 3.8133427660
40 3.4462001765
42 2.5569909911
52 1.0647197593
53 0.1263807859
66 0.0755993247
89 0.8110957206
evaluations raw_y
1 34.2926328119
2 33.7674296974
5 12.1412341448
8 7.0781874913
13 5.7120631689
15 3.8010453831
22 1.6721581710
27 1.2726133180
54 0.9929978716
58 0.4988377802
64 0.4046783641
84 0.2997046498
87 0.2055697847
89 0.1623090638
evaluations raw_y
1 34.2926328119
2 33.7674296974
5 12.1412341448
8 7.0781874913
13 5.7149257558
20 1.8009715323
21 0.1696068963
54 0.1430833659
71 0.1358269817
73 0.1024986329
79 0.0934795974
85 0.0526128993
89 0.0501184983
evaluations raw_y
1 34.2926328119
2 33.7674296974
5 12.1412341448
8 7.0781874913
10 2.9559742455
21 1.6334524585
26 1.1225525341
41 0.5854803829
48 0.4554630132
49 0.3436789132
53 0.1549194404
74 0.1217270858
81 0.0394511558
89 0.0899173168
evaluations raw_y
1 34.2926328119
2 33.7674296974
5 12.1412341448
8 7.0781874913
11 6.5548914348
19 2.1237952731
30 0.3374388231
54 0.2282888834
55 0.1295539919
68 0.0908162189
69 0.0660040398
83 0.0592445257
89 0.1671093308
evaluations raw_y
1 34.2926328119
2 33.7674296974
5 12.1412341448
8 7.0781874913
65 7.0114421792
80 6.5451757926
82 4.8051113248
89 25.8624682905
evaluations raw_y
1 24.2756245764
2 11.0446749030
5 9.2464452220
13 6.8564974918
26 6.7003731923
29 5.4327400945
37 3.7677413702
38 0.6637487587
54 0.2736745717
62 0.1898492108
79 0.1318908774
84 0.0399324516
89 0.1223650823
evaluations raw_y
1 24.2756245764
2 11.0446749030
5 9.2464452220
10 3.0992941297
30 3.0748989711
32 0.6983118995
37 0.0636877509
49 0.0318630823
71 0.0088300320
89 0.0682973834
evaluations raw_y
1 24.2756245764
2 11.0446749030
5 9.2464452220
12 6.3158394492
18 5.2123154244
21 4.0908152321
22 2.0187739813
24 1.7493411472
51 0.9332132575
52 0.3310083283
57 0.3180454848
73 0.1059199673
81 0.0936729728
89 0.0799172418
evaluations raw_y
1 24.2756245764
2 11.0446749030
5 9.2464452220
10 5.2155384872
22 4.6246098102
28 4.2512725084
29 3.3867778113
30 3.1472590011
33 2.5843030636
45 0.6330922459
46 0.5246664288
57 0.3860795199
72 0.2183329860
89 0.2616018073
evaluations raw_y
1 24.2756245764
2 11.0446749030
5 9.2464452220
16 6.9583710656
19 2.5646177278
30 1.5093372249
42 0.5283792402
63 0.2501792618
73 0.2215902540
74 0.1993503727
79 0.1746044661
81 0.1052524905
85 0.0815355835
86 0.0737249960
87 0.0669208347
89 0.3275115210
evaluations raw_y
1 20.3598754589
2 16.1475457543
4 1.3060517835
80 1.0767344122
81 0.9457358659
86 0.8465879390
89 0.5488997833
evaluations raw_y
1 20.3598754589
2 16.1475457543
4 1.3060517835
26 0.6534559447
63 0.4105829665
65 0.3215318761
66 0.2938677203
70 0.0814991725
80 0.0306173515
89 0.3605350527
evaluations raw_y
1 20.3598754589
2 16.1475457543
4 1.3060517835
56 1.2986919701
61 0.7972060641
76 0.2881583681
78 0.0979393685
89 0.6845907018
evaluations raw_y
1 20.3598754589
2 16.1475457543
4 1.3060517835
79 0.8615529777
89 4.4312719659
evaluations raw_y
1 20.3598754589
2 16.1475457543
4 1.3060517835
39 1.2547372052
43 0.1445418171
57 0.1039251061
74 0.0553865541
85 0.0493487143
87 0.0099228498
89 0.1216813755
evaluations raw_y
1 169.2450641504
2 92.0663884800
3 84.9967827887
4 1.0547732056
13 1.0051863731
32 0.5930452485
41 0.2840715171
59 0.2695335467
64 0.1429249243
74 0.1270759978
75 0.0722046938
81 0.0341701087
89 0.1037780571
evaluations raw_y
1 169.2450641504
2 92.0663884800
3 84.9967827887
4 1.0547732056
70 0.5920668140
74 0.3883203660
75 0.3327916665
89 0.6684720037
evaluations raw_y
1 169.2450641504
2 92.0663884800
3 84.9967827887
4 1.0547732056
46 0.9460303667
51 0.5533963972
64 0.3857960698
77 0.3826048277
78 0.0519049021
89 0.2903820016
evaluations raw_y
1 169.2450641504
2 92.0663884800
3 84.9967827887
4 1.0547732056
70 0.7538754804
80 0.6197280023
83 0.5212347822
84 0.5080861251
89 3.8076606245
evaluations raw_y
1 169.2450641504
2 92.0663884800
3 84.9967827887
4 1.0547732056
31 0.1223595728
72 0.0823032522
73 0.0373972400
89 0.1393976184
