evaluations raw_y
1 39452560.4395524263
2 22145286.2385778949
3 1910173.4731774589
5 165461.7264488636
7 67688.8622079394
36 54143.5977732412
51 21977.1552665260
63 12725.6841781690
69 838.8761623070
73 457.1302074386
87 12.3379069943
126 8.2823603303
149 77.8717770818
evaluations raw_y
1 39452560.4395524263
2 22145286.2385778949
3 1910173.4731774589
5 165461.7264488636
7 67688.8622079394
17 61918.2943763219
18 1914.2272362457
44 875.5618081097
76 234.5033155841
103 60.6957260189
129 57.6033277818
137 19.6007076970
147 14.7335998258
148 7.3943455029
149 63.8169579572
evaluations raw_y
1 39452560.4395524263
2 22145286.2385778949
3 1910173.4731774589
5 165461.7264488636
7 67688.8622079394
23 18813.8611024314
38 637.5785914990
93 457.9274096108
107 426.7373160857
124 423.2667693524
139 421.8571054369
149 463.4175335046
evaluations raw_y
1 39452560.4395524263
2 22145286.2385778949
3 1910173.4731774589
5 165461.7264488636
7 67688.8622079394
31 14719.9309428073
54 5994.0819217527
58 3690.5145264405
69 388.3923479105
114 152.4336139982
125 135.5530541941
132 114.5304979545
143 110.0057120763
149 586.9735897801
evaluations raw_y
1 39452560.4395524263
2 22145286.2385778949
3 1910173.4731774589
5 165461.7264488636
7 67688.8622079394
25 895.1280965513
83 52.8747232298
93 29.6042790062
107 14.8454984539
109 14.7713982983
149 207.8678901731
evaluations raw_y
1 12712880.3029422704
2 7575343.6124854600
4 1090661.0265587296
7 725071.7904859991
9 165573.2641529591
14 394.1613885705
96 96.4979859434
103 81.5670071399
149 232.8194038570
evaluations raw_y
1 12712880.3029422704
2 7575343.6124854600
4 1090661.0265587296
7 725071.7904859991
9 165573.2641529591
14 394.1613885705
59 186.9323148693
110 112.5062616617
117 103.1926106577
149 103.2090407026
evaluations raw_y
1 12712880.3029422704
2 7575343.6124854600
4 1090661.0265587296
7 725071.7904859991
9 165573.2641529591
14 394.1613885705
39 131.7508549092
111 130.3106672641
112 85.7200842795
115 84.9385523430
120 84.7091492245
134 80.5205214948
135 80.4690891584
139 79.2854291060
141 78.9856060952
149 88.8859822565
evaluations raw_y
1 12712880.3029422704
2 7575343.6124854600
4 1090661.0265587296
7 725071.7904859991
9 165573.2641529591
14 394.1613885705
28 358.1845930897
100 356.8307490726
106 338.2530868709
112 337.9134076794
114 330.2395049661
149 339.9206407329
evaluations raw_y
1 12712880.3029422704
2 7575343.6124854600
4 1090661.0265587296
7 725071.7904859991
9 165573.2641529591
14 394.1613885705
116 104.6230361950
124 45.5102124861
146 45.4801848200
149 112.4921836514
evaluations raw_y
1 2977669.6090656449
2 60048.3212341289
39 46890.4641894173
73 1154.1734366367
143 1149.0140108851
149 1173.9267445457
evaluations raw_y
1 2977669.6090656449
2 60048.3212341289
49 22192.6472032120
50 8290.9001897489
74 2756.7254949805
75 1601.6078857361
117 1553.0531454849
143 1530.3893594868
149 1527.2688053107
evaluations raw_y
1 2977669.6090656449
2 60048.3212341289
38 28207.8129319401
60 13898.4555900391
70 4039.9184610192
102 1150.7359672936
114 338.9412883322
131 338.4870477548
132 338.3688552665
149 3967.6363505174
evaluations raw_y
1 2977669.6090656449
2 60048.3212341289
39 43013.6353455686
40 2779.9338505117
61 316.9437096998
83 298.7424107469
93 132.8580048210
127 132.8285394598
149 189.4796682425
evaluations raw_y
1 2977669.6090656449
2 60048.3212341289
25 42370.5181760231
29 28936.1301459298
33 7511.6712382051
35 248.6139543826
59 113.0861042705
122 89.2588528055
124 64.2521297030
148 61.6404882758
149 384.1311591909
evaluations raw_y
1 881609.7050324176
2 504505.5561949640
8 176546.5067389023
27 128913.8103908064
29 475.9152001143
90 86.7203195354
109 71.6724728639
126 66.3173696135
136 66.0680830643
149 187.4197875730
evaluations raw_y
1 881609.7050324176
2 504505.5561949640
8 176546.5067389023
20 129556.2403145328
21 5693.8885858650
82 137.8568260233
85 67.1494410318
96 39.5383153685
147 39.1561648511
149 45.6084438439
evaluations raw_y
1 881609.7050324176
2 504505.5561949640
8 176546.5067389023
21 147514.7296630449
28 22235.3712893458
65 565.3727348508
88 540.7551368515
93 512.6614625674
107 510.1399716517
119 486.8651158573
140 486.5162309309
149 512.4742425059
evaluations raw_y
1 881609.7050324176
2 504505.5561949640
8 176546.5067389023
26 69215.2853407816
57 14362.5423349989
67 1726.3148194725
85 1086.1838384679
87 247.7179158434
102 63.5238268498
143 60.5009209068
149 230.8635823508
evaluations raw_y
1 881609.7050324176
2 504505.5561949640
8 176546.5067389023
44 5174.1838445759
84 360.1333810770
101 321.9165946175
114 255.5642590278
140 253.8116327620
141 236.2848327304
142 233.1404565789
148 228.1446980534
149 232.7962236637
evaluations raw_y
1 2480197.6503643366
2 664055.1853684136
4 601626.7294984100
6 48660.4624682340
7 3662.9900699840
39 1876.2906696961
65 121.3553462045
100 88.4377450684
102 75.5514968998
105 41.3478379667
110 39.6199664453
116 36.2981921682
149 44.0515394677
evaluations raw_y
1 2480197.6503643366
2 664055.1853684136
4 601626.7294984100
6 48660.4624682340
7 3662.9900699840
52 574.9739825845
54 57.7290082445
87 49.8817769203
127 44.9607999982
149 104.3897190410
evaluations raw_y
1 2480197.6503643366
2 664055.1853684136
4 601626.7294984100
6 48660.4624682340
7 3662.9900699840
51 187.1501947405
102 49.5642162283
117 43.9663715953
137 42.8895048110
149 72.6555383185
evaluations raw_y
1 2480197.6503643366
2 664055.1853684136
4 601626.7294984100
6 48660.4624682340
7 3662.9900699840
36 682.1599455277
44 114.9200678601
87 34.1217036412
113 32.3068348680
133 32.0978546271
136 28.1052652264
149 150.6028300854
evaluations raw_y
1 2480197.6503643366
2 664055.1853684136
4 601626.7294984100
6 48660.4624682340
7 3662.9900699840
22 2616.2460930468
38 138.3885080012
78 81.0372984353
121 78.2387577219
128 76.3480657425
149 98.2829275121
evaluations raw_y
1 634923.4016683238
8 270915.3276868913
9 22607.2361801965
22 4820.9618708903
43 1844.6815693861
69 770.4028198735
88 625.8783663867
98 522.0227142446
149 1367.5104523634
evaluations raw_y
1 634923.4016683238
8 270915.3276868913
9 22607.2361801965
46 14355.7549281712
51 3950.3651221314
53 2805.6567191894
81 918.8265078590
91 232.0690574379
94 167.0471838865
96 163.0453943163
149 529.7076445302
evaluations raw_y
1 634923.4016683238
8 270915.3276868913
9 22607.2361801965
40 3699.8163475194
51 1842.7994976094
79 322.4574889743
107 151.0802696350
115 28.2857844353
149 411.7389280222
evaluations raw_y
1 634923.4016683238
8 270915.3276868913
9 22607.2361801965
26 2278.4205004523
50 834.0943992612
70 450.5764266434
89 241.4220057651
108 196.9052633602
124 194.0546947800
131 188.1768006831
136 186.3010641264
149 213.4249555348
evaluations raw_y
1 634923.4016683238
8 270915.3276868913
9 22607.2361801965
39 2235.7025286185
85 1503.0818815053
90 1006.8826086970
95 406.7711888842
107 323.4864972218
115 105.1796907933
141 84.2160682225
149 454.9471418658
evaluations raw_y
1 47988617.8459075466
2 30092336.0814384222
4 246558.5141514754
13 112647.7373624530
30 74661.7655587442
32 35660.4548576410
51 11659.8224439674
73 8053.2818066909
87 577.3560143783
97 464.2235840945
106 447.8394134804
109 238.9778047616
131 226.2177489291
149 909.1283458450
evaluations raw_y
1 47988617.8459075466
2 30092336.0814384222
4 246558.5141514754
13 112647.7373624530
25 13627.5775286241
27 12073.7119541673
37 3697.6433090617
70 1236.4595136459
89 597.8904454693
115 367.0056731584
125 361.5737219988
149 361.7029723646
evaluations raw_y
1 47988617.8459075466
2 30092336.0814384222
4 246558.5141514754
13 112647.7373624530
38 28591.5681030928
40 14958.1315528380
66 7302.8013296256
78 2374.8002616455
89 241.8185537080
122 230.1144288184
145 204.4912256110
149 827.9167894389
evaluations raw_y
1 47988617.8459075466
2 30092336.0814384222
4 246558.5141514754
13 112647.7373624530
26 110529.5935882675
51 103666.2355985875
54 45794.2481741993
55 2616.3304808377
77 141.0660537157
103 81.0395515171
109 72.3008978543
123 70.5506869256
149 253.3535539378
evaluations raw_y
1 47988617.8459075466
2 30092336.0814384222
4 246558.5141514754
13 112647.7373624530
20 41008.8379948300
21 22889.4052553557
28 7918.9628682541
71 3331.0469876860
73 434.0578314646
86 84.9830510876
143 84.8291994177
149 268.9613879544
evaluations raw_y
1 1054889.8248207851
3 422751.6367829306
6 83371.8277711473
11 63435.9036728493
14 12265.2943928732
73 10265.2694349596
76 140.0837971273
103 128.4850948069
131 125.3982590363
133 105.2383925800
139 104.5336863455
149 381.4941722855
evaluations raw_y
1 1054889.8248207851
3 422751.6367829306
6 83371.8277711473
11 63435.9036728493
14 12265.2943928732
69 10647.8096136295
80 4278.8318224556
115 2635.8115218376
120 2143.3674937486
122 1808.3702765412
148 1806.6941777775
149 1868.6369771243
evaluations raw_y
1 1054889.8248207851
3 422751.6367829306
6 83371.8277711473
11 63435.9036728493
14 12265.2943928732
21 5847.4595163749
56 346.2461957826
69 92.4410932595
123 92.1290039681
149 101.8824260291
evaluations raw_y
1 1054889.8248207851
3 422751.6367829306
6 83371.8277711473
11 63435.9036728493
14 12265.2943928732
44 1800.8323312607
83 1281.8572575059
88 206.5895196891
112 174.3786896506
119 64.4969980819
130 39.3498195932
143 37.7880594337
149 549.9797553347
evaluations raw_y
1 1054889.8248207851
3 422751.6367829306
6 83371.8277711473
11 63435.9036728493
14 12265.2943928732
62 7145.4241740201
71 399.9565461045
106 301.9356041174
149 1025.6076310549
evaluations raw_y
1 7132921.4882575264
2 4994093.7378571788
3 3239572.0539747160
5 3208897.0970942974
6 553810.6006140368
7 411320.8925731239
10 72857.8296373421
34 62057.3753401059
41 3982.7997637384
45 1056.7454971059
71 359.1169017546
91 330.5106239358
97 317.4764059367
113 280.8922597866
119 280.3784029782
149 1189.2285237933
evaluations raw_y
1 7132921.4882575264
2 4994093.7378571788
3 3239572.0539747160
5 3208897.0970942974
6 553810.6006140368
7 411320.8925731239
10 72857.8296373421
22 1217.5692748553
85 488.5183312731
95 359.5308790053
96 331.0532737295
97 268.5714950622
104 264.5500112858
136 263.1237838276
149 264.9468730828
evaluations raw_y
1 7132921.4882575264
2 4994093.7378571788
3 3239572.0539747160
5 3208897.0970942974
6 553810.6006140368
7 411320.8925731239
10 72857.8296373421
27 25968.2707748017
44 221.1286602829
115 212.2346314064
147 211.5466951793
149 208.2844455875
evaluations raw_y
1 7132921.4882575264
2 4994093.7378571788
3 3239572.0539747160
5 3208897.0970942974
6 553810.6006140368
7 411320.8925731239
10 72857.8296373421
25 31147.6055773011
27 2245.9037962028
56 1352.1041630832
81 1118.3071424755
87 247.5919887050
99 218.4029624822
121 210.5767696138
127 167.6187409200
141 127.1615247410
144 126.9041190435
149 153.2128643613
evaluations raw_y
1 7132921.4882575264
2 4994093.7378571788
3 3239572.0539747160
5 3208897.0970942974
6 553810.6006140368
7 411320.8925731239
10 72857.8296373421
16 2610.8315224299
19 614.9389692302
53 129.5402797576
114 128.8763377895
125 128.7337327338
126 128.4468180681
136 128.2428935004
140 127.2511990996
143 126.4379515662
148 126.0880894781
149 126.2271934604
evaluations raw_y
1 7888666.3504680078
4 2098991.4263810297
5 121183.3702367061
7 36820.4492359835
24 276.0649462618
73 102.7726924405
97 75.0776531895
147 71.3415845879
149 114.0101648408
evaluations raw_y
1 7888666.3504680078
4 2098991.4263810297
5 121183.3702367061
7 36820.4492359835
24 4553.8622330833
41 503.4820188198
93 226.5867102668
95 73.6623278477
131 71.6871849804
149 142.2026987802
evaluations raw_y
1 7888666.3504680078
4 2098991.4263810297
5 121183.3702367061
7 36820.4492359835
25 1848.9444219065
51 217.4605429102
67 51.8740161816
101 23.8026757844
149 180.1607781132
evaluations raw_y
1 7888666.3504680078
4 2098991.4263810297
5 121183.3702367061
7 36820.4492359835
28 16288.3854640211
39 334.0977193033
94 193.7319818372
101 177.4631104164
119 170.1671983328
135 168.3362591855
146 166.8403477227
149 252.4861628750
evaluations raw_y
1 7888666.3504680078
4 2098991.4263810297
5 121183.3702367061
7 36820.4492359835
24 13582.2724450960
27 352.8499624061
107 328.0275745394
149 327.5209381270
evaluations raw_y
1 2105027.6080939607
2 436105.0760177122
21 119081.3528131398
24 32665.0879417684
27 1130.7491698546
63 619.4365345440
96 478.2433861946
104 212.6229347952
126 181.5357238172
128 172.4717546103
149 371.7982170992
evaluations raw_y
1 2105027.6080939607
2 436105.0760177122
20 238370.9790307788
23 21895.3708539813
61 7566.1762172699
78 931.9911666756
96 153.8642133197
100 86.7954360457
105 59.5895252720
130 52.1175646179
149 867.4117203620
evaluations raw_y
1 2105027.6080939607
2 436105.0760177122
24 289218.0370672024
31 4046.3959119823
86 3494.7499166582
92 3313.7028339336
96 1368.7983737911
100 493.4379373422
117 73.1835444794
122 69.1904030247
145 46.5831665747
149 1053.0399339379
evaluations raw_y
1 2105027.6080939607
2 436105.0760177122
19 16476.3064044236
57 132.0151541481
94 21.9754325782
100 21.0096086359
141 20.7963048595
145 20.7262122090
149 36.6293078511
evaluations raw_y
1 2105027.6080939607
2 436105.0760177122
29 14982.1035398776
53 10081.6676086003
88 1404.8812116700
101 194.7155647011
115 34.2982517853
149 439.3825313796
evaluations raw_y
1 33852599.6351478249
2 12820941.0416566394
6 9555587.6674785148
7 4167707.3312262301
15 157451.2405554696
17 6883.8973257066
43 87.4339918225
137 86.9332073361
141 86.2140597923
149 87.7863245652
evaluations raw_y
1 33852599.6351478249
2 12820941.0416566394
6 9555587.6674785148
7 4167707.3312262301
15 157451.2405554696
22 115325.1488592319
29 65692.9346773264
30 1325.4383525993
92 694.3558607321
113 565.8582383098
123 554.7541984205
124 540.1836239282
140 485.4020299462
149 582.3646232964
evaluations raw_y
1 33852599.6351478249
2 12820941.0416566394
6 9555587.6674785148
7 4167707.3312262301
15 157451.2405554696
19 47.5257040213
93 19.6956020259
149 20.1570834450
evaluations raw_y
1 33852599.6351478249
2 12820941.0416566394
6 9555587.6674785148
7 4167707.3312262301
15 157451.2405554696
17 22103.6524234303
56 3727.2491138360
60 610.5329914665
89 480.3908505544
99 158.7884246186
124 148.0590873908
136 132.4365251929
149 247.5515864986
evaluations raw_y
1 33852599.6351478249
2 12820941.0416566394
6 9555587.6674785148
7 4167707.3312262301
15 157451.2405554696
42 36610.9675741502
46 8102.7175212105
67 1480.8022539801
74 333.3507572400
134 152.3616114184
145 144.7765603254
149 512.9468112557
evaluations raw_y
1 5293992.7499658577
5 831276.8399193079
11 495825.6632970120
19 303.4197059823
56 200.4676055174
106 136.7039934148
108 121.5549425699
128 111.7973564773
130 110.2273900684
141 108.2332019355
142 107.7356824994
149 119.7178105098
evaluations raw_y
1 5293992.7499658577
5 831276.8399193079
11 495825.6632970120
29 273288.7636609658
42 124321.4023263276
45 3642.3486135274
94 574.8827205573
112 84.7682217525
142 83.9849696610
146 79.0871621312
149 88.0616714975
evaluations raw_y
1 5293992.7499658577
5 831276.8399193079
11 495825.6632970120
22 294713.9885593539
23 135628.6832031133
24 55301.3165557253
25 17981.6001823940
69 14947.5701030919
78 124.5344630874
115 109.2797740784
124 107.3901463085
127 84.2914923020
133 83.2908215499
149 1429.8538844906
evaluations raw_y
1 5293992.7499658577
5 831276.8399193079
11 495825.6632970120
22 368101.1337715511
23 63333.6967788899
26 4381.0045591033
81 4183.2475836170
82 389.9893380841
97 305.1183382574
149 305.5086933753
evaluations raw_y
1 5293992.7499658577
5 831276.8399193079
11 495825.6632970120
20 280697.0260730828
21 175272.9268260968
26 5510.4815361771
49 158.5611324467
103 93.1199561810
137 92.9015835930
149 93.9314254147
evaluations raw_y
1 16213892.0271858554
2 169517.6237022070
20 38404.4422969357
26 16457.5178601067
39 594.1423279818
41 247.5489840348
82 135.2767527983
118 104.0392975547
124 82.5259326670
149 108.1216826450
evaluations raw_y
1 16213892.0271858554
2 169517.6237022070
27 59689.3529089213
42 2881.3808119141
44 2701.7772117258
74 1528.1364314217
99 497.6142326586
102 367.5412927706
110 185.3519575215
131 114.6322290786
136 101.8354333264
141 57.0333049663
149 997.7186269088
evaluations raw_y
1 16213892.0271858554
2 169517.6237022070
32 35675.6512366943
48 56.4390850658
107 55.5831560602
117 40.9609677107
138 32.6186095743
139 30.6159183585
149 243.9081542498
evaluations raw_y
1 16213892.0271858554
2 169517.6237022070
16 31093.9896098813
22 23463.9092652479
24 22060.7795393590
32 1911.1476876392
34 1131.0300006556
77 645.2632187416
82 127.6047572586
104 54.5520063699
120 21.5827529346
149 372.5698751970
evaluations raw_y
1 16213892.0271858554
2 169517.6237022070
26 15021.3933249612
57 457.9349647871
76 267.9729033302
105 251.5434668425
121 190.6324595710
137 164.0152807280
141 161.7784146992
149 225.6522826951
