evaluations raw_y
1 66.7637250730
2 54.4519651202
3 46.0474438228
21 28.1096564907
33 23.5075369798
276 21.9603713376
300 62.0960133278
evaluations raw_y
1 57.2247743764
3 46.3661452966
6 40.2523426008
7 27.2572339442
131 20.0813273421
300 69.0905524885
evaluations raw_y
1 94.1026575341
2 88.9045136229
3 53.0688764158
16 20.3642370508
144 14.4547895345
300 46.0499657927
evaluations raw_y
1 52.3911785404
2 27.3775600759
40 23.9919961728
262 21.5589102219
300 128.4372776943
evaluations raw_y
1 81.3285237211
2 64.2544942323
4 56.0521922696
18 46.3099061780
32 37.3937817659
44 20.5959449327
135 19.0090027184
264 18.2404017235
300 63.9467449453
evaluations raw_y
1 105.1599437326
2 67.1599706551
3 55.3303656048
8 48.7701608933
11 28.4650327679
130 27.5280955934
164 27.0989228446
168 17.7022199824
300 117.6984839878
evaluations raw_y
1 111.6001925669
3 44.6642210604
5 35.6287728359
32 34.6749487658
69 32.8828887700
92 20.9678141807
300 78.8122078724
evaluations raw_y
1 67.4119369818
4 65.2937242555
9 44.4694233227
16 24.6442504840
84 21.2600062265
247 20.4102814414
300 82.7508181295
evaluations raw_y
1 38.1228737530
7 27.2977370537
98 23.8700826529
101 15.8544253809
300 136.8504554545
evaluations raw_y
1 82.3035542372
3 27.4042618745
6 27.0819320833
26 25.4762269692
74 25.2255321606
182 20.9277226702
300 53.1065258754
evaluations raw_y
1 53.8200913474
3 45.1196605366
33 42.9132043059
34 34.5147786167
70 25.4941082352
118 23.4944028428
300 64.0732506771
evaluations raw_y
1 34.3287728142
47 31.6414288825
98 30.1976735432
234 19.6169830179
300 126.3889118769
evaluations raw_y
1 67.6783957747
10 23.7670661107
300 100.7746639532
evaluations raw_y
1 86.4223662162
2 71.6199867496
3 39.2043948826
31 31.0660345441
88 24.5945336053
198 20.3646345277
300 106.5304535947
evaluations raw_y
1 86.9622771266
2 77.6851635667
3 63.1266613651
4 38.5370379347
44 36.0928141905
50 36.0903539107
62 33.2932578728
87 19.7572264377
300 60.6276286261
evaluations raw_y
1 84.2613442942
2 53.6205904444
3 43.0130850581
16 34.0841827610
18 13.3465831092
300 90.1403793028
evaluations raw_y
1 150.5111122198
2 75.1047860673
5 42.7822719879
6 28.7619918887
252 27.9330887802
300 91.9918967962
evaluations raw_y
1 55.0790671207
2 48.3519333008
14 34.1109797554
26 19.1180297670
300 83.1700709575
evaluations raw_y
1 70.8325232625
2 65.4447750918
9 34.3071864268
24 27.7205572863
128 24.7300921599
287 16.9523860059
300 57.1650347592
evaluations raw_y
1 48.5363372995
5 48.5244304939
10 34.3498678568
137 28.2510780526
198 24.3816914221
248 18.3884243847
300 68.9279180342
evaluations raw_y
1 94.6478172599
2 49.9997387159
4 30.6340002253
83 28.9364552427
84 23.4148526632
137 22.6375458424
300 101.4051676577
evaluations raw_y
1 131.8187506546
2 72.7158344170
3 57.9923318557
8 56.9644515425
9 53.1337945863
29 52.7529070096
33 51.2573990797
46 24.2880403265
195 23.6456531000
300 106.2526584730
evaluations raw_y
1 97.9365036005
2 77.3166599382
3 54.8564464189
5 42.1687895897
30 34.2599350748
39 16.7523920571
147 11.3236857628
300 79.7058380328
evaluations raw_y
1 46.9560161013
20 46.2999276692
45 41.0484068795
57 39.5207931651
58 37.4723625710
78 33.6835550310
81 27.4786157924
97 27.2882222816
122 26.8546349236
151 25.6175180185
300 54.8357527641
evaluations raw_y
1 68.3395238280
2 64.2217983868
3 26.7982723631
20 23.6077932945
300 117.2205069710
evaluations raw_y
1 34.8000821875
4 23.9786806058
45 22.9426314477
300 78.8086202993
evaluations raw_y
1 50.3044043899
2 35.2436226633
8 33.0921747864
10 33.0882213183
32 24.8193739018
300 122.2924728750
evaluations raw_y
1 66.5291793813
2 63.5528872213
3 41.7344121148
5 31.4501453373
7 21.4911654146
239 21.4391513255
281 19.1039395645
300 164.4894176883
evaluations raw_y
1 74.0950583896
4 63.6174318885
5 46.4643035829
14 40.9809120856
18 36.8281100968
56 15.5156272999
300 82.0162674005
evaluations raw_y
1 135.2022892410
2 101.3475222542
3 91.5797249907
4 68.0586166762
9 63.1153789993
10 14.8485695742
300 44.7624472495
evaluations raw_y
1 65.5418738257
6 39.6361275830
38 36.1696570566
39 28.4835259802
182 26.1749646073
300 58.0608378219
evaluations raw_y
1 128.9236001966
2 68.6651556182
4 43.0107339677
5 42.7181513968
10 26.9270620185
82 23.8048988150
300 98.0552148817
evaluations raw_y
1 38.4762180549
54 29.8098865424
118 21.7316703764
300 82.2277928421
evaluations raw_y
1 39.5047104562
13 34.7135479987
86 27.6848203451
94 26.0399530793
148 20.0231729052
300 84.7853312689
evaluations raw_y
1 125.5504439713
2 94.7634691710
3 67.3043078327
9 45.0107328301
12 24.3386278956
80 15.7470782507
300 101.4445791567
evaluations raw_y
1 112.9488099078
2 71.2046918715
4 55.7071657756
8 55.2841008864
11 44.5823615916
13 25.7017722795
33 22.3313624592
185 19.6226030714
300 83.3684519330
evaluations raw_y
1 143.4841244506
2 114.5387699393
3 100.2851536550
5 19.0751641776
300 63.2020257842
evaluations raw_y
1 152.8132425694
2 119.8407240263
3 55.5269845843
4 49.7663572099
5 25.3181754831
300 118.0302962738
evaluations raw_y
1 143.4317048120
2 58.4814799635
9 52.6369405994
14 48.9093572245
36 30.3783823823
135 23.2324326046
300 119.2348395473
evaluations raw_y
1 111.6100799839
2 70.3140669155
13 58.1722390410
20 44.4597769348
39 39.8750272246
63 39.1990932081
67 31.6281972037
98 30.5547990164
204 21.5979580334
300 94.7917083622
evaluations raw_y
1 78.8718791766
3 74.9288491724
7 42.0226491455
23 30.8719510920
30 29.2873610912
47 24.8112877252
151 18.6114499538
300 83.7506876027
evaluations raw_y
1 36.7724943058
80 34.2273449496
112 24.7084925284
300 105.2481797338
evaluations raw_y
1 110.8472443452
2 65.9412061818
5 64.5319972040
6 43.7309834985
17 32.2581104423
24 28.8999987122
196 20.9225102641
300 86.4280296830
evaluations raw_y
1 46.2581801499
11 31.0562309507
37 27.1778271960
54 26.5690373481
63 17.8011341491
300 78.2328738640
evaluations raw_y
1 66.8916653862
3 43.5832949735
9 43.4220353825
14 42.4935429180
17 22.4478056044
187 17.5782384977
300 76.8805131315
evaluations raw_y
1 108.1325712311
2 77.7178278956
7 52.8969283806
15 47.7703081261
42 44.7237442580
45 38.4483225400
133 34.8868870870
135 31.1799730785
167 29.1257727885
191 27.8066776531
283 23.1905470850
300 78.3381992926
evaluations raw_y
1 47.5687822397
3 45.3386009547
5 42.3734446218
21 31.5726659873
75 29.3819567653
83 22.8890664061
300 59.2054242031
evaluations raw_y
1 48.4649289981
11 39.3891523190
24 33.8973251982
35 30.1122246598
52 29.5006710066
92 20.4030159158
300 85.5476319971
evaluations raw_y
1 79.3834482084
2 47.7709709582
8 39.1555160828
16 32.6546217380
20 32.0937017064
83 30.2829514784
137 23.6117477605
300 133.1398154324
evaluations raw_y
1 67.1677542076
10 55.4079984110
20 48.8311323962
33 47.7862445924
60 32.9858278479
76 19.7880947546
300 72.4024508754
evaluations raw_y
1 75.9771458224
2 38.6456209228
49 33.8561669898
72 25.1491940333
300 68.0673578724
evaluations raw_y
1 145.1928646794
2 59.5797212433
4 52.6484503127
12 46.2657597958
15 32.4867099819
26 32.2347757789
91 11.8759813225
300 38.2395021791
evaluations raw_y
1 36.8524891482
28 31.4807989389
58 28.2194840950
75 27.7205464410
185 25.6572746244
214 15.9893954565
300 73.2768726357
evaluations raw_y
1 65.0326227517
2 58.4814699162
5 46.8893554247
18 41.1660699009
24 21.2836172744
300 93.7662669980
evaluations raw_y
1 77.8390396409
6 68.7735384584
7 63.8454921088
11 26.2968487552
174 25.1448988151
190 17.6451816610
300 87.9910155715
evaluations raw_y
1 77.4146675615
2 75.2359072441
8 66.7351456506
11 50.8289410469
21 25.2357487596
294 17.3343027857
300 144.6408477171
evaluations raw_y
1 60.4584780403
5 39.8422307346
15 39.0691184772
30 32.4620254762
82 31.9372387734
121 27.8377905166
145 16.6603032896
300 155.0263471024
evaluations raw_y
1 84.8055670322
2 67.2853061511
5 59.1336871891
7 52.2513872981
11 43.0510501617
27 22.0966874584
103 19.7126423705
300 38.6851824031
evaluations raw_y
1 88.2177084152
3 73.5065290188
4 71.2964945794
7 44.9011812651
20 29.6834382836
45 26.8205714032
113 25.2962853154
194 17.2114509506
300 93.0195193597
evaluations raw_y
1 94.3599452994
2 74.8408514687
3 73.3850932566
6 68.1676044637
10 60.7731195114
11 48.4707134515
28 42.5169419663
40 39.6838759290
100 33.9338745919
103 29.9289518342
106 29.8861197867
157 29.3954130279
256 29.3479892081
300 88.3441083083
evaluations raw_y
1 68.0942889597
2 48.6542061272
14 38.7555676273
81 28.3982311694
158 19.9647834919
300 42.7570595181
evaluations raw_y
1 56.7745879847
2 54.3238586303
5 45.6263382451
9 38.4132192900
18 19.7844732793
93 18.3514507084
300 106.4620368902
evaluations raw_y
1 36.7326962315
37 30.9368642853
160 21.4094159688
300 32.9267949122
evaluations raw_y
1 134.0965952170
2 80.4863321611
4 58.7418863537
9 52.7180390314
10 45.9113076739
38 20.5375867078
300 84.0322503747
evaluations raw_y
1 79.1884274243
5 59.3520435484
7 24.9581731754
92 21.9654258420
300 92.7469502916
evaluations raw_y
1 74.6072518202
3 55.6611735796
11 38.0609042874
49 22.0615374001
201 21.9370930395
300 39.6056586331
evaluations raw_y
1 95.3417057632
2 86.2733652640
3 69.8103032818
7 65.8955118120
10 65.7240786432
15 51.0854665342
20 43.4324043452
40 34.6364436678
77 29.9451512955
157 25.8024321884
161 22.5330116839
297 22.2570159334
300 76.3019340162
evaluations raw_y
1 112.3993037179
2 79.9552406287
5 44.7040646247
14 44.3044361898
32 39.0342185524
37 37.4251656129
53 15.2776222843
300 70.9961815668
evaluations raw_y
1 138.6774177575
2 77.7683601666
4 21.8017634416
151 21.7362740490
201 19.8881494569
300 72.7834205758
evaluations raw_y
1 111.0585919321
2 78.1519392584
4 44.8569891665
49 34.6205423319
118 29.4116426623
249 22.8536170348
267 20.2387585068
300 56.3819566166
