evaluations raw_y
1 47.5511218259
8 20.3076932241
14 12.3240208842
48 5.1905316494
300 45.2793725862
evaluations raw_y
1 31.9571569057
10 19.6990521362
13 19.2519014843
27 14.2713823312
47 11.7443322875
160 10.5003186642
300 39.0459288036
evaluations raw_y
1 238.5660029482
3 23.9375528690
9 10.7327319403
266 8.6988194017
300 138.4699549852
evaluations raw_y
1 12.5716514261
76 10.8405345125
153 10.8340653254
235 7.8297212008
300 169.8560307101
evaluations raw_y
1 62.0181487117
2 23.9640857184
12 23.8489039123
14 21.9462091053
24 17.4350369247
45 15.6923055255
77 10.9630009771
95 8.2483532701
300 400.6427344020
evaluations raw_y
1 18.3825033822
14 11.1291546807
28 8.0853061571
157 6.2898522789
300 35.4044530832
evaluations raw_y
1 12.9080376924
3 11.5221208531
34 8.4970307034
85 6.8865084661
300 12.1443927802
evaluations raw_y
1 35.7493756889
2 31.4146739183
3 18.3299680886
4 17.4301601030
20 12.9586026355
24 9.1931761935
103 7.7308005667
300 41.4289644176
evaluations raw_y
1 49.8727643100
2 16.5365612739
5 16.4405480069
13 14.6496700653
17 10.6783272830
27 9.7366195715
31 9.5462095851
204 7.0555667533
300 19.1204281064
evaluations raw_y
1 22.2682721288
4 18.6735801905
6 15.4656778643
24 15.2379388598
27 13.5975631593
42 13.0991860453
59 12.8820999683
75 12.0937036555
95 11.0803352017
96 9.9131731649
106 9.7949194200
122 7.5814606000
300 99.2980891917
evaluations raw_y
1 124.4870089777
2 13.1158454087
56 10.4927920097
182 9.4023741754
300 32.0998933416
evaluations raw_y
1 35.8343360590
4 20.4321939981
9 16.0374569843
18 13.1235813211
56 12.4238158034
64 12.3612711955
67 8.4002821870
300 23.8526666384
evaluations raw_y
1 43.8727721905
4 36.8840900856
5 10.7851142411
137 9.7868220427
300 25.5660202683
evaluations raw_y
1 24.2533800436
2 14.9149670672
5 13.6426207934
47 12.9029946688
48 10.8378771871
96 9.3370844241
249 8.7514729162
252 7.3294391022
300 19.2023747967
evaluations raw_y
1 24.4682538980
3 19.6198352455
5 18.8190741418
6 11.1808686061
25 10.5572483801
73 8.1838658982
155 8.1814824467
300 14.9046801581
evaluations raw_y
1 12.6816074104
129 10.4367322743
300 49.1422061395
evaluations raw_y
1 94.1282263124
2 88.8777479027
3 38.8895863041
4 26.1151929691
7 15.5331394686
47 15.4996686380
71 14.6723157067
87 14.4150792206
145 14.2054521187
187 10.1203739916
296 9.1824959867
300 22.3141686123
evaluations raw_y
1 11.4303207636
58 10.0738940566
300 19.9398880245
evaluations raw_y
1 15.9753360776
13 10.8658604209
195 9.1378170608
300 32.0573284748
evaluations raw_y
1 46.6361316285
2 38.1392569534
3 25.9602203991
5 22.0680312808
17 16.9284452686
25 14.8107220117
34 14.5219955428
39 6.1835533721
300 29.9551627687
evaluations raw_y
1 19.9272743118
4 18.1656665570
5 13.8924319733
6 12.4472606126
11 10.3568185444
31 9.4054437292
60 5.7288462325
300 16.2375408967
evaluations raw_y
1 16.5799330396
4 11.4943128654
25 10.8481951771
37 9.5646408965
42 8.6297969713
156 7.1082508085
300 18.6947353920
evaluations raw_y
1 18.7135373820
2 15.6361237607
11 12.5402674236
21 9.5256507989
152 5.5827754321
300 21.1949936383
evaluations raw_y
1 67.7036835912
2 19.9969133814
3 19.1604377526
4 16.7322828213
7 15.4668288122
15 14.6913760324
17 14.2219042343
30 14.0910423935
39 11.5830616478
55 10.1622626901
58 7.9848695791
213 7.8972917888
300 85.2067962841
evaluations raw_y
1 20.2724810351
2 18.8061716281
4 14.4241428035
7 9.1128047932
9 5.9663244013
300 24.2028976900
evaluations raw_y
1 44.9937577304
2 32.1175833138
3 29.9051548683
9 22.6031054113
13 16.4352070902
31 7.6410239192
300 26.9916060841
evaluations raw_y
1 28.0514277628
2 15.3462344980
11 13.2271541645
27 12.8602340066
58 11.8789945081
111 9.5572358992
157 8.9235542432
262 8.8560457874
300 107.0387995743
evaluations raw_y
1 83.0747462592
2 31.6713378493
3 22.4264318477
4 22.0181972041
5 12.3062586906
28 11.5502423699
42 8.4305037647
127 4.6022129960
300 22.1306399043
evaluations raw_y
1 171.6092178392
2 21.2344940950
5 13.5115667460
9 11.6665658048
39 10.2216759456
69 10.1980018126
113 10.1456928294
279 8.6476567218
296 7.8534846291
300 57.7706017679
evaluations raw_y
1 34.5842862323
5 23.7774075305
10 19.6340964880
19 17.5134772091
25 9.3552872133
63 9.2950851792
300 196.4981643864
evaluations raw_y
1 11.8745604076
30 9.0836652952
61 7.8861183042
300 29.5190628476
evaluations raw_y
1 11.3669310145
60 10.8140659852
94 9.8078146543
139 8.1181616583
267 7.5400686580
300 23.8550477151
evaluations raw_y
1 33.0271513984
3 19.5963909451
10 17.5331890415
17 11.9328575189
126 10.1468562129
300 64.4806419910
evaluations raw_y
1 40.5051642172
3 28.1158173982
4 15.3719374034
11 13.4396632985
12 11.4508383393
21 10.9143921094
38 10.1335701281
254 7.1236327229
258 6.8850055223
300 17.4536287608
evaluations raw_y
1 34.4120904678
2 23.7573667546
3 17.0726615046
10 16.0274442367
13 10.0103214487
176 9.7835125149
186 9.5239912848
196 7.8323190254
300 17.8513986100
evaluations raw_y
1 132.4054635557
2 25.3028278114
3 16.6881352191
37 14.0820661981
84 12.2707203050
110 4.0175564991
300 19.1982260670
evaluations raw_y
1 32.3533764149
4 24.2471176251
5 22.5357728368
9 15.9196664962
24 14.6515031892
37 14.3897382449
48 13.8024067955
105 12.3722716175
223 9.0344130942
300 33.1179765270
evaluations raw_y
1 97.3415903349
2 22.0561823929
5 21.5106009461
10 21.2233080462
13 20.8347923961
18 20.4165027032
20 18.1119752380
27 13.6284332372
49 12.0437264099
60 9.1422399923
173 7.2959898738
300 40.2366685612
evaluations raw_y
1 50.6477489193
2 48.4266451645
3 33.7389604813
4 24.4071868331
6 9.4435112189
63 8.4040441099
300 88.0564304500
evaluations raw_y
1 18.7074143155
3 14.9072422877
11 12.8994771053
108 10.6018384565
244 7.5958747474
300 21.4850681996
evaluations raw_y
1 81.8310792073
4 12.7948640123
96 9.9498940002
164 6.2696678038
300 115.6787960181
evaluations raw_y
1 211.5138844836
2 92.2439555377
3 82.1034786405
4 69.9534288843
6 54.1704299893
8 37.7711802026
10 34.2097978470
21 17.9415452839
30 15.8676333875
62 10.5274821447
94 9.3954007157
300 21.0388895584
evaluations raw_y
1 201.8748166539
2 21.1479240380
10 5.9251453749
300 305.8342134572
evaluations raw_y
1 22.4848208051
10 8.5813189391
300 402.8949035722
evaluations raw_y
1 414.0126899594
3 50.6383704698
5 24.6325940104
10 24.2304111707
11 16.2894113388
33 15.1062402139
72 14.4623412038
83 12.6639782727
143 12.6534608137
200 9.7808450156
300 126.2541663489
evaluations raw_y
1 41.9118779725
3 12.0712583657
175 10.4322840351
300 49.8804998465
evaluations raw_y
1 39.8934305634
9 35.9164757152
13 26.4869471081
14 25.8860756067
24 16.9893187772
30 13.7500252885
58 10.5932261426
225 10.1749331420
285 9.0615976011
300 36.9498345486
evaluations raw_y
1 22.8248601413
7 12.9948115561
79 12.0079657034
115 11.6064586629
191 8.7627306330
300 12.0233328531
evaluations raw_y
1 26.0269208975
6 23.6951649795
16 22.4369821047
35 21.1464041596
51 12.4100562907
300 54.8290497833
evaluations raw_y
1 81.6685189041
2 57.3769330208
3 28.2828310867
4 26.3086102644
13 23.6337025863
17 22.0173246604
19 10.0669499858
300 22.3381898828
evaluations raw_y
1 87.6101021641
2 33.3739907351
3 28.1866516831
4 22.1456955316
7 12.5665586647
47 12.5356466668
59 11.4840782259
61 11.1412037316
76 9.6268394996
205 9.4435069877
300 209.7826241726
evaluations raw_y
1 74.2307566323
3 26.0101252283
11 13.6641960898
59 12.7160399825
69 10.1979277756
300 30.8855315946
evaluations raw_y
1 26.8415262442
2 11.6510894886
86 10.8330523925
110 7.7404521289
300 45.6926347164
evaluations raw_y
1 21.7812312310
2 15.7737637057
5 15.1385412201
18 13.1428621293
32 10.0822230879
287 7.6553682565
300 79.7322161810
evaluations raw_y
1 29.6538378731
5 6.6417287781
300 85.9393024811
evaluations raw_y
1 82.3254920743
3 43.1138778442
7 18.4352033753
37 15.7834043608
61 13.9479559304
64 12.7282139449
271 10.4261473929
298 9.4736162974
300 53.4384054025
evaluations raw_y
1 86.1696189596
2 38.3971062752
13 23.9676859640
40 19.7541527077
42 11.8434098706
300 40.4514801263
evaluations raw_y
1 154.9456835977
2 55.8788838389
4 28.4975199192
8 23.8073891497
18 14.4950024557
135 14.3156885054
159 12.1506737576
227 11.4487363027
300 131.8443367326
evaluations raw_y
1 49.4875382035
2 37.3333975362
5 35.2343045658
8 22.2311525996
20 21.1460411458
53 14.3983287862
65 10.2370541386
282 9.8842837830
300 18.5742796819
evaluations raw_y
1 164.0798592535
2 82.3366420763
4 37.5044789479
5 23.4224329075
7 17.6725404179
82 16.0115972816
102 12.8207683070
118 10.7509366877
239 7.2083589209
300 77.1687307853
evaluations raw_y
1 22.0584759287
4 17.8110551113
17 17.2753357868
22 15.4250551627
58 15.2653609287
154 10.0645587607
300 25.4109004834
evaluations raw_y
1 79.3937019865
3 19.8005606058
39 15.8269176733
60 8.0222732053
300 403.8078008748
evaluations raw_y
1 141.2001479721
3 28.2077920066
9 18.0797791105
11 13.7302661508
186 10.5068305672
300 162.0241360904
evaluations raw_y
1 537.7967550465
2 175.4968562285
3 30.9115230988
4 16.2966691132
27 5.1978770413
300 66.7536207071
evaluations raw_y
1 25.7012803689
11 23.3617876620
14 21.9496577677
15 20.2957321514
32 19.1967183411
45 17.9362944244
49 14.3205735297
86 9.9502969054
300 32.7643349505
evaluations raw_y
1 14.8934570883
2 11.7602185448
11 10.1463107370
20 9.4896859382
180 8.3806555031
300 16.4742422150
evaluations raw_y
1 18.8051028849
4 17.2780932591
5 12.5046030015
8 11.0050827546
35 7.7335967758
300 15.8588878704
evaluations raw_y
1 22.4888182912
2 18.3338635552
18 15.3366121631
24 15.0350130072
34 12.9841270455
41 10.2545611633
50 9.7679350989
97 9.5196569901
265 8.0103196185
300 16.8518810020
evaluations raw_y
1 26.3097160767
2 24.7804464649
3 22.8531657056
4 17.9902917138
11 17.8068840384
13 15.1656539879
29 14.3076589064
37 13.5053562436
38 12.0673893068
125 11.3168905151
128 11.2490364145
139 10.6951782021
186 9.8295668620
221 8.3737817090
299 7.4038019782
300 21.7213320846
evaluations raw_y
1 16.2036293266
8 10.6896619532
29 9.4082635992
73 7.3147972725
300 14.3177555546
