evaluations raw_y
1 341.4007710806
2 105.5206593075
3 16.0947500489
36 10.5780654755
51 5.2498072757
59 42.1040021608
evaluations raw_y
1 341.4007710806
2 105.5206593075
3 16.0947500489
59 16.6147539023
evaluations raw_y
1 341.4007710806
2 105.5206593075
3 16.0947500489
20 13.9388509974
28 9.3907551269
47 8.8826481616
56 8.3145348560
59 6.2815500689
evaluations raw_y
1 341.4007710806
2 105.5206593075
3 16.0947500489
21 3.3515227998
59 13.0876521529
evaluations raw_y
1 341.4007710806
2 105.5206593075
3 16.0947500489
50 11.2191647792
55 5.5160592287
59 30.0800903384
evaluations raw_y
1 33.2137105043
2 18.4892536061
34 3.7003973684
59 17.9663702624
evaluations raw_y
1 33.2137105043
2 18.4892536061
11 9.8408626078
40 6.6799894457
48 5.9224231317
59 7.8678810991
evaluations raw_y
1 33.2137105043
2 18.4892536061
9 7.3295006355
21 7.1251552591
23 4.7582919718
51 4.2659120408
52 3.3720112703
59 28.1131170316
evaluations raw_y
1 33.2137105043
2 18.4892536061
16 5.2804540906
31 3.9951343315
44 2.1426225547
59 30.5122377673
evaluations raw_y
1 33.2137105043
2 18.4892536061
12 18.1124491915
37 9.2691619412
45 4.5427938713
59 22.4063101388
evaluations raw_y
1 51.4936921475
2 20.0397074310
4 18.3093130290
40 15.8171084616
46 10.1398019994
59 37.2399812733
evaluations raw_y
1 51.4936921475
2 20.0397074310
4 18.3093130290
16 11.3474556933
41 10.2691972925
43 8.7472656923
46 5.9635210349
59 29.8785197198
evaluations raw_y
1 51.4936921475
2 20.0397074310
4 18.3093130290
13 17.7371513051
14 17.2159805082
24 14.1620348399
27 3.4907780866
59 15.3749049569
evaluations raw_y
1 51.4936921475
2 20.0397074310
4 18.3093130290
14 16.5011548937
26 11.9561247543
59 37.8540600884
evaluations raw_y
1 51.4936921475
2 20.0397074310
4 18.3093130290
29 16.1297100172
33 6.6734474814
59 30.8350806374
evaluations raw_y
1 638.0307868009
2 40.3412147018
3 29.4628233744
23 18.7146575124
35 15.7137192820
59 23.4328729960
evaluations raw_y
1 638.0307868009
2 40.3412147018
3 29.4628233744
11 26.4617366777
24 15.2074084034
36 11.6599999535
41 1.5260366205
59 4.0045614303
evaluations raw_y
1 638.0307868009
2 40.3412147018
3 29.4628233744
22 11.1910336538
41 7.6826999478
57 4.6932374769
59 28.6171742935
evaluations raw_y
1 638.0307868009
2 40.3412147018
3 29.4628233744
9 9.0515249670
59 25.7559500194
evaluations raw_y
1 638.0307868009
2 40.3412147018
3 29.4628233744
20 15.5041672470
34 12.0808249947
38 10.6289758927
59 38.6523095914
evaluations raw_y
1 41.6803720218
7 13.4619215320
8 11.6750912940
16 7.8213855518
39 6.7421214220
51 5.2942140056
53 2.5164086803
59 15.6029186381
evaluations raw_y
1 41.6803720218
7 34.7195575806
9 19.0404480933
19 16.7207906864
31 12.2328113747
38 5.2244335932
41 4.6573852111
46 3.4018621421
59 20.6160887639
evaluations raw_y
1 41.6803720218
7 30.4731511731
12 9.4826296188
57 9.0542759108
59 12.9156034369
evaluations raw_y
1 41.6803720218
7 40.9946556049
11 33.5336008589
12 23.8993226207
19 8.0605792190
42 6.7768987746
51 4.4635936707
54 4.3299504588
59 12.2302093519
evaluations raw_y
1 41.6803720218
12 28.0457453780
31 21.8524008829
38 6.3426925412
59 37.2764554648
evaluations raw_y
1 43.8687578495
2 35.9286910184
11 15.5891840473
44 12.0514144684
45 6.9949703974
59 24.7596667525
evaluations raw_y
1 43.8687578495
2 35.9286910184
10 32.2864755177
41 30.7993772673
51 27.2704746321
54 27.0182299173
55 21.3957712590
59 27.7298487247
evaluations raw_y
1 43.8687578495
2 35.9286910184
12 24.8099374207
17 7.7100104531
36 2.6451213070
59 2.4566139814
evaluations raw_y
1 43.8687578495
2 35.9286910184
12 26.7207143523
14 7.3355996186
39 3.9802623923
59 26.7392565118
evaluations raw_y
1 43.8687578495
2 35.9286910184
12 35.2690212848
22 20.8983834122
42 14.9589235417
49 14.6821258379
59 53.7835491387
evaluations raw_y
1 821.3809499956
2 190.2038246362
5 50.6068262239
6 16.5525416007
47 9.7193765560
59 17.4549705357
evaluations raw_y
1 821.3809499956
2 190.2038246362
5 50.6068262239
6 16.5525416007
32 15.0895043342
35 15.0113465266
45 6.7602999240
51 5.0677057690
59 18.1228217414
evaluations raw_y
1 821.3809499956
2 190.2038246362
5 50.6068262239
6 16.5525416007
35 13.8224792192
53 13.2578600273
58 12.2016127807
59 30.8811665787
evaluations raw_y
1 821.3809499956
2 190.2038246362
5 50.6068262239
6 16.5525416007
13 7.3472080410
59 11.7967198170
evaluations raw_y
1 821.3809499956
2 190.2038246362
5 50.6068262239
6 16.5525416007
30 4.3733409161
54 4.3467305170
59 26.3746145745
evaluations raw_y
1 15.6756825927
34 13.4817647318
38 9.0261749572
47 3.4802093910
59 40.3527325767
evaluations raw_y
1 15.6756825927
19 10.8652102391
59 13.3615811622
evaluations raw_y
1 15.6756825927
28 15.4969462202
56 14.2524392568
59 29.2638930722
evaluations raw_y
1 15.6756825927
21 10.4721055758
55 9.9132030395
59 11.4453192400
evaluations raw_y
1 15.6756825927
43 15.3620790882
44 13.6962366994
59 13.7487434657
evaluations raw_y
1 348.3336763318
2 295.6235942492
3 199.7711923961
4 123.3280518961
5 47.1096227393
7 38.4175914859
9 30.1838485349
10 9.7388344666
25 5.7596155534
31 3.3838900273
56 1.9639116564
59 25.9870661646
evaluations raw_y
1 348.3336763318
2 295.6235942492
3 199.7711923961
4 123.3280518961
5 47.1096227393
7 8.5637433322
39 5.5511091628
48 5.2439227641
57 5.1040440815
59 7.7528376696
evaluations raw_y
1 348.3336763318
2 295.6235942492
3 199.7711923961
4 123.3280518961
5 47.1096227393
8 23.4978406082
9 21.9345790579
16 4.6994652629
47 4.0121679721
59 5.0607739577
evaluations raw_y
1 348.3336763318
2 295.6235942492
3 199.7711923961
4 123.3280518961
5 47.1096227393
7 35.4128148458
8 23.2012695351
11 17.7604360392
23 16.8153903593
34 16.2227155358
38 6.5571074197
45 4.9129567371
59 8.7003883102
evaluations raw_y
1 348.3336763318
2 295.6235942492
3 199.7711923961
4 123.3280518961
5 47.1096227393
9 25.7911115371
10 23.6594102067
14 12.4737736060
44 10.6925771968
59 36.6671920152
evaluations raw_y
1 218.7417623651
5 16.5420708751
43 6.7923068792
59 22.1817921210
evaluations raw_y
1 218.7417623651
5 16.5420708751
16 9.1338865145
59 37.2283716527
evaluations raw_y
1 218.7417623651
5 16.5420708751
28 13.9269977721
45 13.2939494326
46 5.8216998957
59 21.3594311874
evaluations raw_y
1 218.7417623651
5 16.5420708751
26 8.5779162260
39 5.3091804997
59 9.3281273885
evaluations raw_y
1 218.7417623651
5 16.5420708751
37 10.9659220086
48 2.9217781291
50 2.7613123428
59 10.7873799767
evaluations raw_y
1 207.1356876186
2 10.8873960673
39 10.4225862526
59 28.9058766355
evaluations raw_y
1 207.1356876186
2 10.8873960673
59 33.7968031103
evaluations raw_y
1 207.1356876186
2 10.8873960673
22 3.5508815342
56 3.4679820104
59 27.5815353083
evaluations raw_y
1 207.1356876186
2 10.8873960673
59 27.7895091094
evaluations raw_y
1 207.1356876186
2 10.8873960673
55 9.3548274132
59 16.7779843309
evaluations raw_y
1 2798.7173819562
2 862.8732896849
3 160.8903001895
5 58.7492188436
14 46.1974134361
17 35.0101046228
20 18.8795222900
48 16.8745792043
53 9.9694254504
59 49.3916048749
evaluations raw_y
1 2798.7173819562
2 862.8732896849
3 160.8903001895
5 58.7492188436
7 33.2354322898
9 24.5436221808
10 12.3117188608
51 10.0635394866
59 9.3182338304
evaluations raw_y
1 2798.7173819562
2 862.8732896849
3 160.8903001895
5 58.7492188436
11 48.0646986693
13 20.6648552573
41 9.9624963339
47 4.2751676566
59 3.1698788195
evaluations raw_y
1 2798.7173819562
2 862.8732896849
3 160.8903001895
5 58.7492188436
7 39.4375990378
9 9.8348119367
36 8.4503890788
59 6.1162288405
evaluations raw_y
1 2798.7173819562
2 862.8732896849
3 160.8903001895
5 58.7492188436
15 51.3722711820
18 43.7334611874
27 39.6852550776
34 25.7611714804
46 20.8144607341
51 19.7741324336
52 6.7816903508
59 16.2724448924
evaluations raw_y
1 50.8524157506
4 27.8109016127
14 13.2440353001
36 3.7372787568
58 2.5020597419
59 5.2158195893
evaluations raw_y
1 50.8524157506
4 27.8109016127
14 13.8476531512
59 31.1872248166
evaluations raw_y
1 50.8524157506
4 27.8109016127
11 25.6305105528
12 23.0769662367
33 17.1842488436
53 10.6449780349
59 24.8963769007
evaluations raw_y
1 50.8524157506
4 27.8109016127
38 26.7386089045
58 24.6416288777
59 32.0994438498
evaluations raw_y
1 50.8524157506
4 27.8109016127
10 17.3530385605
11 7.8192212289
32 5.3296899532
59 7.9716215226
evaluations raw_y
1 186.1180546680
3 36.3429063418
5 28.0376803319
13 22.1490459264
45 14.8536705181
48 8.5856930897
49 3.1751282582
59 21.9217312819
evaluations raw_y
1 186.1180546680
3 36.3429063418
5 28.0376803319
35 4.5930410975
59 25.8812942966
evaluations raw_y
1 186.1180546680
3 36.3429063418
5 28.0376803319
28 25.4262513489
56 18.8429572828
58 10.8840375175
59 30.7874568876
evaluations raw_y
1 186.1180546680
3 36.3429063418
5 28.0376803319
32 15.4059166917
48 8.4258513448
59 31.4367050519
evaluations raw_y
1 186.1180546680
3 36.3429063418
5 28.0376803319
42 18.9610269948
50 18.3853625660
53 15.6319512148
54 12.6843977721
58 6.7120346572
59 33.3592818036
