evaluations raw_y
1 236.1093724297
5 11.0870595785
14 7.1657477452
18 3.1784065353
150 293.8893277199
evaluations raw_y
1 2.0435375856
150 73.8967153300
evaluations raw_y
1 480.3806015408
3 28.8422701985
8 18.9560637679
14 9.5186195074
19 5.2028157442
24 3.1966371294
103 2.1449958511
150 672.1725584449
evaluations raw_y
1 5.0314562525
35 4.6924037208
133 2.9421605633
150 30.0801873595
evaluations raw_y
1 11.2436319768
10 10.2737746449
12 5.6567492464
34 5.1736980789
66 3.2061914897
130 2.9813756775
150 95.7758070273
evaluations raw_y
1 364.2355045388
2 14.8699339708
34 10.0848631725
51 8.1542517784
75 3.6498423207
150 59.0769764768
evaluations raw_y
1 157.5845667841
3 48.4367301038
8 0.9733816619
150 43.5931589429
evaluations raw_y
1 17.5263175175
4 8.2191341187
16 4.8606036289
36 2.9177846915
150 176.5462697399
evaluations raw_y
1 699.4273449625
2 40.8780689077
5 20.8977727821
29 18.2753054874
59 12.4795866250
81 9.4841415143
101 5.1880879203
150 67.9487307807
evaluations raw_y
1 472.2989470425
2 207.0538570831
3 123.7215008705
4 21.7931413192
9 8.3626994379
31 7.9565048300
123 6.5281070044
134 5.7789459137
150 55.9223123305
evaluations raw_y
1 69.9310477153
2 43.0722758703
4 22.3332399873
5 7.3651231532
7 6.4189424522
40 1.2860903407
150 35.3986416205
evaluations raw_y
1 17.7062996870
3 9.3889364303
21 5.8596557516
28 3.7148740594
55 3.2732170450
150 8.8932095792
evaluations raw_y
1 49.7683764173
2 12.8385784943
14 9.1149204610
46 4.3719550930
110 4.0343533380
135 3.4995260648
150 40.9661677378
evaluations raw_y
1 22.5052495159
2 17.2423216113
6 9.7930906765
64 9.3956817951
89 3.8366276006
150 146.4163575599
evaluations raw_y
1 376.0964589564
2 143.3970616341
3 14.4279375038
6 10.9150294725
7 8.9313583194
18 8.0459075037
31 3.0602684911
44 0.7978807051
150 49.6209167708
evaluations raw_y
1 34.0827067388
3 11.9695528868
16 10.4406988571
30 9.9059121987
31 8.2765602806
36 2.7768604754
150 19.0516097217
evaluations raw_y
1 196.4369000735
2 38.3662957507
8 14.4321088960
10 12.6676565082
16 12.4802040823
24 8.2726906743
57 6.0500904445
70 5.5338650380
72 4.8649916937
105 1.7281894726
150 39.8116706063
evaluations raw_y
1 126.3815106005
2 24.3574279959
6 23.0900845506
8 8.5253184467
9 6.2925781888
34 5.2624722281
41 3.1028538165
66 2.7453326303
103 0.9298931879
150 9.9326847510
evaluations raw_y
1 31.8741178668
2 27.7305068152
3 17.6892001806
7 16.3547942355
10 12.5536164713
13 8.0678814344
56 6.5226186310
62 3.9016693186
150 26.4644161805
evaluations raw_y
1 26.9027866158
2 8.9243403141
5 8.8406071260
60 6.2576882933
61 5.2703212057
81 4.7217456655
148 3.7742858014
150 67.0197829930
evaluations raw_y
1 38.7443882150
9 36.7934196981
10 15.3840934433
29 5.9728187490
37 1.5873378835
150 72.7073111036
evaluations raw_y
1 66.6945682891
2 40.7322421826
5 34.3261413203
19 21.5989130493
25 19.8579737820
26 10.4871052225
32 8.9596133778
43 3.5447391922
150 939.9378259633
evaluations raw_y
1 759.5518844568
2 5.0363946810
67 4.2514852512
85 3.6072200970
136 3.0292316134
150 110.0968491599
evaluations raw_y
1 180.7310528949
2 134.6108516303
4 26.2346758161
8 17.6167315245
24 16.7409134920
37 15.8345882842
40 7.0786661534
103 3.7356473358
150 73.7990898298
evaluations raw_y
1 50.2704473766
3 34.9398792219
5 2.5451153139
67 1.9383803557
150 214.1324225700
evaluations raw_y
1 31.5109358448
2 15.3124115253
8 7.3640887001
83 3.5133417113
150 211.8566252169
evaluations raw_y
1 332.4027283968
2 21.7256653926
8 8.2104228036
26 4.3799876984
72 1.9023361760
150 87.5191767937
evaluations raw_y
1 155.6004481137
2 42.8254588214
7 8.3770188552
41 7.8273812860
63 3.9244171630
150 51.5475904143
evaluations raw_y
1 78.1256215081
2 9.6699793643
62 4.9435730268
150 69.4959469388
evaluations raw_y
1 25.6749371665
3 7.7794873432
42 3.9184595967
114 3.7832173183
150 175.1815203434
evaluations raw_y
1 15.5427018619
3 9.3491171216
5 7.8978909503
27 6.0798343656
34 3.7719542085
45 1.7416032588
114 0.8257844245
150 47.3235980583
evaluations raw_y
1 21.0732000754
5 6.5448808970
7 5.3713053280
19 3.7689568466
150 37.7309431881
evaluations raw_y
1 57.1748797925
2 10.0629309886
44 8.1076876341
93 4.8545985423
111 4.3641140545
124 2.0075804985
150 13.4215891422
evaluations raw_y
1 45.1962455171
2 7.7822856530
15 5.8903331422
65 5.7221937761
148 4.4090779880
150 18.1242385027
evaluations raw_y
1 18.6405873835
5 9.8827251827
10 7.8796184470
63 7.7773813590
79 4.6572058421
106 1.6755702450
150 107.0678101533
evaluations raw_y
1 218.8339929895
2 65.2191595944
3 19.9773920521
5 13.0899894375
9 5.0242091814
46 4.4564917759
133 3.4713801254
138 1.6061802623
150 49.2130666055
evaluations raw_y
1 186.7133235831
3 33.5622742912
5 5.6522837943
17 3.2084403464
150 109.0729668388
evaluations raw_y
1 77.1726617078
2 55.7590132026
4 30.7837680229
11 28.7512160174
13 20.9928229636
17 9.6062485895
76 3.0421439915
150 175.6259268286
evaluations raw_y
1 492.8750836174
2 22.3327669189
23 1.2929870123
150 67.8311631968
evaluations raw_y
1 12.3515507591
24 9.2586470707
73 2.7864392090
150 71.9465450263
evaluations raw_y
1 101.4955966945
2 15.0493888408
4 10.3356805783
30 8.3879513227
80 5.1411833471
105 3.3239811781
150 94.1442589954
evaluations raw_y
1 64.2265803591
2 38.8844878665
3 17.9774973931
6 13.8557005389
41 12.4749286905
59 4.5593351147
76 4.2814634511
137 3.7564800993
150 15.1273293137
evaluations raw_y
1 20.1797916759
6 14.5015445397
10 6.4772849536
39 5.8721057247
69 0.7261163495
150 38.5537832883
evaluations raw_y
1 37.7502307026
7 15.2286948339
18 4.7351484680
98 1.3620470108
150 95.3911194992
evaluations raw_y
1 10.1710629148
30 4.0573389767
150 127.5150598985
evaluations raw_y
1 7.8610679842
45 7.4617042426
124 5.8246708461
130 4.5960060093
150 17.9274078080
evaluations raw_y
1 33.9998451150
2 15.5874052360
5 7.6466052419
62 7.5027308705
112 3.4778955082
150 16.3309442592
evaluations raw_y
1 60.6013309490
3 31.2869345906
15 22.7757110890
21 10.3335874808
38 7.1735034789
92 4.8531404656
150 59.0828129689
evaluations raw_y
1 12.8257878866
7 5.5461097102
107 4.5305772236
150 28.4146678471
evaluations raw_y
1 19.8373184432
7 16.2713006173
30 9.4481688626
74 8.6275927064
79 7.6799544315
89 7.0741011204
122 5.5007235050
150 92.4846328477
evaluations raw_y
1 9.2439643311
26 6.7094973355
67 3.2361680660
150 6.6197806626
evaluations raw_y
1 6.5222683443
7 5.6924789227
81 3.9970418880
150 44.7509934477
evaluations raw_y
1 155.0246290826
2 25.6334546831
4 7.1976700043
29 3.5878452276
114 2.7795963257
150 23.9417959261
evaluations raw_y
1 26.4344488973
3 18.8442124996
5 17.0363901791
23 9.7985587589
51 9.2192525512
94 4.7390244547
150 190.7198122215
evaluations raw_y
1 80.1195978731
3 30.0652598673
5 13.9275063066
17 10.1838661979
49 7.7163822959
77 1.7529008084
150 153.2842033819
evaluations raw_y
1 38.1049510649
4 12.7340470559
26 9.9857350297
64 7.8525706255
116 7.1319719306
139 6.5753396771
150 56.0734365598
evaluations raw_y
1 34.9676839104
4 34.3428515783
6 23.4370375180
13 4.6057976948
68 4.5593557752
127 3.1852411478
150 20.6650922854
evaluations raw_y
1 68.6774652687
4 45.1334541396
5 36.7789885313
6 13.3265052127
18 7.4531523693
26 5.4101966029
27 5.1224501275
150 59.9323394562
evaluations raw_y
1 43.9866109829
3 12.7164927140
13 12.0876101824
17 8.2496388087
30 5.1078338526
78 5.0972015472
81 4.7837249524
150 57.1055002637
evaluations raw_y
1 30.9202430315
4 15.3181302539
20 6.3407933065
65 4.4396039593
150 32.4760709947
evaluations raw_y
1 31.8159487035
5 17.1334312582
7 3.0176663599
104 2.8012387473
150 189.9607241285
evaluations raw_y
1 41.5352530332
3 12.5725617923
7 11.2635239632
18 5.2874034083
102 2.8897797939
150 38.5939877819
evaluations raw_y
1 23.4025752086
10 17.7474566354
14 10.6223023906
23 7.7535850777
109 6.1938133049
127 5.4604598846
150 108.0084755495
evaluations raw_y
1 50.4530617034
2 43.3259352888
3 23.2560687397
27 19.4605049270
51 13.4985028403
52 9.8541829499
55 8.1257402780
65 4.6757059072
139 2.9284580555
142 2.7692041814
150 21.5596924171
evaluations raw_y
1 84.7139826431
2 29.5637730357
3 23.8742435394
5 12.4359824502
38 8.4378285105
47 8.3714696488
74 4.1832960816
150 77.6049311470
evaluations raw_y
1 72.9305166681
2 20.4395630752
5 4.9222098211
97 3.7690491608
107 3.5509096275
150 31.3781329880
evaluations raw_y
1 55.0537941255
2 15.0136625829
4 10.0837191805
20 9.5664776438
24 8.8560816214
35 8.0983631597
37 3.7242479657
109 3.6639370567
150 18.1738646038
evaluations raw_y
1 66.6099949609
2 28.7942216020
4 8.1377610944
8 3.8283070239
69 3.5245131479
150 34.9512327950
evaluations raw_y
1 87.8939106136
2 46.4752461054
9 40.0791168169
11 20.5194252157
12 15.4450617168
14 5.9433905576
146 5.2510170760
150 53.7358320925
evaluations raw_y
1 30.1356353391
2 5.9965997760
6 3.4961125576
7 2.5670396065
150 41.8709584010
