evaluations raw_y
1 79.9144510073
3 34.3918967404
15 11.2753470086
16 5.7762948970
47 1.1639156673
86 3.6276704185
evaluations raw_y
1 79.9144510073
3 34.3918967404
11 30.9836341313
12 22.9520809981
13 12.6455624976
15 11.5064543784
25 11.3643249659
36 10.6321923798
37 8.8126537278
39 7.0303595553
40 4.7253932270
41 1.5997243098
57 1.3410938820
58 1.1622028520
61 0.5121952827
71 0.4012872437
86 1.2226016830
evaluations raw_y
1 79.9144510073
3 34.3918967404
12 16.1024501182
26 11.1323359189
32 8.6708547183
51 7.8590211807
52 0.6615016405
54 0.4012872437
86 10.1049867971
evaluations raw_y
1 79.9144510073
3 34.3918967404
10 7.0455282135
36 2.7426580750
50 1.4273253129
67 1.4247443581
73 0.9640139694
76 0.4012872437
86 8.1350301428
evaluations raw_y
1 79.9144510073
3 34.3918967404
14 16.6371543143
17 9.9060521618
38 8.1350301428
48 6.8481185832
51 0.2639081376
63 0.1340642702
67 0.0621100470
86 1.8842618290
evaluations raw_y
1 106.1203456937
6 41.7413027037
11 37.0863897072
39 22.8909756876
42 9.8324930387
44 3.5392138549
50 3.0815608470
53 2.6127430410
65 1.0113543673
86 2.2713212602
evaluations raw_y
1 106.1203456937
6 41.7413027037
21 40.0203846718
26 13.9348537736
32 2.7218398074
86 124.8900001424
evaluations raw_y
1 106.1203456937
6 41.7413027037
10 7.0945404706
47 4.1108747058
71 1.5112741606
86 43.4096483229
evaluations raw_y
1 106.1203456937
6 41.7413027037
30 10.4934127983
33 2.5446586000
84 1.5112741606
86 7.9031663424
evaluations raw_y
1 106.1203456937
6 41.7413027037
31 6.7753662622
62 4.9967807427
76 3.4140153378
80 0.7069187953
86 23.5159415341
evaluations raw_y
1 194.1122346624
11 181.1582288395
18 158.8055354902
21 86.6473698826
36 30.3942395523
70 29.6455566419
78 29.0062274571
84 19.4403494367
86 70.5570207404
evaluations raw_y
1 194.1122346624
10 163.0078369636
21 71.3729665320
24 60.5463741583
30 16.1197842489
37 12.9650212683
48 7.6421198502
59 1.6497036096
63 1.5540836328
79 1.5244632321
86 1.6497036096
evaluations raw_y
1 194.1122346624
11 79.9144889446
17 76.7047030639
18 37.9758477975
27 9.4346429673
44 4.4860378793
68 2.1611231989
86 5.5474665182
evaluations raw_y
1 194.1122346624
13 105.1899257382
26 91.8886031215
27 24.3607689234
33 10.1053756235
49 1.1016039444
86 7.3398987266
evaluations raw_y
1 194.1122346624
19 7.1953771910
60 7.0435162332
69 4.8400775094
73 2.7399430097
86 2.1801374711
evaluations raw_y
1 110.9925666458
3 75.6031297229
10 64.3729211344
14 24.2296459305
16 16.8054392962
19 9.8692259229
23 7.0587086454
26 3.9516933806
42 3.6168766758
53 0.4271012607
86 8.3415310186
evaluations raw_y
1 110.9925666458
3 75.6031297229
12 34.1991122955
25 7.8169164774
38 4.3617850734
47 3.4954811462
54 3.1562598824
55 0.2664003204
86 16.0265772726
evaluations raw_y
1 110.9925666458
3 75.6031297229
13 74.8455337083
20 31.5619835093
63 31.1094153172
79 19.2080994442
85 17.4471402936
86 40.9644437378
evaluations raw_y
1 110.9925666458
3 75.6031297229
15 54.8504559986
16 20.8673520495
26 6.0988146896
77 3.1366432070
86 1.9542291193
evaluations raw_y
1 110.9925666458
3 75.6031297229
13 2.7409733172
31 1.6618917389
60 1.1563737482
86 2.2775923131
evaluations raw_y
1 311.6000738145
2 9.4376432820
54 8.7453975712
71 5.9141686182
86 48.8030939584
evaluations raw_y
1 311.6000738145
2 9.4376432820
19 9.1192417392
38 9.0854632037
54 1.2926682982
86 2.9466156922
evaluations raw_y
1 311.6000738145
2 9.4376432820
22 7.9127348738
27 6.4596135404
31 1.7173454969
86 4.5842669468
evaluations raw_y
1 311.6000738145
2 9.4376432820
55 4.5647886410
75 4.5345113825
81 3.1898599333
84 1.5681658598
86 9.2237679644
evaluations raw_y
1 311.6000738145
2 9.4376432820
39 0.9903786717
67 0.2378199437
86 1.0567097087
evaluations raw_y
1 93.6582820901
4 56.5093019227
19 37.8645810417
26 20.6667768724
27 2.7641071347
67 2.2261244006
83 0.7527344648
86 5.4363690989
evaluations raw_y
1 93.6582820901
4 56.5093019227
31 48.3924318091
33 19.7889785227
51 12.9514222238
63 12.5453939892
64 2.2261244006
69 1.7249226500
86 32.7197344074
evaluations raw_y
1 93.6582820901
4 56.5093019227
23 35.4297135438
31 27.6713990674
38 3.0109378591
76 1.1861169988
86 73.7011175790
evaluations raw_y
1 93.6582820901
4 56.5093019227
22 3.4399076775
72 1.8755365320
86 32.6572847183
evaluations raw_y
1 93.6582820901
4 56.5093019227
18 7.0768805302
26 2.2261244006
86 18.3657719968
evaluations raw_y
1 74.0780034836
3 24.6064034985
4 9.4376984165
22 5.8792021845
49 2.3686734053
86 5.6321290349
evaluations raw_y
1 74.0780034836
3 24.6064034985
4 9.4376984165
28 3.2951048120
50 1.3356770994
86 2.8487814804
evaluations raw_y
1 74.0780034836
3 24.6064034985
4 9.4376984165
19 7.7965736325
25 3.2378448813
39 2.5105542653
86 3.8935706197
evaluations raw_y
1 74.0780034836
3 24.6064034985
4 9.4376984165
71 8.9490107253
86 21.6735243740
evaluations raw_y
1 74.0780034836
3 24.6064034985
4 9.4376984165
29 4.5041688977
52 4.4819171284
61 2.7793094267
73 0.8094612203
86 11.3723828907
evaluations raw_y
1 434.3551038029
6 4.0964931763
58 3.9157355740
62 3.4045353881
86 3.6233147873
evaluations raw_y
1 434.3551038029
6 4.0964931763
81 3.6143507167
86 52.0789396550
evaluations raw_y
1 434.3551038029
6 4.0964931763
35 4.0853292839
41 2.4937600453
60 1.9379494617
64 1.1205733716
73 0.7118420488
83 0.5296346902
86 1.1205733716
evaluations raw_y
1 434.3551038029
6 4.0964931763
62 0.8288058831
68 0.6084386426
86 3.4497021779
evaluations raw_y
1 434.3551038029
6 4.0964931763
86 24.7590866532
evaluations raw_y
1 2171.3385007562
2 150.3231640490
8 113.6564789978
14 31.5376583993
16 27.3005446267
17 23.7260557728
20 20.3537025788
35 0.5157357876
84 0.2770661019
86 1.1240473437
evaluations raw_y
1 2171.3385007562
2 150.3231640490
8 113.6564789978
10 8.6699905023
21 3.7080309057
71 1.1240473437
86 8.8485271150
evaluations raw_y
1 2171.3385007562
2 150.3231640490
8 113.6564789978
12 17.3883129795
19 5.2987809609
26 0.8593997637
75 0.6787946456
86 4.1744003978
evaluations raw_y
1 2171.3385007562
2 150.3231640490
8 113.6564789978
12 53.0245714401
16 42.0933269076
19 32.9487291227
20 9.8665461820
39 0.4864976657
86 8.9917078691
evaluations raw_y
1 2171.3385007562
2 150.3231640490
8 113.6564789978
13 10.4671292682
29 5.1740626566
35 4.4961893750
76 1.9955552750
82 0.1228059256
86 15.6647347124
evaluations raw_y
1 91.6125424143
2 57.8768572972
6 13.6976371527
20 13.1603790162
24 4.7633752666
31 1.2629712753
56 0.6602159679
82 0.6055484016
86 5.5052007794
evaluations raw_y
1 91.6125424143
2 57.8768572972
6 13.6976371527
11 5.4704468441
32 4.8362331983
51 4.2734212401
66 3.4320329757
74 1.8859064737
83 1.3272989734
86 3.2489734749
evaluations raw_y
1 91.6125424143
2 57.8768572972
6 13.6976371527
38 5.3873745366
50 4.7633752666
54 3.9919280078
57 2.9161459983
70 0.7572448494
80 0.5667281763
86 15.4461355680
evaluations raw_y
1 91.6125424143
2 57.8768572972
6 13.6976371527
17 4.8871428250
27 4.8362331983
56 3.6177803488
80 3.5745065213
83 2.1431907634
86 17.4347446275
evaluations raw_y
1 91.6125424143
2 57.8768572972
6 13.6976371527
24 0.7403622801
84 0.5169279323
86 31.0893950002
evaluations raw_y
1 255.4081239918
4 26.8892663913
6 16.4473788114
21 12.5160203745
33 10.4664851780
38 7.4699426162
86 10.5765030322
evaluations raw_y
1 255.4081239918
4 26.8892663913
6 16.4473788114
41 10.2148364376
67 4.8134263545
81 3.9343398229
86 105.6445890031
evaluations raw_y
1 255.4081239918
4 26.8892663913
6 16.4473788114
36 15.4794801842
38 13.9778790008
41 7.1799884257
46 6.2046191083
47 4.5312824748
52 3.9343398229
61 1.7010562781
77 0.8987608733
83 0.7481293982
86 3.0934474073
evaluations raw_y
1 255.4081239918
4 26.8892663913
6 16.4473788114
34 12.2321398583
45 11.0329298265
58 10.5765030322
67 1.4893015685
86 59.9528035217
evaluations raw_y
1 255.4081239918
4 26.8892663913
6 16.4473788114
27 4.8534372073
86 18.3891727490
evaluations raw_y
1 93.4882660214
12 45.9322931206
16 21.2439215037
28 13.2171992543
29 13.0464125849
31 5.1288464172
59 4.0422447653
86 17.5648715559
evaluations raw_y
1 93.4882660214
11 25.0641628706
43 6.9869711883
56 1.6416267668
86 39.8730085691
evaluations raw_y
1 93.4882660214
10 93.2818925351
13 20.4503767328
17 19.3164084180
25 9.7953861859
39 5.2318455130
50 1.5149319756
67 1.5024195676
74 1.4816694874
86 6.7881974506
evaluations raw_y
1 93.4882660214
13 90.0807794646
14 4.8862463248
31 2.3163129148
54 2.0555974768
61 2.0251599899
86 2.7215595457
evaluations raw_y
1 93.4882660214
12 8.0863307696
28 3.3042998136
72 2.7934316577
73 1.6344480136
86 11.5348083322
evaluations raw_y
1 1182.9529799828
3 27.9608250220
20 10.1220801667
23 7.2433107872
37 2.8994962578
60 1.7181934345
68 1.1940934148
77 0.7754384529
79 0.7044537422
86 6.8926317983
evaluations raw_y
1 1182.9529799828
3 27.9608250220
77 10.1095654915
84 7.9420271571
86 102.0146300226
evaluations raw_y
1 1182.9529799828
3 27.9608250220
34 3.1919970123
81 0.7754384529
86 8.7887423345
evaluations raw_y
1 1182.9529799828
3 27.9608250220
20 21.0060542976
21 9.5270461579
27 1.8818599001
67 1.3999670309
86 13.8373453131
evaluations raw_y
1 1182.9529799828
3 27.9608250220
20 25.4681515728
59 5.3612664346
86 21.0060542976
evaluations raw_y
1 435.1075868831
2 143.0067452113
3 138.2184498611
6 75.5924578802
7 34.0051106174
8 21.9106866018
34 11.3157381394
39 9.1512421092
72 3.9062623836
86 9.5938841794
evaluations raw_y
1 435.1075868831
2 143.0067452113
3 138.2184498611
6 75.5924578802
7 34.0051106174
8 21.9106866018
40 14.2177497779
43 13.1930315902
46 10.1606801953
54 6.2362950600
68 4.0253639970
85 1.1874566800
86 43.8604165162
evaluations raw_y
1 435.1075868831
2 143.0067452113
3 138.2184498611
6 75.5924578802
7 34.0051106174
8 21.9106866018
25 13.1730624650
35 13.0198390831
43 1.7453505570
76 1.1874566800
86 4.4193968027
evaluations raw_y
1 435.1075868831
2 143.0067452113
3 138.2184498611
6 75.5924578802
7 34.0051106174
8 21.9106866018
21 10.9956826555
32 8.7564501501
41 8.0710262669
45 2.3984710449
53 0.1958601654
86 0.7064210549
evaluations raw_y
1 435.1075868831
2 143.0067452113
3 138.2184498611
6 75.5924578802
7 34.0051106174
8 21.9106866018
40 5.4449757382
48 2.7110885874
76 2.5414805262
86 28.1080377546
