evaluations raw_y
1 12293.4908179395
2 4984.8248665802
28 2626.6439242511
54 2063.9725464399
55 1875.9856982127
82 1836.4671205487
150 44446.0562317504
evaluations raw_y
1 46896.3192443775
4 24931.6820017248
5 11922.3745643577
8 5073.9955247824
37 3687.9640426332
103 1219.5905210496
150 175796.3265118548
evaluations raw_y
1 18225.2056475396
5 17990.9025061681
13 11295.2087379450
18 4910.9515676715
21 4227.6781218394
32 4174.6455213158
96 2387.2266152788
138 1558.0153032109
146 1504.1140186568
150 80625.3824330732
evaluations raw_y
1 14863.6839102430
22 6846.3135543756
64 2280.3041450953
150 20842.9662916450
evaluations raw_y
1 16016.9606214084
3 5112.0460261407
35 1175.9895783912
136 1079.1743419060
150 89831.7849417893
evaluations raw_y
1 320739.5065789636
2 36748.7808909171
10 14995.4724671747
11 4948.6453353780
37 3499.2040084900
116 898.1836853852
150 659146.6807376203
evaluations raw_y
1 240596.2828780382
4 55668.8796944092
13 4258.6376496707
21 4078.7040035825
64 973.3091154123
150 18822.9551857449
evaluations raw_y
1 31642.2523152510
3 10395.2348754726
4 279.1444608339
150 139809.4045055083
evaluations raw_y
1 29839.2505450108
5 2907.8874557393
23 2053.9704664109
25 769.7093942430
150 130042.5210968608
evaluations raw_y
1 254365.3427703321
2 119672.9869927580
3 21289.1898502874
22 13079.9470794085
36 1542.7490239138
150 361249.6240516299
evaluations raw_y
1 373.2132608997
150 281026.3908294546
evaluations raw_y
1 50124.3926044978
2 42294.9740942034
4 5470.6498454524
8 2356.0000085960
80 1379.3041068787
150 268973.4354385438
evaluations raw_y
1 223987.0823213291
2 4156.3258434704
20 33.8785726198
150 36870.6709389412
evaluations raw_y
1 11334.9563543726
2 5519.4785109320
6 4468.2415095359
45 1548.2231935112
108 1242.5158694433
150 106497.7134557510
evaluations raw_y
1 6317.9652794617
9 5164.3889119005
26 646.4166130944
150 259437.1973496679
evaluations raw_y
1 171004.4496141092
3 151855.9491834679
4 25784.0860839470
6 14525.5270222081
9 4815.1287119372
35 3441.8160392885
64 2261.7671485304
150 37904.4549844467
evaluations raw_y
1 167915.5098063074
2 2735.7051600968
18 2118.3256788041
21 1763.6636475034
80 986.4438782752
150 295303.0088140281
evaluations raw_y
1 5899.0959377857
2 4030.2585318097
20 2987.4877928917
35 1951.9750420979
150 99489.8301193619
evaluations raw_y
1 233832.4243356691
2 91450.8155620063
5 76972.4013173233
6 22039.3547348261
7 12454.4514695233
14 6725.0929923918
43 4923.9957511715
80 2961.2409862407
90 1050.9634825849
98 1001.6734801187
112 241.0223743301
150 215609.9945858367
evaluations raw_y
1 220308.3259233376
2 28561.9689426093
7 3546.8467169236
51 2771.7934247576
76 1049.0860140151
102 367.2582551748
150 31719.0662078642
evaluations raw_y
1 121805.5816265602
2 35467.8148220466
3 12461.7524904748
20 6139.4836836103
61 3400.9523273059
77 3234.3947820146
122 429.3235863753
150 273808.7321798680
evaluations raw_y
1 206797.0007846278
2 57704.4245855719
3 10210.4885871202
12 7605.0736100444
87 5100.6505280898
91 4310.8725761954
150 247208.3587862712
evaluations raw_y
1 6125.5777123284
89 5435.9098654600
150 293234.0364912137
evaluations raw_y
1 169488.7631568981
2 93413.5844508268
3 57466.5731780744
4 17223.5906323852
5 11784.1935323611
10 7293.7044321349
24 7142.1582063478
45 4043.5576818798
47 3992.2434809813
52 890.5848688411
150 41600.8643616511
evaluations raw_y
1 671311.9404359357
2 46277.5752361137
5 22135.9855574050
9 11038.2211287534
35 9283.0391847343
46 7366.8808904651
54 1799.4452764987
150 287355.1103216216
evaluations raw_y
1 75903.1410439722
2 24574.5401421164
3 7424.8893044561
4 7010.3083407652
13 457.2129965800
150 113573.5313162838
evaluations raw_y
1 19613.6680974636
15 7931.5892880167
18 7884.6704156215
23 7635.0844934137
26 3939.4167205941
32 2220.0824276172
150 249837.5783984184
evaluations raw_y
1 268927.3334009917
2 46556.6451338627
4 732.3750069882
150 347701.5871018364
evaluations raw_y
1 129608.6795142405
2 17749.6243178120
29 5182.2505058242
37 2049.1884016558
103 657.0121822146
150 367560.1046320633
evaluations raw_y
1 53768.8367457176
4 11201.4772058490
16 4898.9667762891
18 4018.6985667103
74 2844.8842685327
97 2376.8574085387
113 1087.5105637943
150 143536.8151357640
evaluations raw_y
1 367998.1234394296
2 18178.5589114331
8 3544.6459874619
40 1720.6929445795
67 1393.7726992898
150 92188.1994009378
evaluations raw_y
1 341594.7762718310
2 177694.5719954438
3 162596.1917720965
4 47710.2332919776
5 32117.5211843254
6 10357.2524983150
12 2871.7171790257
18 1649.9114566560
150 199461.1876105575
evaluations raw_y
1 21276.0266535557
4 16427.4492538400
6 9926.0854704969
7 9051.9050056250
8 6578.2392635331
48 6375.5956415732
50 1124.6916636138
150 108366.7146703425
evaluations raw_y
1 148105.4016677202
2 42464.0235564222
3 8704.3436040199
13 2245.3913973319
38 1316.9965344286
150 176821.2146432693
evaluations raw_y
1 272518.0794140378
2 22891.9642351253
7 20008.9217020227
13 13634.8981759134
14 7144.6341841162
17 4406.5392618423
144 1899.9591018035
150 28786.4524699943
evaluations raw_y
1 59314.7060539773
5 58395.2393961138
14 27634.1926566447
15 19618.9875232826
23 14418.0948419375
26 6579.2812238519
32 5082.3200052565
35 787.5973215216
150 69098.6986930499
evaluations raw_y
1 17412.4066872999
10 15525.5471453802
38 8828.7426411091
43 2157.9876198534
89 1993.3194119678
150 33503.8942869408
evaluations raw_y
1 33071.9382503785
11 18165.1019352178
16 12965.6842972603
22 4934.4818587430
82 2610.1554729366
89 2239.5139204810
112 1878.3017237936
139 392.4224937782
150 167892.5312064686
evaluations raw_y
1 107696.4820324543
5 19931.2237200617
6 16567.2454693595
12 4856.2605217382
117 2132.4578045583
121 480.0703996036
150 274421.2199104571
evaluations raw_y
1 396758.3447253515
2 270566.4387633767
3 61984.6245911180
9 50862.3967073613
10 15426.8042886858
11 2858.7376101399
109 1656.4259104566
150 156012.9182221745
evaluations raw_y
1 357018.7433674702
2 33220.8625276962
3 29130.4147105634
10 14918.1728766722
15 2878.6693500186
139 2445.9084022539
140 1212.1729687287
150 141316.4120705263
evaluations raw_y
1 91242.7927592360
4 20070.6080154112
5 1423.2615473957
91 1413.2536306941
150 404599.7115097267
evaluations raw_y
1 142164.3617761772
4 13710.9612544443
8 10130.6597578539
9 1442.5926593835
55 518.2251933672
150 222106.7722749173
evaluations raw_y
1 25117.3793659885
8 21751.1733161941
9 14525.8055387008
15 7982.6717031782
23 6108.7591038052
50 4105.5287002859
150 165783.1033933480
evaluations raw_y
1 101316.5687622674
5 63871.6238676047
9 47150.2439826672
10 37937.9731386993
15 13258.2330054643
25 10912.0719147627
33 8031.9154548939
86 5057.5841399332
98 4235.7380995591
131 3960.9014716039
150 20677.9464158728
evaluations raw_y
1 34428.8413522904
4 15754.1004776944
6 2773.9757795773
53 911.2948410669
150 28401.3884628077
evaluations raw_y
1 203206.7314515470
2 58655.9199475940
3 42069.3091382786
7 17826.5942169846
13 1994.6858493334
21 1292.2957916050
22 800.5122061371
110 719.4936109881
150 66363.8709781983
evaluations raw_y
1 32783.2589508404
2 31103.6395315967
3 24192.0500743862
7 14626.1606777689
13 13808.4390600855
16 8724.6890473664
65 2180.4072964631
126 1939.1526172630
134 258.7330214172
150 284142.1222972359
evaluations raw_y
1 274512.5313087613
2 98860.7709767811
3 48380.8318031475
9 1714.9239874853
27 716.0960428600
150 81426.8116750139
evaluations raw_y
1 195272.4472260394
2 76177.7985393615
3 66996.1735402770
4 62294.0499461544
5 18305.7743416820
7 3782.1906510534
27 1186.7935571547
148 655.5565254106
150 11100.2547222128
evaluations raw_y
1 66604.4858344118
3 37072.2437359935
4 9192.7941200250
5 3976.1343219563
39 3389.5137174170
115 2561.8114708491
140 2177.3957014226
150 43209.3464475908
evaluations raw_y
1 211904.5018534071
2 4692.3591457007
114 506.0507510133
150 8867.0016582270
evaluations raw_y
1 49415.1357413414
2 49330.3349559949
3 43465.2643426970
5 8076.0681625797
18 6666.7305238679
56 4796.1184325289
128 996.8670616782
138 303.3880555942
150 12888.3748581593
evaluations raw_y
1 19228.6659581101
6 18547.1419937884
10 15946.5087411356
14 7599.4185499637
25 4413.0837756961
43 2406.5662540495
60 1791.0467621305
126 983.8306538575
150 238765.1177883028
evaluations raw_y
1 72942.3920511375
3 21739.0072352399
9 20311.3006958230
10 6636.3840109383
16 6417.3061445752
30 4478.9786382401
112 1169.2742044199
150 183469.0443370524
evaluations raw_y
1 36137.3899890622
3 3387.7278281882
37 1172.3485289975
140 973.4710067846
150 44095.0127421122
evaluations raw_y
1 84352.8438761667
2 30158.7920009998
12 20236.5422730670
22 12148.6328599944
28 11007.6250107182
33 2009.8741163044
87 1488.4870584996
150 139622.4519799237
evaluations raw_y
1 110240.8438573207
3 11821.5645913124
4 9203.8769895250
17 2981.8381581741
81 1668.1442495625
150 3013.8589666099
evaluations raw_y
1 262141.4914233410
2 74307.2039530336
3 38177.8445634278
9 26300.2966983231
14 6971.7130457486
31 4790.9544085304
37 3247.8268263622
38 1704.0333548165
150 24520.4007613038
evaluations raw_y
1 83619.5684150472
3 16418.5035219910
18 10965.6839202001
21 9034.2887908003
50 2632.5572320134
74 2044.2871550024
150 309400.5507429673
evaluations raw_y
1 344694.6143213405
2 51775.7638928779
6 26716.6288983454
10 13554.7194256496
11 7966.0841201496
24 7019.8186452919
72 742.6388754699
150 62997.8035817275
evaluations raw_y
1 4527.6599875353
21 1735.8896920746
114 1048.6462286969
150 10723.1121230339
evaluations raw_y
1 124853.0132440477
2 55643.9309619752
4 32674.6550875790
6 24556.0699011820
8 22309.3829067376
9 3939.6458169732
10 3087.0494780565
73 1064.4900258818
150 58149.1492893381
evaluations raw_y
1 310094.1593504791
4 64094.5650310116
7 6650.2867907505
59 1352.5528917078
102 853.7732289759
150 19531.7412014219
evaluations raw_y
1 18227.2006250843
5 4627.9174973854
38 3999.7407418674
40 3871.9752455867
131 2353.2202522377
150 102828.9434778594
evaluations raw_y
1 178803.1996326832
4 18703.2596543939
6 10619.7961489736
12 8424.3563864389
18 436.7007032683
150 373822.1467277632
evaluations raw_y
1 88671.2805794473
3 489.3819689626
80 384.8664159850
150 232220.7681648944
evaluations raw_y
1 94075.1822088904
2 40831.8987334040
6 15641.3051213766
13 11093.8933190361
14 10262.8079054782
31 9583.7624751678
58 3111.5205065057
150 170307.2263565012
evaluations raw_y
1 296301.1195137519
2 2646.3957674358
10 2505.5102906972
17 2432.3359085873
34 953.5047924857
73 852.9641303753
150 83761.2978918413
evaluations raw_y
1 85576.4311993332
2 8255.2703002583
12 3921.0804707361
62 581.7119170761
76 478.2978541395
150 47072.6804523654
