evaluations raw_y
1 33.5045342260
42 24.8595518747
47 23.9086104733
101 7.2236163430
300 44.2082975510
evaluations raw_y
1 33.5045342260
36 28.7718598843
67 16.5961720174
144 10.0520974286
300 67.2145990780
evaluations raw_y
1 33.5045342260
35 20.1553352519
80 18.2700473981
214 11.1611457784
300 385.6333676681
evaluations raw_y
1 33.5045342260
33 29.8403617668
35 26.5276159994
83 26.2017798938
107 21.8706232873
108 13.7327702356
269 12.0067068982
300 77.3279765961
evaluations raw_y
1 33.5045342260
57 16.7674852947
118 14.4584739228
300 116.0405069354
evaluations raw_y
1 273.5990708734
2 215.0104566825
5 69.5213278186
6 45.5041372069
7 43.1144554358
37 32.9156902481
49 26.2420504579
62 19.9361247699
105 18.0065306878
162 14.7153255964
254 8.5627707321
300 140.5644990237
evaluations raw_y
1 273.5990708734
2 215.0104566825
5 69.5213278186
6 45.5041372069
7 43.1144554358
48 39.0471834590
50 33.4280847272
94 32.5382309620
115 24.5354394477
191 23.5984539398
219 19.9481601307
300 54.8843909167
evaluations raw_y
1 273.5990708734
2 215.0104566825
5 69.5213278186
6 45.5041372069
7 43.1144554358
46 35.7547885519
61 31.5186142083
96 11.1892000979
300 60.0187153386
evaluations raw_y
1 273.5990708734
2 215.0104566825
5 69.5213278186
6 45.5041372069
7 43.1144554358
31 36.8830852579
41 15.4244823472
48 6.5950425579
300 66.4012437737
evaluations raw_y
1 273.5990708734
2 215.0104566825
5 69.5213278186
6 45.5041372069
7 43.1144554358
49 24.5336726541
55 11.1912282497
200 10.9104319692
300 216.6147109232
evaluations raw_y
1 281.7222225906
2 68.8571277663
3 49.8500247848
10 41.6797714297
11 32.1836084899
24 7.5203989078
300 130.5758792235
evaluations raw_y
1 281.7222225906
2 68.8571277663
3 49.8500247848
10 41.6797714297
11 32.1836084899
24 7.5203989078
224 6.0311269768
300 50.7564693687
evaluations raw_y
1 281.7222225906
2 68.8571277663
3 49.8500247848
10 41.6797714297
11 32.1836084899
24 7.5203989078
300 92.1893902703
evaluations raw_y
1 281.7222225906
2 68.8571277663
3 49.8500247848
10 41.6797714297
11 32.1836084899
24 7.5203989078
300 99.2222254866
evaluations raw_y
1 281.7222225906
2 68.8571277663
3 49.8500247848
10 41.6797714297
11 32.1836084899
24 7.5203989078
300 56.8121665810
evaluations raw_y
1 300.5886781997
2 45.6701035391
4 38.3353756730
20 35.7885474507
45 12.3836621623
300 165.8810436045
evaluations raw_y
1 300.5886781997
2 45.6701035391
4 38.3353756730
20 35.7885474507
49 21.8974514351
151 20.9203397463
180 9.5842912385
300 154.7763566623
evaluations raw_y
1 300.5886781997
2 45.6701035391
4 38.3353756730
20 35.7885474507
37 29.7656745110
49 22.8118809586
103 20.7732808711
131 10.4744891401
269 7.7779696881
300 64.9452041608
evaluations raw_y
1 300.5886781997
2 45.6701035391
4 38.3353756730
20 35.7885474507
40 19.1516657715
94 15.6154792182
300 42.8788952904
evaluations raw_y
1 300.5886781997
2 45.6701035391
4 38.3353756730
20 35.7885474507
43 17.6090300012
68 16.7676494081
234 11.4798655302
300 103.8352646374
evaluations raw_y
1 486.8982537634
2 372.2231337344
3 11.2973634615
280 9.8399530362
300 184.7924240101
evaluations raw_y
1 486.8982537634
2 372.2231337344
3 11.2973634615
300 294.9445823999
evaluations raw_y
1 486.8982537634
2 372.2231337344
3 11.2973634615
192 8.1315978405
300 34.1965434317
evaluations raw_y
1 486.8982537634
2 372.2231337344
3 11.2973634615
300 172.1645439098
evaluations raw_y
1 486.8982537634
2 372.2231337344
3 11.2973634615
300 64.5435614841
evaluations raw_y
1 223.7341505768
2 38.5039689557
14 16.3702546677
167 14.8332309865
178 14.6504810267
204 9.5748807101
300 589.0035302245
evaluations raw_y
1 223.7341505768
2 38.5039689557
14 16.3702546677
300 38.0157124509
evaluations raw_y
1 223.7341505768
2 38.5039689557
14 16.3702546677
64 6.1655487286
300 474.6044156071
evaluations raw_y
1 223.7341505768
2 38.5039689557
14 16.3702546677
56 13.2634249806
132 12.6738254306
300 153.0151810795
evaluations raw_y
1 223.7341505768
2 38.5039689557
14 16.3702546677
208 15.2021431270
300 57.6712042311
evaluations raw_y
1 130.2166970849
2 86.0304934085
3 48.5947412188
26 36.0003493886
29 20.8827551403
80 10.5555704950
300 50.4044127222
evaluations raw_y
1 130.2166970849
2 86.0304934085
3 48.5947412188
26 36.0003493886
29 20.8827551403
108 15.0455607915
200 6.6527743701
300 344.6290494230
evaluations raw_y
1 130.2166970849
2 86.0304934085
3 48.5947412188
26 36.0003493886
29 20.8827551403
75 11.4744177293
149 7.7519056699
300 86.0676871257
evaluations raw_y
1 130.2166970849
2 86.0304934085
3 48.5947412188
26 36.0003493886
29 20.8827551403
81 15.5313690273
162 12.8685649070
300 14.6100096749
evaluations raw_y
1 130.2166970849
2 86.0304934085
3 48.5947412188
26 36.0003493886
29 20.8827551403
31 15.3814305399
150 14.7604571464
226 12.9352681544
267 10.2559281785
300 38.2141295442
evaluations raw_y
1 426.6147552926
2 85.6079284766
7 75.7447805153
13 63.4756506690
21 60.2340633902
22 39.5755235850
33 26.7409018910
43 23.6143266729
101 18.0912833205
122 16.0709194034
142 14.7728410626
300 46.3825533405
evaluations raw_y
1 426.6147552926
2 85.6079284766
7 75.7447805153
13 63.4756506690
21 60.2340633902
22 39.5755235850
32 32.4201024978
40 19.5156859323
103 15.5474429610
192 12.6364571539
300 320.1087270367
evaluations raw_y
1 426.6147552926
2 85.6079284766
7 75.7447805153
13 63.4756506690
21 60.2340633902
22 39.5755235850
33 34.4284966458
50 29.9712674670
67 27.6339754346
73 24.5307294312
84 18.5526243750
86 12.4477665470
111 7.8443183316
300 145.5601555437
evaluations raw_y
1 426.6147552926
2 85.6079284766
7 75.7447805153
13 63.4756506690
21 60.2340633902
22 39.5755235850
52 33.2288445604
76 14.9786667921
300 96.8896333475
evaluations raw_y
1 426.6147552926
2 85.6079284766
7 75.7447805153
13 63.4756506690
21 60.2340633902
22 39.5755235850
35 19.8544165179
70 19.7614753956
152 18.2832679444
211 15.2464145666
273 14.8647086538
300 116.3350394969
evaluations raw_y
1 14.0716281934
11 9.6030585883
83 4.7760709190
300 150.7223458274
evaluations raw_y
1 14.0716281934
11 9.6030585883
173 6.6565733566
300 157.9525162854
evaluations raw_y
1 14.0716281934
11 9.6030585883
300 200.7435438962
evaluations raw_y
1 14.0716281934
11 9.6030585883
123 9.3748859369
300 37.3137601645
evaluations raw_y
1 14.0716281934
11 9.6030585883
85 9.4502317122
145 3.8001468616
300 37.6401083888
evaluations raw_y
1 173.0800293687
3 29.9763588222
4 23.4766508002
36 15.6395049421
269 11.5606553961
300 248.5555217669
evaluations raw_y
1 173.0800293687
3 29.9763588222
4 23.4766508002
33 22.7513257405
54 11.3334482254
300 117.8931468797
evaluations raw_y
1 173.0800293687
3 29.9763588222
4 23.4766508002
165 17.4952314263
251 14.2806184387
300 295.9222153705
evaluations raw_y
1 173.0800293687
3 29.9763588222
4 23.4766508002
46 22.8695237086
91 12.0341108010
300 79.2178457215
evaluations raw_y
1 173.0800293687
3 29.9763588222
4 23.4766508002
62 14.7301902901
225 12.9043915869
300 54.4977528680
evaluations raw_y
1 91.5562396183
3 75.8400917594
4 74.6088844499
8 59.0386525672
9 22.8898261215
100 21.0163616359
122 15.4976044046
300 37.6504216194
evaluations raw_y
1 91.5562396183
3 75.8400917594
4 74.6088844499
8 59.0386525672
9 22.8898261215
37 20.0471682565
97 18.1896389602
140 11.3974021275
300 44.0987813531
evaluations raw_y
1 91.5562396183
3 75.8400917594
4 74.6088844499
8 59.0386525672
9 22.8898261215
35 17.3772005054
167 15.2725474619
250 13.6733626006
300 41.6346370659
evaluations raw_y
1 91.5562396183
3 75.8400917594
4 74.6088844499
8 59.0386525672
9 22.8898261215
41 17.8088752735
125 16.9346491413
196 15.0423129952
300 213.8035968299
evaluations raw_y
1 91.5562396183
3 75.8400917594
4 74.6088844499
8 59.0386525672
9 22.8898261215
75 19.1051910669
255 15.2192981966
300 132.8492661403
evaluations raw_y
1 236.4713011529
2 29.9863301515
37 24.8424813026
43 16.1363729005
117 13.7328834447
132 10.7262909157
300 19.3894073105
evaluations raw_y
1 236.4713011529
2 29.9863301515
33 29.7452120476
51 23.0236970230
67 19.6409334643
108 8.6820857611
211 8.1878755033
300 37.7184027629
evaluations raw_y
1 236.4713011529
2 29.9863301515
43 18.9519739531
121 15.3235553542
173 14.0666795285
300 709.9267512205
evaluations raw_y
1 236.4713011529
2 29.9863301515
32 21.1664282756
50 17.9000406454
71 17.4900167680
182 16.2686955547
187 9.0046720471
300 80.2771972096
evaluations raw_y
1 236.4713011529
2 29.9863301515
40 22.9562028619
52 13.3876937120
300 45.2762284978
evaluations raw_y
1 114.7954116874
3 22.0839717946
57 20.0152537570
86 14.5139835918
97 13.7086927418
211 11.9650359909
300 79.3329736609
evaluations raw_y
1 114.7954116874
3 22.0839717946
68 18.1777720996
126 11.2567323036
300 94.3067462890
evaluations raw_y
1 114.7954116874
3 22.0839717946
41 18.1855760645
77 16.0208087271
300 23.4538758594
evaluations raw_y
1 114.7954116874
3 22.0839717946
55 19.4659716621
300 55.5822786001
evaluations raw_y
1 114.7954116874
3 22.0839717946
39 18.3055467187
134 13.8561027968
164 10.8438153376
300 509.7750576641
evaluations raw_y
1 18.6231584572
32 16.6411100769
71 12.0883674189
74 11.0908025811
300 138.8269527618
evaluations raw_y
1 18.6231584572
36 9.8048551850
300 57.3301167691
evaluations raw_y
1 18.6231584572
41 13.8328946440
300 25.3368224273
evaluations raw_y
1 18.6231584572
65 16.3051592829
181 11.2036732166
232 10.7110968237
300 99.6428619330
evaluations raw_y
1 18.6231584572
97 8.2713295192
300 88.5708196237
