evaluations raw_y
1 1570.3048714323
3 726.9577548105
11 660.5738937638
16 545.3739568611
22 361.0679480786
48 314.1472778091
70 271.9810773620
79 265.2091893940
82 187.1306941246
91 156.1720059214
99 97.3384665302
144 248.7950277133
evaluations raw_y
1 2023.8311355887
2 1074.4078639708
3 847.8234582941
5 791.7391451238
9 574.1986665252
18 553.3337166343
19 471.4367887889
29 423.1406714703
34 414.4411676931
38 384.2801792226
39 372.7505477220
45 354.3155209516
46 281.7450847227
88 239.8122052822
106 183.3664884866
119 176.4275941913
122 137.1467082689
126 121.8475616952
144 282.6020698757
evaluations raw_y
1 2371.1711370620
2 899.2058650688
13 893.6092152995
17 804.5966564866
20 670.8267306129
25 524.2510124453
26 392.3657659688
37 319.9684718626
49 236.4671832489
57 149.0519462545
115 56.0009348793
144 114.4127120802
evaluations raw_y
1 1195.7259143786
2 1032.8179287955
3 1010.7936925043
9 581.8112466201
22 435.3187050995
36 301.6954651583
54 163.5145861090
113 140.7550577785
144 277.3948314151
evaluations raw_y
1 1744.8845632519
2 1701.6633690866
3 1339.5855681713
4 678.3454044814
10 492.6167439042
16 381.6450258078
20 290.6687156907
27 290.5940847575
40 177.2705581801
75 165.6256825983
91 160.4847130708
96 147.5083738932
111 72.5628417772
130 48.5920631883
144 275.0628516326
evaluations raw_y
1 2091.5675549276
2 963.0461216051
3 762.4993022586
10 672.2436513209
11 482.0615913599
42 389.3597949366
60 342.0917113303
79 223.5535855489
94 209.6800733581
98 113.0891413023
110 66.2812776427
131 57.7660945140
144 126.8161491556
evaluations raw_y
1 1449.9501450503
2 1198.3939827500
3 1063.8644812893
9 908.3211360743
13 894.4054821174
16 537.7643877905
33 524.5187333686
34 295.5378769172
93 250.6419902556
110 199.8617968664
116 142.1944084561
140 103.9578258347
144 319.0779446263
evaluations raw_y
1 893.8110538759
9 837.2849516859
18 508.9751986320
27 496.9879989745
50 461.6142511542
57 280.3909859776
58 227.1727126854
92 105.0410739559
144 201.4433491882
evaluations raw_y
1 1509.9143541574
2 1460.0184983164
7 1201.6967241605
16 1109.3711509983
18 953.2787017800
26 520.9982371852
44 488.6437551798
49 444.9110701504
73 441.3987104141
80 440.7645087205
86 309.8230678675
99 166.6757577112
105 135.9767632210
113 130.6197723836
135 110.2547667977
144 97.6211830527
evaluations raw_y
1 669.3784263817
16 283.4100189242
46 134.8460256524
87 132.6139122156
91 78.0780903275
116 52.6459271976
144 90.6517080723
evaluations raw_y
1 1144.3355703150
5 735.2032381436
9 305.7245575612
58 300.6861376249
62 141.2948316072
99 138.7327496061
101 100.1926877056
136 46.6870892703
144 189.1675583808
evaluations raw_y
1 2537.5371252503
2 1589.3905731616
3 724.4361358054
10 417.2113067566
44 389.9927937734
57 378.1404561351
58 360.1613632951
62 172.0077200549
101 147.3937589216
122 146.1025166039
123 139.9306312698
130 61.2593541077
144 171.8783281447
evaluations raw_y
1 2140.3432518767
2 1582.9851125946
10 1461.3724075206
13 1035.4068412679
15 984.4326340618
18 803.3885185873
24 748.8356324997
25 648.6878829791
42 407.4108683856
67 286.5871744300
106 285.1592840308
115 138.1225909679
132 120.4767417827
144 545.9439625302
evaluations raw_y
1 2802.3994785164
2 1313.1203976702
9 982.5775083011
21 407.5215857827
52 166.6999439352
75 144.5799722025
95 101.8268485476
144 391.8882441790
evaluations raw_y
1 3037.5705638846
2 2940.2427868715
3 2529.2355352899
4 1948.9481027705
5 1750.4138693526
8 1496.8896742194
9 1405.3787987157
11 588.8595367005
36 512.2199161846
45 295.5365607553
89 250.5697915037
105 249.0677188237
107 236.6993117007
109 199.1864748148
115 162.3943852617
125 156.5070166702
126 143.9755052589
144 207.5616029009
evaluations raw_y
1 1458.4970633133
2 431.4431204793
9 411.4974805238
37 182.9975002206
86 180.6400801790
111 150.2352204966
144 498.0173165926
evaluations raw_y
1 985.6856266903
3 962.4950736152
4 809.2901696182
6 791.0755842871
12 674.2327969997
18 558.5940202746
25 310.3859737098
57 257.1819171032
80 109.8093735244
126 86.9615083778
144 107.9824114721
evaluations raw_y
1 1609.7764700608
2 1021.9566206398
4 695.1350717863
5 442.1641834064
6 410.2150490123
18 325.6449738688
33 317.8769031300
43 215.8300334902
52 149.3717755720
67 84.9033851090
108 55.2806348027
126 28.5004539370
144 173.9352067411
evaluations raw_y
1 1560.5254408363
2 1133.2843586188
4 675.0438807177
14 223.2109163794
121 200.8184821178
122 195.9014378762
124 131.1829305144
132 115.0925180317
133 102.2996732528
144 179.7664148506
evaluations raw_y
1 348.3359847781
31 210.4653039349
53 158.3387544723
64 65.6837890344
113 61.0938059847
144 106.3238886014
evaluations raw_y
1 1599.8556895408
2 1173.7471399008
3 967.3388890075
4 667.1516270588
5 613.7431572583
6 549.2097024506
10 181.6329398368
83 166.9834468459
100 114.8670635293
102 88.7050227612
135 85.1238115262
138 79.9860413519
142 66.3845670486
144 204.1955635160
evaluations raw_y
1 405.8263443387
26 203.4790715086
38 151.3819580346
82 91.8914135788
87 90.4016242656
107 86.5000977633
110 54.0705522072
117 26.7237340622
144 121.2433358830
evaluations raw_y
1 375.4047113914
17 363.3803250457
45 146.0059653104
95 92.3388541412
108 90.9781534515
109 67.0956781954
132 58.6868160582
143 35.5181987430
144 170.1693419290
evaluations raw_y
1 1278.9671574436
2 1077.2933755196
4 1064.4791186131
5 980.1633250044
6 934.8117152139
7 601.3539740900
40 364.9983402344
60 262.5843607395
65 217.2222766672
79 175.9715787221
99 168.5640863952
106 130.2696272968
113 125.8772938327
123 122.8395767055
143 102.5066209412
144 227.5509584745
evaluations raw_y
1 424.4806258581
11 420.6922107471
24 368.6121066151
33 342.0085757370
41 269.1956011198
49 196.0667692086
50 130.9961738643
58 128.8707170582
81 111.1838744951
90 76.6377092182
116 70.8287553674
131 65.4459117762
144 56.8161976948
evaluations raw_y
1 474.7313674541
12 233.0626739603
39 206.6226913988
41 148.6348612101
49 113.7953951249
78 96.4151522684
89 64.0970302343
144 94.8375112783
evaluations raw_y
1 1893.0067754611
2 759.6915851402
7 586.7526176927
13 409.9475306077
29 389.9409427040
46 356.6295052690
55 333.5721260314
56 316.8222750549
60 301.2401268664
65 259.3342173432
66 233.2168743443
71 216.5236909021
89 193.5357143583
92 122.4847550716
121 107.1733381176
144 129.3367679235
evaluations raw_y
1 942.6403824642
4 589.6342742736
6 477.5523130848
10 433.4129362709
11 332.1340050233
22 230.2282023139
80 175.1813223980
90 99.8821851346
144 105.9294711281
evaluations raw_y
1 531.5444003634
10 342.7401401824
12 165.4297303887
51 144.3070852116
66 108.1823431724
104 102.7701196274
107 98.8035369355
109 46.3950861272
144 85.3362665423
evaluations raw_y
1 835.0917509349
2 493.9601600132
18 462.5138553443
30 457.6657571396
44 370.0273992824
49 249.3536583268
50 158.1858199841
79 113.7642984482
84 101.1455916988
112 95.4799276353
144 151.5345663652
evaluations raw_y
1 1205.8515829205
2 616.2104364534
12 127.0034807236
40 79.6283052929
101 75.4174165209
112 64.1492442882
135 62.4219880084
144 138.9405528263
evaluations raw_y
1 1119.6877905516
3 852.4455876085
10 787.8642391767
12 639.6468597755
17 605.0463932218
36 403.6611838985
50 336.5733094887
53 239.2386540534
59 105.2370929065
84 51.4503037206
122 35.1718852453
144 144.1519238408
evaluations raw_y
1 1007.1151167512
2 552.9633381779
26 301.2611652729
90 181.3445889686
124 161.0070845071
137 140.0765462647
144 151.4759069189
evaluations raw_y
1 1086.5519182479
6 674.6608824058
14 666.0955380827
17 454.4711145817
23 432.4974078960
28 425.5299257374
36 376.3591035535
47 339.4730408841
53 147.2324063788
85 112.8830972687
139 85.2469803875
142 65.3779689320
144 256.4401420578
evaluations raw_y
1 580.3393994693
16 484.6575235351
25 387.4050775948
26 232.2910468815
83 200.0826054714
90 168.4962112232
97 168.4564293190
105 147.6448986395
111 139.0432184869
118 46.4229385939
144 149.1448997937
evaluations raw_y
1 1670.0509683194
3 1261.2209324179
12 1121.5381956220
15 852.3484926979
26 484.5966595894
33 278.4012582384
125 200.8389858655
144 237.6145099766
evaluations raw_y
1 1139.6893169112
3 975.6664602307
4 922.5297255990
11 621.5725718562
20 559.0057482856
35 493.6920437775
52 433.7590389525
59 337.0909834644
65 282.3488938343
82 255.5021320990
93 212.1813121415
94 162.2586973836
130 118.1497305510
144 256.9395615630
evaluations raw_y
1 1124.1636468841
4 1085.8125538672
6 728.0805429465
15 586.2814233856
17 398.8730918087
23 226.7235931180
52 166.2245459066
87 99.2142273043
127 84.6751404223
134 79.2713513874
144 165.9446653267
evaluations raw_y
1 1914.5410066868
2 1415.2886855125
3 1216.7482499060
7 1129.7560439563
11 887.0585028925
12 771.6272070749
17 532.5662708063
21 531.0581331057
41 420.1579313248
42 416.5505835615
55 296.3140639913
68 138.9858303755
88 42.7389212252
144 150.4074500361
evaluations raw_y
1 1043.5805395354
3 926.8588395186
11 727.0793687531
12 636.1709346052
18 534.3337718253
29 504.6493428627
40 480.0886348431
47 329.8458991354
58 228.5172707548
96 130.4218894976
106 78.8610214288
144 307.9982284570
evaluations raw_y
1 1743.7721025337
2 1044.5953948136
4 550.9208238081
33 436.0438455068
45 305.7822617873
50 290.2434825003
68 218.2398734397
85 207.2616026801
89 123.6243666752
144 302.6532077347
evaluations raw_y
1 1885.3741580430
2 1095.9852690071
4 1000.8595021314
6 886.7617524421
10 767.7500712072
18 502.6094411484
33 442.3019237186
44 280.5738359168
53 252.2591525594
93 109.0772797492
144 274.7985648056
evaluations raw_y
1 1252.0076991065
2 1193.4305006754
4 1118.0243061422
6 1089.6325355961
9 808.3029864152
12 689.0004074841
22 484.5243662779
34 223.4819907237
42 55.0323680264
144 146.3455119909
evaluations raw_y
1 1272.3069300230
3 845.3522178017
10 455.9505366300
71 328.4354200919
96 241.0732488482
133 227.4207010492
144 259.5572958412
evaluations raw_y
1 2108.0276619787
2 1573.9979839788
3 758.0105595499
15 711.5868244113
16 608.1065334297
17 513.7897105295
25 350.7050989205
49 346.8403969656
56 212.1704343325
68 192.0835273001
85 128.7835018146
144 206.0865120578
evaluations raw_y
1 1538.2502893698
2 556.7475578657
8 529.2553722437
17 525.0228271153
21 502.0507197048
31 494.7740772504
46 472.3104455489
62 379.9005109945
68 329.2533115339
87 304.3973265043
90 218.9059076486
94 200.6842875795
98 75.5855596997
144 267.6704843842
evaluations raw_y
1 1316.1541573373
2 1031.7197879488
4 777.9983734259
6 714.8474837819
12 526.7463651365
14 475.5521161589
19 346.5116325982
29 295.6788687290
45 278.2493574688
46 211.5728043222
76 119.8894014433
106 114.2646626033
124 95.0151007969
131 67.0461279753
144 191.4925688035
evaluations raw_y
1 1366.4035828607
2 913.9619094826
9 422.6853342152
18 389.3942225871
40 338.8782666436
79 101.4487092738
144 281.9766093390
evaluations raw_y
1 1254.8250637554
3 926.0128451901
5 766.8455139692
12 586.6015614281
16 585.1106228445
31 391.5571114554
34 357.1720797190
40 144.6437019607
96 54.9207464979
144 155.1809520719
evaluations raw_y
1 2152.5206780068
2 1423.5034436983
7 1385.0596850260
11 807.5588196133
19 476.8851940590
31 247.6200826417
47 240.8362015244
74 144.8490938142
90 114.2856785660
134 79.5162147238
144 192.1896321702
evaluations raw_y
1 1026.3501983032
6 737.6660853099
16 627.4987843729
19 590.5293426135
22 522.6555661162
46 361.0229604847
65 267.1878694290
76 264.4360725158
89 209.8489332672
93 177.5406832903
101 122.1633662622
144 315.9724015357
evaluations raw_y
1 1045.7674608578
3 926.2064304854
4 774.3974354776
8 576.4453220814
13 460.5231768198
17 303.7110067733
35 211.9372213544
71 156.1309769844
75 145.3122643618
124 119.9717073082
129 117.6665660655
144 154.2561111844
evaluations raw_y
1 679.0116846470
10 669.6077979031
18 618.4558292545
19 539.4613393308
23 492.1888770910
71 469.9929667802
76 462.3366763966
78 391.1296306226
86 212.6768807489
111 182.0072441031
119 136.7703489577
144 201.1429721718
evaluations raw_y
1 1551.5715512150
3 924.6514998863
4 771.8214983353
10 614.8844362615
23 605.1597075995
25 402.5275417306
58 364.0891193927
60 340.1037313981
72 210.8964155763
123 169.1143329268
129 132.9372950712
144 208.4636555232
evaluations raw_y
1 1135.5766868098
2 771.7247393789
3 260.1248144027
43 166.9227509233
61 110.3563830943
107 109.1204768098
116 73.8708924208
130 68.1723565576
139 54.6012910940
144 85.7669678780
evaluations raw_y
1 1510.3575765916
5 1466.5388760473
8 946.1751411816
18 731.9048921141
25 616.4413632660
26 451.2673064097
27 394.3657181122
46 350.7418964928
49 325.4293336053
53 259.9522179560
55 206.1675109861
96 138.6362344482
121 118.1806505969
122 38.3322608953
144 164.4543528313
evaluations raw_y
1 2797.7004100778
2 1207.9868122267
3 742.7805447591
15 724.3851604757
20 559.6233102723
24 274.3368143421
63 247.1566448625
66 137.2240980899
98 129.8412974001
124 117.1956906565
139 102.8188662929
141 90.9532156170
144 191.9615282417
evaluations raw_y
1 1887.2724736883
2 1323.0455135656
7 1190.5547022398
9 1045.7855791458
15 748.4620771414
27 594.3210988328
28 529.9104006234
32 441.8151214297
44 417.6247632089
51 370.0498660523
73 344.6455916600
79 255.5705691923
87 247.1764200856
88 120.6634844354
96 86.8848721143
123 84.2160672218
144 136.1601591797
evaluations raw_y
1 1642.5636510177
4 1411.2703386122
6 1116.9690325281
13 581.2359340884
19 542.6887931926
24 521.8296240449
48 492.0591546260
56 413.1226844592
57 209.3279307268
78 112.5405109869
107 90.4899964394
112 75.2678731549
113 47.1455744541
144 230.7016759111
evaluations raw_y
1 1445.6335591198
3 1129.5791487402
4 1115.4988686297
9 588.1539512175
20 333.7357040300
59 330.8402790890
60 323.0197129826
61 286.6782728967
67 235.0016935699
73 147.5029418407
84 128.4029396860
90 70.3446309194
139 43.4190067248
144 77.5427791389
evaluations raw_y
1 873.3084882847
2 817.8076262745
6 602.5096198725
13 570.7551774942
18 270.5134869354
30 93.3496680770
57 91.9247848640
76 72.1983627113
90 42.8237922639
144 83.9327456799
evaluations raw_y
1 934.9813219041
5 476.7852921541
17 382.9373221264
52 270.6038486947
58 138.7073860273
98 118.6843739780
111 106.7149387435
126 87.9578444666
144 98.8206641765
evaluations raw_y
1 656.9567402983
3 496.9215775293
18 495.7073124757
29 418.7890255324
33 289.1851747611
41 168.6234497404
54 131.1965525452
59 103.3323387429
95 100.9800387488
114 92.5972233038
118 60.7889653617
144 96.9411003892
evaluations raw_y
1 521.3177940269
23 487.9716050912
25 298.6072475120
51 85.7628228102
91 72.8702601759
126 71.6336091877
144 178.0277583015
evaluations raw_y
1 1031.8497602844
2 559.1892224573
4 540.4701248638
5 533.0691125714
21 488.8692431833
22 435.2344158927
29 315.6044108985
50 274.8727395007
53 181.2564222494
114 168.8433228609
117 115.6170101647
132 115.5848268838
136 114.2428489458
138 97.2346134347
140 57.6577220547
144 265.2245686821
evaluations raw_y
1 1706.7991524528
3 1108.6782272981
4 609.3752962286
13 334.9349453850
17 312.9636533350
21 213.4150742943
83 163.1026534129
101 154.4686850207
109 144.7929262815
113 114.2131483875
120 103.8384381243
144 278.3933247176
evaluations raw_y
1 2175.8549071566
2 831.9666635955
7 815.1452526631
12 510.6213258384
17 457.5130469583
48 435.4544222547
53 222.1623670915
94 219.8289281234
97 196.9184646173
108 130.1091373199
120 92.5352795387
135 78.9927436028
137 78.2373010402
144 142.1859035797
evaluations raw_y
1 1139.0592196757
4 1073.9633155632
5 1071.8113584773
6 714.3537159351
13 480.4323415542
22 314.9573642574
37 145.5851293992
79 92.1947816966
91 81.5378747787
97 45.8977405279
144 171.6985289790
evaluations raw_y
1 1695.4797055210
2 1509.1854396014
4 1056.5382716846
6 818.4050550610
11 703.4899333124
28 674.3067821644
29 534.1826759366
53 508.8220592461
57 397.4799811562
67 206.3061576019
114 195.8285915841
126 176.6361568403
136 88.1385493843
144 657.2553355207
evaluations raw_y
1 1117.1150139267
6 611.6871989718
27 430.4931205746
39 405.7798387971
43 385.5339899512
45 303.5739771307
67 186.7517110808
69 169.8295636402
77 154.3099774761
84 146.7812647150
98 109.5021104235
108 101.2233816222
109 100.3584849480
115 98.9349543432
122 78.9433309391
144 206.2651320388
