evaluations raw_y
1 81.4652279664
3 47.5256350682
25 44.9642653636
70 27.1349666124
93 19.4369801099
110 18.4864778789
147 18.2360331054
195 11.3380176701
273 9.6095627658
284 8.5298328453
290 16.2073814010
evaluations raw_y
1 84.3565186058
2 84.3269689613
4 80.9586608981
5 72.6046557942
23 54.8424530351
26 36.3368756079
54 21.3465031015
66 18.9534304387
73 17.3413245610
126 10.7787573323
131 8.0389947891
135 7.5984015267
203 7.5260189192
207 7.3130463771
216 3.9864913649
234 3.4887350458
243 3.4524229621
246 2.3790776350
258 2.2005397068
263 2.0994898013
290 2.9527425040
evaluations raw_y
1 86.0877344858
2 82.3951970683
6 77.9172056295
11 67.9333584798
18 59.6854098041
41 41.8129097696
54 39.6123174044
57 27.1672937282
73 22.4287374782
107 21.4742563400
111 11.7020679966
121 11.6300494573
134 5.3791803627
188 4.9858868271
204 4.7172337158
207 2.9517278356
242 2.4967308075
251 2.1934861005
266 2.1265468669
276 2.0947235201
281 2.0394160688
290 2.4705758229
evaluations raw_y
1 83.7909518207
2 60.0075650628
10 7.5309944852
162 7.5174998275
166 7.0995112243
169 3.6026689498
253 2.5326810952
272 2.2935426338
285 2.2405579373
290 3.9102924083
evaluations raw_y
1 77.3517643446
2 68.5918263514
16 68.2814004346
17 67.6867457303
19 63.8290724087
23 54.6329674234
56 26.6058298382
75 19.5426451343
91 18.3401867335
99 15.7185368278
142 12.3382032829
161 9.3075348297
166 8.4790803892
172 8.3695347927
179 6.3210700437
183 5.2448689621
193 5.1234322360
234 4.5265971481
242 4.2362694145
247 2.7986596942
261 2.4934902396
277 2.3046416856
285 2.0942241475
290 2.8804561848
evaluations raw_y
1 81.0437534468
2 79.0707002027
3 75.1190746895
9 72.1323195420
40 70.1957902736
58 58.5872862436
90 54.6022849706
101 41.1044419089
139 27.0729921093
243 25.6187452959
248 25.3855562091
255 21.7491098122
266 20.5321109112
273 19.3630831084
290 22.3710770404
evaluations raw_y
1 74.4464800434
13 73.7923258087
15 72.9785003237
16 65.6912108319
23 64.3859797490
38 62.2310106407
113 53.8911951894
175 42.8793974990
188 40.9118632689
222 37.7512184963
235 35.8331010548
252 33.1407836748
278 29.0673808845
290 47.9786837568
evaluations raw_y
1 86.2311144919
2 66.1947118977
70 57.7864608827
78 56.7768090541
81 51.9335327497
112 42.4140777006
138 39.2499101025
143 33.0019886913
171 30.0151189853
185 29.9495438822
199 28.2578686607
225 28.1865829078
227 28.0645424432
240 27.4229367009
242 26.8805060819
269 26.7801422158
273 26.6386556129
275 26.1704966902
289 26.0896707766
290 26.4168101622
evaluations raw_y
1 85.7159901349
2 85.2923017978
3 74.7412683891
11 42.9458031758
18 29.4501631797
93 23.9618159189
111 19.5158529762
114 11.1805634058
148 10.2965047164
186 4.5377098984
235 3.5337070217
245 3.2184165246
248 2.8071924691
250 2.8016549495
254 2.3311291361
283 2.0981174557
290 3.1123854138
evaluations raw_y
1 82.6635201821
2 77.6184230358
8 75.6763826019
17 71.9214261912
23 65.9165302633
69 62.2769037059
82 59.7522074498
104 51.3013010756
128 43.3849177498
163 32.4124951585
170 30.5714592964
176 30.1201845084
203 30.0594545053
211 29.1962606612
227 27.0468828284
246 26.6018857772
286 26.5736070871
290 28.6478387628
evaluations raw_y
1 82.4349957098
6 76.0563136212
19 71.8581718031
39 54.5541038006
102 48.7015175823
111 28.4809730859
146 24.2296778850
178 23.0306693476
187 22.5365424459
197 22.2082678365
204 20.3475029037
210 19.0179170961
213 16.7657188957
218 11.9439897965
236 10.6456963352
258 9.1581413152
273 8.5471882406
290 9.4642521162
evaluations raw_y
1 81.4859958829
9 80.6082054023
12 80.5289358001
14 79.5125056630
17 75.0554755000
19 65.8006100498
34 64.5750125693
38 60.9735352701
40 53.0587296433
42 40.5183714997
49 26.2803092327
176 24.1767072785
184 23.5834079130
185 15.6711569449
202 11.3277062798
246 10.6633102550
276 9.4291946403
290 12.1743863618
evaluations raw_y
1 83.9442868670
2 83.8435445485
3 83.4676315591
4 80.4962838758
8 78.0208778226
12 74.6143273153
16 63.2397464465
52 56.4819012877
64 54.0964469304
102 22.5502798688
144 22.4766717021
165 15.2089753759
228 13.1736801532
258 12.6163784625
261 10.2121956227
265 9.5500651121
266 8.9257627735
278 8.1780926135
290 8.7739727101
evaluations raw_y
1 83.2722715621
3 74.3852375562
11 66.2522504891
92 62.9343823487
94 62.8206742490
121 60.8010733540
133 48.6521558979
151 38.9731306291
152 28.7529957111
174 26.9640626275
199 25.7529289396
204 23.8105319459
208 23.3007792761
258 22.6512451523
262 21.6702307331
274 19.7730101815
290 21.2573259365
evaluations raw_y
1 86.7643168809
2 85.7418630026
3 84.9817347018
6 84.3983943163
8 84.0871435882
10 83.5954649649
18 77.8783829126
39 77.8387389732
43 74.8926150071
51 74.2463708336
55 66.0547369763
91 52.9844590259
92 46.4235307814
116 33.2788626833
125 13.1078638649
153 9.8889870266
178 7.7362575137
210 7.6185568353
216 6.8216208477
233 5.1241269306
244 5.0738746873
245 4.8810266223
254 4.6182006940
255 1.7745135014
290 5.7309432549
evaluations raw_y
1 81.5891709227
2 75.9381774942
7 72.6832035007
26 69.7467767987
48 66.0812985044
92 42.2308076110
123 35.8898229717
191 28.2505261164
200 26.0985634676
201 20.8805869037
213 19.2048652098
222 19.1014576392
224 11.5405929634
237 10.6428143018
252 7.4562789030
258 5.0660707678
290 41.5783490760
evaluations raw_y
1 85.7947090745
2 85.7820791517
3 83.1077844858
4 82.5889207325
6 65.6120349415
12 63.8282249695
27 57.8546275899
60 23.2407978858
147 20.1508553226
161 18.3544864532
169 15.9128409843
171 9.0891533193
179 7.8240058130
196 7.4434242360
197 6.9339989603
203 6.0911112684
225 5.0126653335
245 4.6329898060
264 4.4549209858
265 3.7919393575
266 3.3561592089
280 2.8278258861
284 2.0738143379
290 5.6840596538
evaluations raw_y
1 74.4312758005
25 74.1945222509
33 72.9399871357
78 71.2364644998
122 68.6472993475
155 68.1669451483
181 62.5438641110
202 61.1728900641
204 60.7864481246
211 60.3847959580
217 52.2984681628
230 48.5610759519
253 40.2982200499
290 60.3463221972
evaluations raw_y
1 76.6007968516
2 72.7273239830
32 68.8326575224
42 58.3113349767
51 49.0737705104
71 46.7432181500
74 44.6111243698
76 31.6609582873
84 30.4723266788
86 25.1367843804
119 24.8903584128
125 9.7000277649
166 8.2888659619
185 8.1847418153
187 6.8964638242
238 6.6653167668
261 6.2633075123
284 6.0511023485
290 8.5210086546
evaluations raw_y
1 76.8079547070
13 76.2811866101
16 75.8994482139
25 74.2370669353
26 69.1968914872
33 59.4431814639
43 52.9334754128
93 52.1890371969
99 47.3930293949
100 42.5021825215
105 40.2587418169
106 33.4304165184
115 24.9374194074
126 18.9651762661
134 12.1963395406
141 11.9782529967
152 10.3920161896
179 9.9394190341
183 7.4742991768
202 6.5327044439
289 6.4915922158
290 8.0565832382
evaluations raw_y
1 78.9451994934
3 71.6342842887
13 68.5334186602
26 62.6526356148
34 50.9185181485
97 43.9197601309
98 41.9168926112
106 40.5674520978
107 33.4927930265
116 27.0465884258
149 24.9232025025
203 23.2507926496
215 23.0027205391
220 22.8831520625
224 20.9662460986
225 19.8403569713
285 19.6881800655
290 22.0449200311
evaluations raw_y
1 80.4575020948
2 70.2201728003
24 65.8568016222
25 58.6062119080
80 37.7429463770
104 21.0963081284
147 18.0122218484
152 14.7724891580
180 12.4141354304
185 10.5280517378
194 9.1268588290
218 6.8408653362
266 6.7837016469
290 9.9661361811
evaluations raw_y
1 85.7309102933
2 85.2778569206
3 80.4338309525
9 74.6756493362
21 70.0385740358
30 47.1943454821
70 38.7369109549
206 31.6894404991
216 30.8759731931
229 25.5205318687
244 21.1831922132
290 27.2035137980
evaluations raw_y
1 75.6188737077
5 74.2265171781
15 71.4954538222
21 71.1627249211
24 66.8738287507
28 62.2802873711
38 61.6313908925
62 42.9071997569
71 36.1226128200
102 35.1625131218
115 27.0745184271
116 26.8480320031
126 24.2837318689
156 22.6152506607
176 21.9475783372
198 21.7569220355
201 21.6151351681
202 21.0471408777
213 20.6270623055
222 20.2526311246
251 20.1249916580
258 19.9400882757
263 19.4805822467
268 19.4549667646
280 19.3906329133
284 18.9276084799
290 20.9625009242
evaluations raw_y
1 74.3810252015
8 60.6413256591
65 55.7667357795
75 51.1499192880
84 44.9245790305
116 32.3563205051
129 31.5596087969
140 30.9857850776
151 27.1869860479
177 23.9625802316
178 21.5558667685
204 21.1689499521
213 19.6958723382
235 19.4344576944
270 19.0733357327
290 19.6926350115
evaluations raw_y
1 83.8863675642
2 81.4231763832
3 79.4693234420
8 75.7594282483
12 64.4268198910
54 64.0322537507
97 62.3444003359
101 58.9538605234
111 55.2983709017
121 54.8088390436
127 52.6405177575
130 39.7815542021
184 39.7067985989
188 37.2416948510
192 32.1410654475
212 31.1086712763
218 31.0669305097
275 30.6951001807
285 28.6124032876
290 35.0589964250
evaluations raw_y
1 78.9663682806
5 75.6544299430
14 74.6333153668
15 51.9056505691
92 50.0587492376
149 49.5777903185
161 48.4709901310
164 44.2258191028
172 35.9707725274
205 34.0781013853
206 33.9793856010
232 29.2949737671
287 29.0665934863
290 32.7957102378
evaluations raw_y
1 81.8236027414
2 78.6771204767
7 78.0798901205
8 76.3519443706
23 74.2579238503
44 71.0196773426
110 68.7189845482
117 67.9242206007
128 67.6410149894
136 56.1640155159
146 54.8787690665
175 53.7946190310
176 53.2079342215
195 53.0796775710
205 51.9154683821
207 49.9397169215
215 40.2591778899
235 36.2305712396
245 35.6607646247
266 34.5369022401
277 32.3735783963
290 32.8210622361
evaluations raw_y
1 80.2766779711
5 74.9064090587
16 71.0006705698
45 68.3801424697
80 60.9383195914
96 31.4694594074
118 21.3206732357
121 20.8650581333
177 15.8125828446
182 15.5686052751
186 12.8265118411
192 8.7499266723
203 5.5332367803
215 5.2342524421
246 4.9281094501
262 4.7697605922
268 4.2119197276
274 2.1543457518
275 2.0066937243
290 6.4803535037
evaluations raw_y
1 79.8020943128
2 76.7081670974
7 76.3382804126
11 73.5516899398
17 72.5700063692
61 70.8291613234
67 70.2866976299
79 65.6145504733
96 59.6423385193
137 56.7743879486
141 48.6000640345
152 44.0173843352
165 43.3755347985
178 37.5563238950
223 34.6200880283
261 33.2308417172
290 33.4788662854
evaluations raw_y
1 85.6823688690
2 84.2885427873
3 76.4875120300
9 70.9442765886
16 64.7030543971
29 61.0677501863
82 58.3122153207
83 47.2410991123
97 44.2532579710
103 43.4875868663
141 39.0073180838
155 32.4943654238
177 31.9311482509
180 21.2105266742
182 15.8331378140
213 11.1263085438
258 9.5758517946
290 32.7679776046
evaluations raw_y
1 83.8669791945
2 78.4616888661
18 73.3191295603
25 59.8721930786
64 56.0792633826
82 45.2229078081
115 29.9565096750
137 22.0566879586
143 20.1087039441
157 20.0960644965
180 14.7372272438
181 11.8390010453
221 11.7941130092
230 9.9615437780
236 9.8959780498
265 9.7060156594
268 9.3199739517
277 8.8189886455
286 8.3069755034
287 7.6721716329
290 12.7850860282
evaluations raw_y
1 83.6017125106
4 78.8848468049
8 78.1619305282
10 70.4679582561
31 69.8818645303
33 66.1551506659
121 60.3245654213
135 59.1870821393
145 52.0336522154
147 48.2305303865
187 46.0164727153
231 44.8634307439
243 41.9016451142
254 39.1934211136
264 38.0380350409
290 43.3621355320
evaluations raw_y
1 87.0487637865
2 83.1053354334
3 79.1687431724
4 70.3897040067
23 66.1579803954
169 19.0327652349
188 15.4172541464
207 12.6045222673
245 8.3038915704
290 77.1926400693
evaluations raw_y
1 72.5599771686
10 65.7053201350
18 53.5838061040
23 48.6486539269
25 30.0482271299
136 24.0621534976
175 22.5830216661
177 22.4645827748
196 18.8972452092
206 17.4108923443
208 13.2114053958
223 8.7260869734
290 18.4706382977
evaluations raw_y
1 86.4726080555
2 79.5446160201
4 78.0042961839
5 77.2485427923
8 76.4619619305
16 70.4860479672
29 69.2797780737
32 50.7961097513
69 31.7725011916
109 29.9093161270
114 17.1871103788
143 14.3314716094
167 12.6964561924
195 7.7038418704
197 7.2867755342
235 2.2153213059
242 2.0871922910
284 2.0453396108
290 6.6035156177
evaluations raw_y
1 82.0868711024
2 82.0825652883
4 77.6496392934
11 72.2395404931
12 64.6361930963
25 50.5682435290
36 45.2502141987
37 23.9377760055
77 23.8723661036
85 22.9700070437
141 16.5054522110
160 9.3236302463
163 6.1255744484
166 5.8275521023
187 3.1040610064
232 2.9946679836
236 2.2617393021
241 1.9010583510
282 1.3928216152
290 2.7875540662
evaluations raw_y
1 82.5946486755
2 75.6708511009
7 68.0442094901
48 63.9456168367
62 45.9612884948
71 20.7074059402
115 16.5234849211
121 13.3126961498
135 8.9462289021
151 8.7303310806
161 6.3185356625
175 3.7051267559
203 2.1677706079
215 1.9328433758
290 2.0125144966
evaluations raw_y
1 83.4899725801
5 79.3713725152
8 78.5534309458
10 66.3074259219
46 37.6732991030
96 13.9373300425
109 13.2715964190
147 12.4935095596
165 10.1550151230
179 10.0274426674
192 9.1580396926
196 8.9569977443
205 7.4443994279
221 7.0456022069
238 4.6068768811
245 4.5714774963
252 4.5531802669
276 4.2059157588
289 2.7494085234
290 7.8007371698
evaluations raw_y
1 69.2926899475
14 62.6560757930
55 55.4595554412
63 36.2514960432
77 26.6039240142
84 21.3671742550
93 19.7562238304
97 19.4167322302
118 9.7980298973
149 7.3672483807
193 6.7429734718
201 5.7487544085
204 5.2119650985
209 2.2153841732
244 2.0629788192
280 1.9687212959
290 2.0536359799
evaluations raw_y
1 81.4801287859
2 80.6522587130
3 75.1730240672
13 74.7938850957
16 69.5763067189
22 67.1088673532
34 62.8043745411
64 60.5524447820
66 56.8914559124
90 48.1525834121
97 35.7059834287
144 35.3577059814
168 34.4212574816
176 32.9510362065
178 32.2410248637
182 29.2478310387
191 26.1824265450
202 25.2372980040
206 23.2526190876
261 23.0222524206
278 22.1198403436
290 22.3476675072
evaluations raw_y
1 59.0235780421
56 51.8474987268
89 46.0858987117
94 42.8698904136
100 18.8962351136
197 13.4534302592
238 10.5624838016
245 9.7341516758
250 8.1804699059
276 7.5430506027
277 7.1191528278
290 11.2141195650
evaluations raw_y
1 77.1770181424
2 72.3505868010
22 71.8219590119
30 70.0180405177
43 62.4558181297
48 57.4079582238
56 41.7907311617
75 23.5766688529
107 21.8960742271
173 15.7393214361
187 10.9474846954
228 10.6984658618
229 10.1133571642
232 8.8632857888
243 8.6902329017
272 7.5975050918
290 9.0092810484
evaluations raw_y
1 82.4404935848
3 75.4319804592
4 75.1605733428
35 70.8379184234
82 69.8099153580
91 68.0606369886
107 59.0561240387
127 57.4148041596
130 52.4189014121
133 41.3559594931
147 22.2169323962
151 18.3909805270
198 14.2666786361
204 11.7785881371
243 10.1604598957
269 9.9335792645
273 9.5463536863
290 12.6136412889
evaluations raw_y
1 79.6336753826
8 78.6995417438
13 78.1419931219
15 74.5820801325
23 70.4495809266
27 66.9154849042
28 64.0423979058
31 59.9891776941
35 55.3626021907
88 40.9296445017
93 32.0383618279
104 25.5433031966
141 24.7158314112
169 24.6683756133
187 23.9658133525
191 22.0538740533
194 19.1403675141
201 19.1158579293
207 18.4281588361
228 17.3105200286
231 17.0889371185
259 16.9980082829
266 16.9076635403
276 15.6046386984
290 17.1796022391
evaluations raw_y
1 84.1174479306
2 81.4224759866
5 80.1748402062
6 78.3362318874
8 67.8927193452
56 67.1583960567
65 64.9363607534
77 61.1407193923
83 47.6319840922
91 46.9868555068
104 41.3054826506
115 35.9133113475
130 34.8219166358
142 28.3658931489
166 25.3784478643
172 25.0443924152
186 18.5979739567
194 17.3236663275
202 16.2978895399
206 13.9313134691
231 13.7240868238
246 13.4059746234
250 13.2601398046
253 12.5552840277
263 12.4401530527
270 12.3413305539
271 12.2064872338
284 12.0401012180
290 14.8916942887
evaluations raw_y
1 83.8437169076
3 79.4175387244
13 78.4565357594
15 63.6537569339
45 57.8627644071
62 27.5457927436
95 25.9697627346
126 24.8170621507
134 19.7330830003
183 13.1716859414
206 12.6384875380
254 12.3981864312
274 12.3013382784
276 11.7180285860
290 13.6040293105
evaluations raw_y
1 81.0270907563
5 79.2015822291
14 76.1466275474
28 73.6373283698
42 68.5504754303
67 67.6100029352
73 65.1331806916
77 63.7153698227
82 60.5111539428
83 60.0218734443
92 45.0974958372
115 39.7292073737
125 36.1130955614
132 35.7792188596
139 21.3713809115
149 19.0950448627
199 19.0443953632
203 18.9903400292
208 18.5045293626
213 17.6953549818
226 16.6414139139
229 16.5713857569
232 14.4340903990
262 13.3702402178
274 13.1742463351
290 14.1982553240
evaluations raw_y
1 81.9737860057
2 78.0484236202
14 75.0206234272
23 68.7939075352
27 62.6339265618
31 57.3888821750
32 21.9332669635
87 16.1517077874
139 11.9793628002
140 8.0740838720
149 7.0631536394
153 6.3919887583
170 3.8870748960
187 3.8635812230
190 2.7676336038
191 2.5207339590
208 2.3428380557
224 2.2141476195
231 2.0631706516
235 2.0629064043
243 2.0388834043
246 1.6416870059
248 1.5124512855
274 1.3829950647
279 1.3477420784
282 1.1389186816
290 1.5388775938
evaluations raw_y
1 85.6033374593
4 84.4410022627
5 83.7847524579
6 76.4070245933
7 71.1507721735
19 41.7594217681
103 24.3353359461
151 22.8014938152
154 20.1190376858
183 15.3306555055
202 15.1220617023
231 13.4432072691
244 12.3778351190
255 12.0025654867
284 11.9373785107
286 11.6752382394
290 14.0112937891
evaluations raw_y
1 85.6073670467
2 74.7989026971
5 71.7703607266
10 71.3051706545
23 70.3354977482
32 68.6437383333
40 68.6216051969
60 66.4293625311
74 62.0728522885
84 57.0215260024
85 42.1492516271
93 24.2159884930
115 22.6218577578
165 7.7943091327
188 7.6233144727
198 5.6130855216
205 3.0382576873
211 2.8619141375
217 2.5381223750
274 2.4575145822
284 2.4206845281
287 2.1693582983
290 4.6527860653
evaluations raw_y
1 85.8893090695
2 83.1980098104
3 72.6194175475
8 66.2979156250
31 62.1840139615
39 61.7816057219
59 61.3437741124
71 58.3172351873
75 52.8055240651
76 15.2234835527
115 11.4035553120
164 9.6153613021
174 8.0009190865
210 6.5596530453
224 3.9988865552
237 2.9620318770
290 9.1680211680
evaluations raw_y
1 79.7150511942
9 72.3832389786
33 72.2347308580
42 58.4719992631
66 42.4364525971
77 40.4915930175
92 29.2157451925
141 27.3943693235
172 25.9012169923
179 25.5195571958
196 25.3489682398
208 22.8970119650
238 22.4604864565
259 22.4318721113
261 22.0887762320
290 23.2067204248
evaluations raw_y
1 73.1350718066
12 66.5669421161
13 55.8163965351
70 55.7353742194
71 26.3201040358
114 22.8294626541
149 21.4751894166
166 18.3496379533
177 17.5486563133
182 17.4300489160
188 13.1954388790
204 12.3705412754
213 12.3222068627
217 11.6529027593
224 11.3595610326
229 9.5775720685
290 10.2418455301
evaluations raw_y
1 85.5588254391
2 85.4057176989
3 82.9380710356
4 77.1911880311
8 74.6613088766
9 72.9020803340
16 68.3864307883
36 68.2538213355
41 67.8245380396
60 58.9730733712
61 38.5033164333
71 32.8691186013
90 29.2340599860
115 22.6862952536
126 22.4164857351
143 21.4903149776
147 20.3532558779
178 19.0914291545
181 18.1488273461
187 17.9057131077
192 17.6657427926
196 15.1815682373
203 12.3989534096
272 12.2557369000
284 12.1550853418
287 11.9424103341
290 11.2156841828
evaluations raw_y
1 77.3900587132
4 74.5557418254
7 73.4555738264
21 61.3192987527
52 57.4918203039
58 29.9216551270
60 27.4580282886
80 9.2440094108
110 6.4687333954
123 6.4047403683
133 4.2908830694
134 2.7894517889
172 2.7557188573
173 2.7202944741
185 2.5807071327
211 2.0824989528
216 2.0245309089
226 1.9899581881
233 1.9051407947
240 1.8115995807
246 1.8087108735
251 1.3614381507
262 1.0339977370
290 1.3615527305
evaluations raw_y
1 80.5715577118
2 72.0710597969
12 42.3756090170
193 36.8552248160
232 35.3870645465
234 29.0861805491
245 27.0850572844
246 26.3107374114
254 21.0545638879
271 18.5265760499
286 17.6565381654
290 21.0236950769
evaluations raw_y
1 82.8370228086
2 76.8080398522
4 76.0731077557
6 74.2799255626
12 73.3569944775
31 70.8248074289
39 69.8522251251
57 67.2642130613
68 65.8828818587
72 63.6346410494
73 60.8875363699
96 60.0888031982
101 60.0531619573
104 60.0353126279
107 57.6108701739
132 54.6498892268
151 51.8910737978
154 46.4137513853
162 41.0013630110
172 30.2154942037
182 27.8589679232
204 22.4649491047
220 22.4059876532
265 21.6626227623
273 21.2320692143
284 20.8508628184
290 23.5356487416
evaluations raw_y
1 86.1496849207
2 67.7313673952
49 66.3173028171
51 56.3027424145
97 53.9258318495
114 51.9518455325
138 40.4615039715
163 40.1436254838
183 38.2046238468
195 36.7354361749
217 27.8540892235
283 26.8601282857
290 38.1825378577
evaluations raw_y
1 78.9702140857
2 78.9340505768
6 74.2943599957
8 72.8162836765
12 69.5045048817
13 68.6495045845
28 67.8426060418
57 66.5825098624
71 54.7418810833
105 51.7050586354
119 48.2052866947
124 41.8181395021
160 41.0870183637
177 31.2698779541
206 29.9492574539
218 28.5645876538
242 28.5077798049
249 27.9391318869
250 27.1527402678
264 26.9130307082
290 26.9004463109
evaluations raw_y
1 86.1281659308
2 79.8810409019
3 74.8311464869
12 68.5300669469
47 62.4391757824
52 58.0638274713
87 50.3908429869
110 48.1675476878
249 45.5672710468
290 52.0455846630
evaluations raw_y
1 79.9001836246
3 78.0445090354
5 76.3938925210
9 72.1839802922
17 66.2429812951
19 63.4326185667
28 38.1493531601
42 37.5497438436
108 36.0756034722
130 23.0287076259
143 17.8202677359
159 17.7774640478
176 16.2585466288
181 13.2444205026
193 11.1576971408
214 10.0950453416
219 8.0630008279
284 7.6207914317
290 17.0177826593
evaluations raw_y
1 77.1716461614
7 77.0380001226
10 75.8037619528
11 75.7762701400
12 75.1189175130
14 72.5429515108
15 65.4615716672
29 51.3294048495
56 24.5376285186
143 17.7206895779
145 17.4176595478
156 15.9918012543
160 14.3084683032
166 14.0037159419
184 8.7160496882
290 15.3730050811
evaluations raw_y
1 85.1187634304
2 84.2001281060
3 72.2784199534
9 70.5131888021
19 61.9263358012
69 59.7664489713
99 59.2869936014
116 55.8327560739
128 55.2233770532
137 50.2024612949
195 50.0538610718
203 49.9414667557
204 48.3614246605
210 47.7945217966
214 45.8823412331
240 45.1476013006
245 45.1176557002
259 43.9329396531
274 43.9034211708
290 44.5212246989
evaluations raw_y
1 85.0545409927
2 77.0615250918
8 73.3061307462
11 70.7463394242
19 57.0572038895
47 31.0802755727
132 25.9433058901
161 23.8966182695
197 20.3148034452
198 20.1295923505
212 20.1291208154
213 14.5017778914
228 12.2830785229
268 10.0265743925
281 9.2864590179
290 10.7454610454
evaluations raw_y
1 79.8029770990
4 73.7267842605
12 67.8411298544
13 65.0456387180
38 58.9284016646
63 57.4431719920
73 52.9946420842
82 38.7240632303
95 27.4717085915
111 25.2260635473
157 22.4913019699
175 19.9909058550
180 18.4413918761
186 17.7088063651
205 17.4991066083
215 15.0837042535
234 13.5487728769
256 13.0329928303
266 12.7353199843
270 12.5673771767
284 12.5157221593
290 12.8014743474
evaluations raw_y
1 92.5937743436
2 81.3229332791
3 77.4767201278
14 75.9800030648
26 72.3895381963
27 65.5537296239
88 47.9881159276
101 22.8570047909
188 18.6766956136
212 18.4755318636
230 17.1256742560
235 14.5162387223
245 13.6755802759
251 13.1519425478
263 12.1413672158
290 13.1690081408
evaluations raw_y
1 83.8514153477
7 83.0350482327
8 75.5046635658
12 66.5687828080
33 66.0240591929
34 56.6251626391
54 53.9289901438
78 49.1333335358
87 46.5662824088
89 39.6534403746
102 36.5843431693
112 28.0013137563
134 27.0245648085
136 19.4593733846
144 19.0730406087
184 18.8284010868
193 17.8979180215
195 17.1824198896
212 15.6502965292
220 14.3631794758
232 13.4722446281
273 12.3688733023
290 16.9819774326
evaluations raw_y
1 75.9129579133
25 75.1432097153
34 74.2953413921
44 67.3408577537
99 58.1057795622
116 55.4756496778
140 46.2069844621
174 45.0634199704
192 41.8653199138
198 40.6999485834
211 40.0552176932
224 40.0208154227
241 38.1087579595
290 39.4867178780
evaluations raw_y
1 81.9030618799
3 74.0927538226
12 74.0293912877
14 67.2890077488
30 67.1011127726
37 65.4223171819
52 61.4410225798
66 51.7760455117
82 26.6229482119
182 25.1710175488
185 12.7179373707
213 11.1223208813
222 10.8184229577
246 10.5187746796
254 8.6422015617
271 8.4205101313
285 8.3448899729
290 9.7018633165
