evaluations raw_y
1 18063.7978793833
14 10242.1640250501
22 1870.0103230943
32 26.0415575562
150 320990.8821520369
evaluations raw_y
1 325221.5047047636
2 181853.6082730895
5 97962.5968817483
9 10661.6959210917
15 9561.5165790256
20 6666.8807332370
30 2055.0366205530
33 402.7411749137
115 53.3920078708
150 190021.8374208935
evaluations raw_y
1 485544.2985544326
3 169142.1137887914
4 337.2626544786
34 211.0992672444
40 22.4111274463
150 376258.2914946275
evaluations raw_y
1 434191.5971138341
5 33493.3767238780
18 91.3381520422
148 40.2440238728
150 308721.5339649349
evaluations raw_y
1 580598.2152545796
2 450050.8457992497
3 300714.8266241490
4 112762.8262840683
5 8553.8946845763
13 96.2622615337
113 22.0164686014
150 310983.7888816214
evaluations raw_y
1 698.5034147165
6 86.9083336441
15 36.1005683306
150 1064.7116368249
evaluations raw_y
1 102407.2236791892
4 17642.8503652322
5 8739.7234462874
27 5525.9347853344
38 127.6270392445
139 127.3035732161
150 1069620.8497168026
evaluations raw_y
1 364671.2398675529
2 261192.1900017451
3 174795.5810963809
4 85057.8583627997
5 65688.7259755543
8 44865.3665185007
10 115.2763466770
35 48.5590723210
150 122810.8842895768
evaluations raw_y
1 253.0248248244
4 88.6198095836
12 64.5847269939
109 51.6505408963
150 640928.0160538023
evaluations raw_y
1 27156.2280708330
3 4536.3319686715
11 4343.3687079824
14 108.5753330636
76 69.3792876752
96 68.1473229904
141 64.9402042278
150 58873.8815660114
evaluations raw_y
1 34386.6120368777
27 33204.5290114340
44 3028.8128377343
94 68.4303430293
150 37368.0265213932
evaluations raw_y
1 8984.9830882036
2 6108.7528530042
59 48.7899196821
100 22.6556245939
150 441578.3237545174
evaluations raw_y
1 66880.1201849186
17 30538.5805208095
18 15232.4530735667
68 10962.6072284337
131 5747.7628545599
150 280125.1172613306
evaluations raw_y
1 155710.7677649622
2 6947.3491659883
51 2253.9521994832
86 135.6107811711
150 577489.9237051290
evaluations raw_y
1 18858.6484885236
15 13495.0890935088
69 7180.0873546707
83 27.4954951089
150 61983.9448513245
evaluations raw_y
1 606398.9007639618
5 269129.9599070619
14 104401.9313025765
26 88364.1339394009
64 60160.1810061017
150 1286132.8984109655
evaluations raw_y
1 241546.7163067327
3 203798.2196267344
36 196159.8665770190
53 98732.1933278489
113 54245.3213863998
129 20085.0108232400
150 1176443.8475189107
evaluations raw_y
1 353022.8973521404
5 77287.8890081464
24 39989.9647519073
150 149176.0405919939
evaluations raw_y
1 738323.1296567429
3 317013.0921625422
13 140445.9474985724
23 114963.7588683327
41 62001.5820240820
80 35505.8420985648
146 10577.3432656610
150 971276.8413972445
evaluations raw_y
1 1614990.2547167612
2 873824.5576401731
3 759621.5796855539
6 600254.3458835136
7 290471.4529353710
13 16886.7256028451
150 542949.5086048443
evaluations raw_y
1 64507.5717776462
14 100.4571692190
150 1884905.6834043630
evaluations raw_y
1 7810.0468432415
84 78.5382535828
150 128923.9037833596
evaluations raw_y
1 484002.4772663097
2 227946.5416917649
4 127993.6143367825
5 110821.0907635721
22 17536.1450219360
62 13949.0523825046
95 1670.8410128948
150 1152358.8737542797
evaluations raw_y
1 267626.5326382962
2 211483.3098122532
3 113235.9345207803
7 64065.9925914319
65 17139.1835934522
131 12185.6878428581
137 1974.1452700651
141 111.9774615486
150 1830966.7379814615
evaluations raw_y
1 738434.5812981318
2 579110.8458512638
3 537246.4528230485
6 427850.0373182095
8 186179.7321317097
13 87906.6776210057
16 69006.4242087993
20 46701.2443956157
30 18627.6829269054
150 627198.3924147842
evaluations raw_y
1 98280.3833071669
2 72790.4513742980
5 61898.5477406945
6 55861.4453040107
10 701.3238761702
96 88.1171314209
150 123168.9529369175
evaluations raw_y
1 86940.0368119259
2 65456.5357094806
4 13153.6322165152
31 114.0190283045
46 42.1440691839
150 123140.5775984461
evaluations raw_y
1 104558.4611824639
4 9956.8479274819
10 4895.1422421415
70 1964.9179938002
89 57.9884987236
125 50.7173823119
150 64366.1689218292
evaluations raw_y
1 133255.8331636220
2 63204.4081336531
5 59892.0475138397
11 52549.1166293663
17 45483.4196762417
20 1209.4882012478
135 82.9533494237
150 416520.9350259774
evaluations raw_y
1 296229.6935288614
2 82650.7833497402
3 20846.8233244455
5 15741.6199025845
20 7438.3843018947
40 1937.4955606634
45 1921.7609529218
150 207085.8023770134
evaluations raw_y
1 1706663.3981009799
2 1090021.2593830484
3 582409.1747726258
4 187919.8439522399
6 633.5018653970
150 674860.6233802468
evaluations raw_y
1 588258.6367368561
2 386235.2450028056
3 307720.8107009954
4 190561.7823159542
5 121312.4447351824
19 114159.5268340339
21 91020.6192612673
47 41256.7324092856
75 40095.5339896301
77 11821.5666516771
150 187662.4163098219
evaluations raw_y
1 126470.0248587495
10 122728.4364064054
34 65812.2439132759
52 63895.9069223941
64 10678.4649980020
84 3786.2098253332
150 595644.8304824235
evaluations raw_y
1 365820.1471815892
2 118588.4679057357
31 35123.7501523366
81 27193.1055743173
120 11066.8715354229
142 3691.7472618794
150 579594.5557443345
evaluations raw_y
1 667601.3083321070
3 550074.4046266942
4 67315.3071663225
20 20383.7976483070
42 19866.5583492144
48 2286.7720965020
119 2017.2391311188
150 498613.0278120557
evaluations raw_y
1 5849.1228126706
2 1986.3986254213
4 1222.9032498917
7 372.1824198999
12 134.7162496533
13 86.6449477232
77 75.1377983255
150 114204.0480685231
evaluations raw_y
1 43385.5784307556
3 1819.8961498422
4 413.4587831796
5 213.1298121754
14 210.5811074895
16 179.7555447381
20 174.3378001084
32 129.1823545960
37 40.1559111944
150 284.9215452552
evaluations raw_y
1 3599.6837834407
4 3221.9258544181
6 76.4687635388
94 62.3798671513
150 241761.5107996450
evaluations raw_y
1 67459.4364107027
2 11028.6694243620
3 204.9010660075
33 73.9074997142
88 47.1074112533
100 10.4422904453
150 158830.6989701359
evaluations raw_y
1 1861.3758876798
2 342.2728122890
3 329.4254191166
5 248.6051895814
7 77.7514020545
16 63.7293833369
150 145358.9365403407
evaluations raw_y
1 63770.0065147474
51 35201.1649114577
150 231488.6807872796
evaluations raw_y
1 1133243.7495385900
2 357462.8709067086
8 209550.4068537947
11 174475.6408613629
12 168238.8778261947
17 145406.9463942865
27 16885.7876943432
95 12213.0807591083
150 641642.3282023149
evaluations raw_y
1 189603.2571455317
11 52589.6970878236
150 405052.4688390063
evaluations raw_y
1 201282.4344570728
9 19699.3131612149
45 6953.7001068883
150 150698.8738110601
evaluations raw_y
1 560062.2931459764
12 111465.3956021831
24 52473.0226666831
60 7611.2777946104
82 3414.1196215512
150 705813.0974355445
evaluations raw_y
1 589043.9448812146
2 45372.5663265339
4 49.5690537984
150 290982.4262819777
evaluations raw_y
1 561150.6401710614
2 560544.6763615425
5 521593.1187008591
6 351288.5322351463
8 186989.6434011449
9 143379.9136143862
17 137929.8572649724
18 46381.7619793179
42 11414.4584792940
103 4147.7850118780
150 94763.9153373886
evaluations raw_y
1 33646.9079178724
7 12145.2930906334
24 811.0096404833
150 573352.3258735382
evaluations raw_y
1 564903.8291168292
2 276999.7333787752
3 253251.2691112366
6 53865.7782100359
9 21665.3610061901
42 18320.4945315521
66 3572.6898368391
150 247997.6197104083
evaluations raw_y
1 367884.5169344626
3 190150.7479125294
6 85893.0656068188
35 35434.5013354391
61 29156.4026039176
82 6014.7916746107
150 143150.2252752645
evaluations raw_y
1 46663.5857452773
71 30324.1594927695
131 22935.2282914289
138 5918.3221796808
150 1011071.0934241479
evaluations raw_y
1 588976.0229167518
3 259554.4886049117
4 46.1251502216
98 43.5963627829
150 562818.5326332821
evaluations raw_y
1 459164.9870669351
3 107984.5963388361
13 18218.2476459645
17 113.8406532029
32 49.7568591325
38 48.7281102122
150 583788.9784610687
evaluations raw_y
1 417859.8315748395
2 289454.9133245777
4 288746.2089963134
11 213295.6410987811
16 3840.8940273400
150 1090453.7768058903
evaluations raw_y
1 259318.4031027292
3 225225.0441243316
6 133648.5870900276
14 95936.2186153657
26 58823.3736542265
31 15091.3393862856
46 6627.0147363388
90 3689.4832308112
150 1120332.5338578564
evaluations raw_y
1 580966.1858434074
3 172722.7028218738
8 149035.1341779773
9 52423.4774255313
35 4789.0613805456
105 1762.8024554425
150 417060.1534737147
evaluations raw_y
1 59400.0939628218
37 40829.1331220166
56 6572.8156855343
150 886805.0246938451
evaluations raw_y
1 1118031.4233645946
2 63092.5657648283
8 16950.7845604878
112 44.5706039974
150 1077784.8006412187
evaluations raw_y
1 267937.5406543624
2 56392.9456521952
29 3650.1136379553
35 2778.3380086101
65 456.8536820899
150 323410.4630232557
evaluations raw_y
1 2996.2498729694
72 1906.9933155127
75 1872.3560850500
150 189790.7500808358
evaluations raw_y
1 538625.3002010927
2 18155.6780320499
12 63.9689673048
150 205792.4920427447
evaluations raw_y
1 572055.4227817212
4 318802.3084111858
5 68145.4741622155
11 4505.5307085682
104 680.8969016386
150 258020.1222338093
evaluations raw_y
1 715987.5343342415
2 338533.9279979319
4 199958.0292930664
6 61815.7736058091
21 20615.0015736601
23 19118.4450542712
29 651.0951822895
70 72.6224544193
150 10612.9323192981
evaluations raw_y
1 101161.4222959117
15 79437.7624246013
16 8692.8340162446
22 4236.4598813722
54 410.3546558808
150 280735.4086230260
evaluations raw_y
1 195810.0897899289
5 36781.2020747216
7 35939.4079066081
28 215.8828709219
55 117.3242306032
102 58.4176823604
150 277805.9923896768
evaluations raw_y
1 192143.7017666201
2 63752.4316329911
5 17475.8936531686
28 9366.3178457559
29 2045.1760870249
67 2034.2104132971
121 72.6689589998
150 63775.4784549673
evaluations raw_y
1 113700.6403436659
2 19322.0525571141
6 17166.3818796224
47 48.1666119700
117 21.7510054759
150 149915.1939368501
evaluations raw_y
1 120866.8722606420
2 68254.3218024702
9 60447.7814940602
13 34056.0864033818
27 8211.5020339038
32 7550.7485285045
36 56.6733853103
71 28.0449045882
150 791583.6479079103
evaluations raw_y
1 108455.1549424495
4 105410.9797990274
13 63692.0734454574
14 49.9789436284
150 568755.1342265924
evaluations raw_y
1 285263.3496256501
2 67104.2170946160
3 63328.1215982258
33 33835.3420821462
34 30824.2974350122
55 15986.0914922974
79 11779.0937214288
100 56.5066111921
150 180979.4205497230
