evaluations raw_y
1 2200.4868802117
6 327.4012836754
9 0.4919150864
21 0.3643362175
47 0.3007354147
53 0.2624163335
60 426.3963106450
evaluations raw_y
1 2200.4868802117
6 327.4012836754
9 0.4919150864
21 0.3643362175
47 0.3007354147
53 0.2624163335
60 426.3963106450
evaluations raw_y
1 2200.4868802117
6 327.4012836754
9 0.4919150864
21 0.3643362175
47 0.3007354147
53 0.2624163335
60 426.3963106450
evaluations raw_y
1 2200.4868802117
6 327.4012836754
9 0.4919150864
21 0.3643362175
47 0.3007354147
53 0.2624163335
60 426.3963106450
evaluations raw_y
1 2200.4868802117
6 327.4012836754
9 0.4919150864
21 0.3643362175
47 0.3007354147
53 0.2624163335
60 426.3963106450
evaluations raw_y
1 24011.3287981737
3 17072.2807689614
5 120.2900592107
16 91.3871864112
28 5.9902654570
31 0.5104815635
47 0.0536553250
50 0.0338879943
60 58.6581710831
evaluations raw_y
1 24011.3287981737
3 17072.2807689614
5 120.2900592107
16 91.3871864112
28 5.9902654570
31 0.5104815635
47 0.0536553250
50 0.0338879943
60 58.6581710831
evaluations raw_y
1 24011.3287981737
3 17072.2807689614
5 120.2900592107
16 91.3871864112
28 5.9902654570
31 0.5104815635
47 0.0536553250
50 0.0338879943
60 58.6581710831
evaluations raw_y
1 24011.3287981737
3 17072.2807689614
5 120.2900592107
16 91.3871864112
28 5.9902654570
31 0.5104815635
47 0.0536553250
50 0.0338879943
60 58.6581710831
evaluations raw_y
1 24011.3287981737
3 17072.2807689614
5 120.2900592107
16 91.3871864112
28 5.9902654570
31 0.5104815635
47 0.0536553250
50 0.0338879943
60 58.6581710831
evaluations raw_y
1 102.8209426885
9 15.2924262786
30 10.5013323162
44 0.2457820091
60 109.4253905160
evaluations raw_y
1 102.8209426885
9 15.2924262786
30 10.5013323162
44 0.2457820091
60 109.4253905160
evaluations raw_y
1 102.8209426885
9 15.2924262786
30 10.5013323162
44 0.2457820091
60 109.4253905160
evaluations raw_y
1 102.8209426885
9 15.2924262786
30 10.5013323162
44 0.2457820091
60 109.4253905160
evaluations raw_y
1 102.8209426885
9 15.2924262786
30 10.5013323162
44 0.2457820091
60 109.4253905160
evaluations raw_y
1 4515.6000679151
5 14.3837513551
9 2.5851052868
36 0.4773518117
37 0.1221794190
47 0.0909822391
60 18.9529126537
evaluations raw_y
1 4515.6000679151
5 14.3837513551
9 2.5851052868
36 0.4773518117
37 0.1221794190
47 0.0909822391
60 18.9529126537
evaluations raw_y
1 4515.6000679151
5 14.3837513551
9 2.5851052868
36 0.4773518117
37 0.1221794190
47 0.0909822391
60 18.9529126537
evaluations raw_y
1 4515.6000679151
5 14.3837513551
9 2.5851052868
36 0.4773518117
37 0.1221794190
47 0.0909822391
60 18.9529126537
evaluations raw_y
1 4515.6000679151
5 14.3837513551
9 2.5851052868
36 0.4773518117
37 0.1221794190
47 0.0909822391
60 18.9529126537
evaluations raw_y
1 0.0806056450
60 27612.6494444286
evaluations raw_y
1 0.0806056450
60 27612.6494444286
evaluations raw_y
1 0.0806056450
60 27612.6494444286
evaluations raw_y
1 0.0806056450
60 27612.6494444286
evaluations raw_y
1 0.0806056450
60 27612.6494444286
evaluations raw_y
1 1104.0904711580
2 49.1791307082
8 34.8570408233
12 9.7959679211
20 6.6900529075
25 0.4069084681
60 433.6082310465
evaluations raw_y
1 1104.0904711580
2 49.1791307082
8 34.8570408233
12 9.7959679211
20 6.6900529075
25 0.4069084681
60 433.6082310465
evaluations raw_y
1 1104.0904711580
2 49.1791307082
8 34.8570408233
12 9.7959679211
20 6.6900529075
25 0.4069084681
60 433.6082310465
evaluations raw_y
1 1104.0904711580
2 49.1791307082
8 34.8570408233
12 9.7959679211
20 6.6900529075
25 0.4069084681
60 433.6082310465
evaluations raw_y
1 1104.0904711580
2 49.1791307082
8 34.8570408233
12 9.7959679211
20 6.6900529075
25 0.4069084681
60 433.6082310465
evaluations raw_y
1 3128.7127579594
3 1614.3348730911
8 1271.2866430707
9 0.4633071059
44 0.3274320363
45 0.3248337437
60 464.8023540182
evaluations raw_y
1 3128.7127579594
3 1614.3348730911
8 1271.2866430707
9 0.4633071059
44 0.3274320363
45 0.3248337437
60 464.8023540182
evaluations raw_y
1 3128.7127579594
3 1614.3348730911
8 1271.2866430707
9 0.4633071059
44 0.3274320363
45 0.3248337437
60 464.8023540182
evaluations raw_y
1 3128.7127579594
3 1614.3348730911
8 1271.2866430707
9 0.4633071059
44 0.3274320363
45 0.3248337437
60 464.8023540182
evaluations raw_y
1 3128.7127579594
3 1614.3348730911
8 1271.2866430707
9 0.4633071059
44 0.3274320363
45 0.3248337437
60 464.8023540182
evaluations raw_y
1 150071.2231556287
2 336.5918125575
13 84.3710857341
20 57.8387537080
21 0.1617783058
38 0.1604282871
44 0.1095899029
45 0.0268545164
54 0.0258919366
55 0.0240144698
60 777.9067767130
evaluations raw_y
1 150071.2231556287
2 336.5918125575
13 84.3710857341
20 57.8387537080
21 0.1617783058
38 0.1604282871
44 0.1095899029
45 0.0268545164
54 0.0258919366
55 0.0240144698
60 777.9067767130
evaluations raw_y
1 150071.2231556287
2 336.5918125575
13 84.3710857341
20 57.8387537080
21 0.1617783058
38 0.1604282871
44 0.1095899029
45 0.0268545164
54 0.0258919366
55 0.0240144698
60 777.9067767130
evaluations raw_y
1 150071.2231556287
2 336.5918125575
13 84.3710857341
20 57.8387537080
21 0.1617783058
38 0.1604282871
44 0.1095899029
45 0.0268545164
54 0.0258919366
55 0.0240144698
60 777.9067767130
evaluations raw_y
1 150071.2231556287
2 336.5918125575
13 84.3710857341
20 57.8387537080
21 0.1617783058
38 0.1604282871
44 0.1095899029
45 0.0268545164
54 0.0258919366
55 0.0240144698
60 777.9067767130
evaluations raw_y
1 11841.1142204693
2 10445.0349368715
3 5.0790964956
10 1.2419385361
60 47760.3558252047
evaluations raw_y
1 11841.1142204693
2 10445.0349368715
3 5.0790964956
10 1.2419385361
60 47760.3558252047
evaluations raw_y
1 11841.1142204693
2 10445.0349368715
3 5.0790964956
10 1.2419385361
60 47760.3558252047
evaluations raw_y
1 11841.1142204693
2 10445.0349368715
3 5.0790964956
10 1.2419385361
60 47760.3558252047
evaluations raw_y
1 11841.1142204693
2 10445.0349368715
3 5.0790964956
10 1.2419385361
60 47760.3558252047
evaluations raw_y
1 4146.8606914776
4 2043.6596352442
6 334.7477788376
9 313.2314915323
20 298.0260267317
22 249.4551433277
28 237.6902271923
30 181.1239826374
37 138.1446105378
44 113.6860379078
47 112.5801395201
53 103.4970258261
55 73.5162442288
60 4447.2327069957
evaluations raw_y
1 4146.8606914776
4 2043.6596352442
6 334.7477788376
9 313.2314915323
20 298.0260267317
22 249.4551433277
28 237.6902271923
30 181.1239826374
37 138.1446105378
44 113.6860379078
47 112.5801395201
53 103.4970258261
55 73.5162442288
60 4447.2327069957
evaluations raw_y
1 4146.8606914776
4 2043.6596352442
6 334.7477788376
9 313.2314915323
20 298.0260267317
22 249.4551433277
28 237.6902271923
30 181.1239826374
37 138.1446105378
44 113.6860379078
47 112.5801395201
53 103.4970258261
55 73.5162442288
60 4447.2327069957
evaluations raw_y
1 4146.8606914776
4 2043.6596352442
6 334.7477788376
9 313.2314915323
20 298.0260267317
22 249.4551433277
28 237.6902271923
30 181.1239826374
37 138.1446105378
44 113.6860379078
47 112.5801395201
53 103.4970258261
55 73.5162442288
60 4447.2327069957
evaluations raw_y
1 4146.8606914776
4 2043.6596352442
6 334.7477788376
9 313.2314915323
20 298.0260267317
22 249.4551433277
28 237.6902271923
30 181.1239826374
37 138.1446105378
44 113.6860379078
47 112.5801395201
53 103.4970258261
55 73.5162442288
60 4447.2327069957
evaluations raw_y
1 18579.5518079266
3 1743.3850755888
10 86.9592701066
20 59.5782426508
22 33.4450769869
23 1.9629198800
27 1.3412536271
36 0.7683540510
37 0.2329342087
44 0.2213443690
54 0.1955328529
60 0.8086907445
evaluations raw_y
1 18579.5518079266
3 1743.3850755888
10 86.9592701066
20 59.5782426508
22 33.4450769869
23 1.9629198800
27 1.3412536271
36 0.7683540510
37 0.2329342087
44 0.2213443690
54 0.1955328529
60 0.8086907445
evaluations raw_y
1 18579.5518079266
3 1743.3850755888
10 86.9592701066
20 59.5782426508
22 33.4450769869
23 1.9629198800
27 1.3412536271
36 0.7683540510
37 0.2329342087
44 0.2213443690
54 0.1955328529
60 0.8086907445
evaluations raw_y
1 18579.5518079266
3 1743.3850755888
10 86.9592701066
20 59.5782426508
22 33.4450769869
23 1.9629198800
27 1.3412536271
36 0.7683540510
37 0.2329342087
44 0.2213443690
54 0.1955328529
60 0.8086907445
evaluations raw_y
1 18579.5518079266
3 1743.3850755888
10 86.9592701066
20 59.5782426508
22 33.4450769869
23 1.9629198800
27 1.3412536271
36 0.7683540510
37 0.2329342087
44 0.2213443690
54 0.1955328529
60 0.8086907445
evaluations raw_y
1 74.5007319309
5 41.7058389367
28 2.4399816472
29 2.2209575359
33 2.1387634476
44 2.1272793115
45 2.1113251209
48 2.0238931134
50 1.9638154413
53 1.8619205683
54 1.8428170584
56 1.8251494130
60 190.7974038012
evaluations raw_y
1 74.5007319309
5 41.7058389367
28 2.4399816472
29 2.2209575359
33 2.1387634476
44 2.1272793115
45 2.1113251209
48 2.0238931134
50 1.9638154413
53 1.8619205683
54 1.8428170584
56 1.8251494130
60 190.7974038012
evaluations raw_y
1 74.5007319309
5 41.7058389367
28 2.4399816472
29 2.2209575359
33 2.1387634476
44 2.1272793115
45 2.1113251209
48 2.0238931134
50 1.9638154413
53 1.8619205683
54 1.8428170584
56 1.8251494130
60 190.7974038012
evaluations raw_y
1 74.5007319309
5 41.7058389367
28 2.4399816472
29 2.2209575359
33 2.1387634476
44 2.1272793115
45 2.1113251209
48 2.0238931134
50 1.9638154413
53 1.8619205683
54 1.8428170584
56 1.8251494130
60 190.7974038012
evaluations raw_y
1 74.5007319309
5 41.7058389367
28 2.4399816472
29 2.2209575359
33 2.1387634476
44 2.1272793115
45 2.1113251209
48 2.0238931134
50 1.9638154413
53 1.8619205683
54 1.8428170584
56 1.8251494130
60 190.7974038012
evaluations raw_y
1 3965.1189887669
2 405.3142041075
9 144.5998076724
12 74.4074047431
21 5.2948055090
28 5.2628858707
40 5.1178142534
60 2564.6761279154
evaluations raw_y
1 3965.1189887669
2 405.3142041075
9 144.5998076724
12 74.4074047431
21 5.2948055090
28 5.2628858707
40 5.1178142534
60 2564.6761279154
evaluations raw_y
1 3965.1189887669
2 405.3142041075
9 144.5998076724
12 74.4074047431
21 5.2948055090
28 5.2628858707
40 5.1178142534
60 2564.6761279154
evaluations raw_y
1 3965.1189887669
2 405.3142041075
9 144.5998076724
12 74.4074047431
21 5.2948055090
28 5.2628858707
40 5.1178142534
60 2564.6761279154
evaluations raw_y
1 3965.1189887669
2 405.3142041075
9 144.5998076724
12 74.4074047431
21 5.2948055090
28 5.2628858707
40 5.1178142534
60 2564.6761279154
evaluations raw_y
1 241.4811743394
6 164.3512438383
9 92.4190476528
18 54.9598807762
20 17.6164807439
21 2.7057765731
53 2.4864290155
59 2.4807424199
60 628.7417614815
evaluations raw_y
1 241.4811743394
6 164.3512438383
9 92.4190476528
18 54.9598807762
20 17.6164807439
21 2.7057765731
53 2.4864290155
59 2.4807424199
60 628.7417614815
evaluations raw_y
1 241.4811743394
6 164.3512438383
9 92.4190476528
18 54.9598807762
20 17.6164807439
21 2.7057765731
53 2.4864290155
59 2.4807424199
60 628.7417614815
evaluations raw_y
1 241.4811743394
6 164.3512438383
9 92.4190476528
18 54.9598807762
20 17.6164807439
21 2.7057765731
53 2.4864290155
59 2.4807424199
60 628.7417614815
evaluations raw_y
1 241.4811743394
6 164.3512438383
9 92.4190476528
18 54.9598807762
20 17.6164807439
21 2.7057765731
53 2.4864290155
59 2.4807424199
60 628.7417614815
