evaluations raw_y
1 136097950.2756888568
2 16800540.6902478449
20 12978893.4461552575
23 6177688.5637288028
44 6052388.7327428479
47 1127986.7472174051
56 726281.3746395638
64 366452.1470508472
101 259896.3473305343
102 200826.9882852925
103 75556.1247723018
104 50965.1045977905
120 26920.7193095410
124 15977.5045190551
130 10902.6767513233
141 6895.6612455585
149 11722.7143974665
evaluations raw_y
1 136097950.2756888568
2 16800540.6902478449
33 15503313.2427997887
36 13902846.0497364718
58 12198965.5764127504
63 8655259.7195544802
68 5179589.3180916309
69 2540205.3346815030
70 2437613.2169801998
90 2317882.4991810014
92 1678334.3613128227
102 1099846.3989021331
107 957180.4799931062
120 881073.2439923058
124 855367.2397541886
126 619327.8117106442
133 344138.9676750723
137 253001.1297013785
149 314791.0259000136
evaluations raw_y
1 136097950.2756888568
2 16800540.6902478449
25 15348166.2713965774
34 6398515.0633776262
50 3420366.7531927852
84 2325747.5410263203
87 1813006.1271230592
92 1053651.1563129222
93 327315.2929482557
116 269638.3475574231
126 216456.9095194310
127 74331.1226404406
134 37441.5317153989
149 91425.6154003387
evaluations raw_y
1 136097950.2756888568
2 16800540.6902478449
19 11782712.4308666773
22 7301882.3721992159
52 5120952.6407888616
53 1407806.1652288111
73 1113919.0591798585
84 490937.7288678914
90 103312.2386795882
95 48256.0626798014
112 32204.0981167194
123 9635.9975140733
145 7795.2713301832
147 5527.3530748163
149 18555.8266595498
evaluations raw_y
1 136097950.2756888568
2 16800540.6902478449
40 16781277.5540886298
42 4754945.4149870742
56 2766749.2351912172
65 1886540.3988865030
83 1820785.6152651615
88 477895.3989787032
91 429572.0063718577
99 270246.8111701036
103 199309.4676936815
122 55377.2080433012
140 43951.8495706718
149 181074.5348372206
evaluations raw_y
1 33855135.3531912342
8 21603457.7792056389
25 11061008.0946858600
26 8611972.4246942271
34 4571445.7680704594
50 1364161.0107742792
84 236012.8510817244
88 27075.4748339983
114 19014.9157163859
118 17273.5620437243
119 13582.2669513935
121 7198.5945617144
122 2783.1566912181
149 36053.4356590805
evaluations raw_y
1 33855135.3531912342
8 21603457.7792056389
40 9336042.0548544377
47 6171220.9182194956
65 3976843.0907622306
77 2233037.3623814327
83 1931571.7254624045
87 417414.1984818027
94 243134.3052063216
102 74004.7212953510
132 36148.3769160219
143 33532.9554711831
149 29435.2289573304
evaluations raw_y
1 33855135.3531912342
8 21603457.7792056389
22 19431285.3935421854
26 18443260.6009409986
29 6841172.1984591894
61 4819412.2188815959
62 2376944.9892994082
82 1544875.2696899627
88 676638.8218856247
98 642805.2014461658
100 626209.6913551062
103 593841.2354753255
104 345801.6981663730
106 263836.3211137452
113 256246.0362801506
122 249457.6916299889
125 118500.2385598130
132 83389.7069704715
149 537367.8531036788
evaluations raw_y
1 33855135.3531912342
8 21603457.7792056389
20 18275854.6780838668
31 5073870.7137793507
33 1256815.7116542966
60 1256267.5579329433
65 720548.1172914003
66 652999.8796090677
70 291677.0045357673
90 142520.9798174656
91 55904.7152919528
112 28078.2606851877
117 16322.0819950681
118 15218.2079534646
122 8604.9557870669
123 6779.3342027929
127 5017.8768884287
149 88609.3831080278
evaluations raw_y
1 33855135.3531912342
8 21603457.7792056389
17 17664263.8364439830
19 11773868.8613998927
44 3508561.3046168191
53 1808845.2047451595
76 1224174.5880767282
77 951349.5163701735
78 878515.9901865735
79 624579.5283515623
87 608742.8936243185
89 400417.8968950232
93 381117.3223633956
94 302654.7071955574
98 133597.0626005936
102 76709.7624314758
136 59093.3634136616
138 50864.2513965360
147 9971.0006179137
149 62532.6795380219
evaluations raw_y
1 8667442093.6041584015
2 188073885.5372673273
3 62259258.7276089191
14 7157645.1983073130
35 3782439.1904874025
71 3678668.8119177921
75 2097142.5891022142
76 1478482.4316773047
78 319804.5787069126
90 264912.8786969896
95 148648.2219834086
97 135103.2641182295
113 79708.5403987358
117 67228.2100372931
138 35001.8286526796
140 27681.5566358961
149 45573.3276870297
evaluations raw_y
1 8667442093.6041584015
2 188073885.5372673273
3 62259258.7276089191
14 7157645.1983073130
33 5553588.1757885925
46 2147323.1868720953
52 1696159.8271329338
61 757054.4451623913
82 317641.4887678297
86 311563.5399726927
97 299154.9614670705
101 285850.7156686933
109 123802.9372789198
115 112900.1013598652
123 75496.1874283130
126 40419.0008678548
130 24312.8218213141
149 138799.2399730337
evaluations raw_y
1 8667442093.6041584015
2 188073885.5372673273
3 62259258.7276089191
14 7157645.1983073130
33 1529604.4788260949
55 1099771.6874503277
76 832177.4138756559
81 452596.8232377247
91 139243.9839339136
95 96686.7963133267
112 25163.3684274493
128 18141.5758354977
134 9501.1598835445
135 5742.1252289096
144 3243.5978023675
149 56665.4531285393
evaluations raw_y
1 8667442093.6041584015
2 188073885.5372673273
3 62259258.7276089191
14 7157645.1983073130
43 3111444.2472458980
68 2078652.9815671770
76 1313838.8132898863
80 645444.1420988329
88 393638.0517032779
89 349095.4261792497
90 335852.8200123897
99 282233.7915823438
127 174385.8210666461
134 128062.6736919490
135 76722.1575041868
137 10796.7327208552
149 51580.0727763548
evaluations raw_y
1 8667442093.6041584015
2 188073885.5372673273
3 62259258.7276089191
14 7157645.1983073130
60 5312711.6865643477
71 3953555.7566050063
72 3512415.9107908718
93 2100350.4502344765
96 1173324.6517772232
97 633338.0262438160
100 592360.8268829368
113 499223.3020336864
115 486644.6346371421
117 401210.6086543790
143 399608.8069994902
149 431936.0614875971
evaluations raw_y
1 44896113.7681225538
3 13518118.2589992397
60 8812209.6603722535
62 7555861.0605372908
63 1730180.3872361709
95 667998.6832428495
97 638743.4173355042
104 398929.6008855826
105 111648.8394798486
134 75518.6937407016
149 206666.1091687301
evaluations raw_y
1 44896113.7681225538
3 13518118.2589992397
26 8769421.2902378906
29 3886764.9890394844
37 3246742.1069818162
42 3231314.4125468805
51 2935018.0444604065
53 948404.8248977218
61 258191.2856920651
80 168318.9115192463
90 102824.1627813927
97 99084.6752627035
101 70530.9416321722
107 47678.2905375140
108 38300.8392305983
113 24002.6805941941
140 7684.7714828133
149 35466.0149966846
evaluations raw_y
1 44896113.7681225538
3 13518118.2589992397
71 10070292.5466112494
72 5524956.4300346840
74 3242886.0753290327
81 3134726.3102065120
82 1363064.9912310392
98 763170.4475772266
113 566553.8029697938
128 396268.1300472927
130 311218.9256553319
138 128387.5827463679
146 99453.0191615168
149 269697.4803784508
evaluations raw_y
1 44896113.7681225538
3 13518118.2589992397
32 11800358.2787159979
46 10003545.1272107996
51 5231030.7515789028
71 3603818.3085718816
74 384686.0486918716
84 370660.4497479558
107 152069.9228099259
116 53519.5970960793
122 6152.0581270369
149 27143.6832572215
evaluations raw_y
1 44896113.7681225538
3 13518118.2589992397
32 12837724.0115663558
37 2403370.7584200678
66 1282834.7996242268
80 1204431.8007498258
81 983534.9730641320
85 128998.7692343168
98 116097.9559520768
101 53789.9939891317
102 40642.6411805696
116 9024.7113305838
147 6127.5562480215
149 15721.2239711537
evaluations raw_y
1 45850782.2342923582
2 20042195.7661848776
9 15683536.7688209955
17 2178837.8574201153
28 1179913.8919236378
49 1065402.8194661150
63 1001473.5317531278
72 239652.8168865671
74 219350.6751334762
76 182496.8014529494
97 142289.5756774065
117 118649.3466367575
118 115365.3442515804
125 106676.8630067282
127 87366.3645751980
128 22296.1652609395
129 8820.6607138386
149 38768.2414787054
evaluations raw_y
1 45850782.2342923582
2 20042195.7661848776
9 15683536.7688209955
19 3930841.0100961537
36 3410838.1241256320
64 3380107.1212377166
66 3215880.8294382906
69 3154793.4210188445
70 1754111.6018687475
74 1401251.7797376732
76 1330039.3760597249
92 502904.5185892408
100 475327.2006241483
102 55582.3493674116
109 30602.6026803610
134 1666.3589441309
149 48349.6963898014
evaluations raw_y
1 45850782.2342923582
2 20042195.7661848776
9 15683536.7688209955
22 5063488.7639636379
41 4271040.6887975773
45 3152503.4741398501
70 3150459.0908751055
78 2801569.6380658955
80 1268170.5993060877
82 961138.1422511690
88 725482.3906434079
93 250579.7282272477
106 89564.1488094956
128 13107.1468543850
149 33124.0552181820
evaluations raw_y
1 45850782.2342923582
2 20042195.7661848776
9 15683536.7688209955
37 14055649.6869605239
38 12492916.0666954704
39 9784185.0255775079
48 8566116.0481562205
50 7549992.5202200860
55 3444944.7546347054
62 1127245.8307069566
74 1069965.8774312777
77 955250.5141276047
87 741059.2960980980
108 560593.4303803935
112 453376.8843161112
114 449012.2639015518
116 250652.5891389999
123 176379.1287779387
131 143370.6068445057
135 69742.6511629943
149 1169219.1696858269
evaluations raw_y
1 45850782.2342923582
2 20042195.7661848776
9 15683536.7688209955
32 14176614.7187110335
38 9813732.5347601343
42 9152801.2702969909
48 6867831.8692849949
50 6402846.6549867867
58 2459124.8402986354
71 465697.1674892697
89 262615.7912120033
105 260637.5950187808
106 124673.0534250609
107 47124.9674723971
128 42441.6614059117
129 16046.8777061969
140 6950.1736415472
149 71096.1351961524
evaluations raw_y
1 26219583.3345678188
34 4404508.8599809930
62 3124038.3806464327
69 862006.0025701902
72 330328.3348407533
99 168508.4274543109
102 45315.6608541271
105 37470.3848088527
125 25957.2660252182
126 2748.6949461911
149 18985.2287679675
evaluations raw_y
1 26219583.3345678188
62 22971831.6984371208
67 20765801.7621682361
68 11760814.7443763502
70 7257301.3573767645
71 6476903.8689952884
76 4807733.6812829254
90 3723842.4255646635
102 2045353.9516961041
110 1500249.9803548972
115 1241734.7592224819
116 928492.7192698823
117 161534.0399795394
140 35264.7815838655
149 237215.4487485076
evaluations raw_y
1 26219583.3345678188
36 13870872.9885315746
46 3972453.0026213406
58 3738308.7633455410
67 119762.6837382903
82 116168.0164378392
105 95667.7616854376
111 71213.4491643324
128 54527.6818454817
129 42553.4555017339
133 28103.7691302555
135 25075.8919939907
141 14401.3903449682
143 12005.8252585705
149 52800.4645058937
evaluations raw_y
1 26219583.3345678188
37 7931720.5119322771
76 6108183.6841893764
86 5956910.9978757557
92 4695953.5927895457
93 3252018.1260658335
95 2401387.3429601723
98 1963378.5613880879
99 1237234.9387417580
105 868334.5047299202
130 659479.8324515932
131 532578.0759777649
133 386889.4563347317
136 270140.8470196627
137 184362.0488355356
149 730463.3561182109
evaluations raw_y
1 26219583.3345678188
27 8244260.6654857602
31 7802338.6858335854
47 4370789.4368205154
59 2919699.6581744836
67 2789806.1383769265
70 1933193.7008086815
74 1700215.4574228555
80 1103257.8748870830
101 121837.1172357292
128 91600.0589088511
136 77693.8874518300
137 68664.9333327833
138 54753.9565257437
142 51261.9130688505
147 10357.4106266440
149 254669.3801210804
evaluations raw_y
1 23522689196.4329299927
2 77562310.9351955056
3 35310078.0527672619
55 24077328.5795183629
60 22992196.7628738657
61 15755835.0244100448
69 6787001.8943824209
73 5724520.6032636184
85 4318495.7527794400
93 2766961.6722194999
96 1037070.0888982414
102 779241.9969226354
120 124987.2176250308
144 66268.2665576598
147 42340.3801885549
149 32740.9197514512
evaluations raw_y
1 23522689196.4329299927
2 77562310.9351955056
3 35310078.0527672619
16 35257430.2278208137
17 35190329.5360945836
23 24410975.7432351224
30 24406905.2708645687
31 22667899.4250436537
38 22132372.9090403542
52 17410279.8094056584
53 11173424.2202798724
59 4263981.3625583295
77 349513.0616667749
81 276936.1897980748
113 233933.0659404868
114 42227.9854656297
129 6555.9668590192
147 414.9937187648
149 9547.5669088261
evaluations raw_y
1 23522689196.4329299927
2 77562310.9351955056
3 35310078.0527672619
43 30036943.1690212414
45 22838042.6831303649
49 13740940.2137599234
67 13172428.2266118005
74 9312006.0099385940
80 7665821.4690640150
87 2674175.3865464828
91 1234446.9478477368
104 478570.8951758909
113 259878.5711890979
137 215502.1084067107
144 195263.0021777668
145 180171.7536830451
149 335823.4150905344
evaluations raw_y
1 23522689196.4329299927
2 77562310.9351955056
3 35310078.0527672619
31 23885358.8731674477
43 7889351.7947069053
46 2767655.7735570008
66 2379251.3190396810
67 1972687.2621765789
70 999420.1822138269
84 744107.6274632916
101 619436.8461030923
103 354092.6729051787
109 293977.2883162222
112 197446.3683494244
133 135144.5594148559
135 26386.4195358608
142 18750.5757843171
149 47212.2489484462
evaluations raw_y
1 23522689196.4329299927
2 77562310.9351955056
3 35310078.0527672619
25 13908310.3303923346
27 1620528.1263143979
64 968515.8528254924
65 888760.4545181327
83 335171.5061227253
85 228000.5900472785
95 87884.8340801886
99 83429.7525129424
101 61070.7854213107
102 54262.6847271485
121 23996.3927548275
126 19561.6307928356
145 18699.5959359794
149 56747.1192808105
evaluations raw_y
1 96714413385.8198547363
2 3483413168.5522065163
3 271434369.2206948996
4 13641107.6895233039
22 2261961.5904257069
65 1403448.3088897665
69 1052353.0203866074
74 795367.6560320995
83 450792.3669406804
91 302074.3745244495
94 201499.5870778970
98 128083.8147988647
101 124091.8444262963
107 86096.5774409883
141 43088.5035461111
149 49606.8766332044
evaluations raw_y
1 96714413385.8198547363
2 3483413168.5522065163
3 271434369.2206948996
4 13641107.6895233039
35 8372764.3426104784
36 5276020.6128991609
45 2601912.8621443012
55 755671.6187132917
81 559711.0938122200
91 258971.1722271260
99 106501.6415353341
104 26737.5905792764
122 18638.9980760692
128 4789.3224232585
149 6873.9181201585
evaluations raw_y
1 96714413385.8198547363
2 3483413168.5522065163
3 271434369.2206948996
4 13641107.6895233039
75 7620586.9514892939
98 7035272.4275229676
109 4036805.6204089620
111 2155315.9479709878
116 1270406.4866722561
128 651896.2941689513
143 336188.7009391742
149 440174.4141729616
evaluations raw_y
1 96714413385.8198547363
2 3483413168.5522065163
3 271434369.2206948996
4 13641107.6895233039
31 9191053.7827574853
55 9068492.3108906969
71 4691101.3739310484
82 4607556.4197962265
83 4560923.9699115874
87 1721573.2623951305
118 1611207.3710601926
122 991929.4635113800
130 706257.0842676503
133 437325.8823274848
145 294569.5064603806
147 119300.9575622814
149 432757.3993944250
evaluations raw_y
1 96714413385.8198547363
2 3483413168.5522065163
3 271434369.2206948996
4 13641107.6895233039
64 12411979.9102501664
72 11104423.1160702650
76 8480684.1799299754
77 4498766.1265199725
88 4346915.9612890948
91 3971493.2798921363
93 2677450.1839769296
98 2443744.0104202945
111 2022132.3129330545
112 1414533.1054522027
118 800719.6996239475
134 730244.8707220103
135 63350.5453222224
149 739120.4990243968
evaluations raw_y
1 311042198.7219770551
2 6100992.0309058297
31 5460152.2118524872
46 959361.8118415645
69 269271.8534704680
70 257759.7229449664
95 202077.2107778560
99 172665.2118940128
102 123099.2696558243
108 101516.4552472155
111 42368.1912842495
113 25326.9952887196
144 17279.2180902965
149 11214.7832299664
evaluations raw_y
1 311042198.7219770551
2 6100992.0309058297
48 1497913.7803888875
60 1242820.3484389067
85 716182.8899539839
90 186923.3402079172
103 137224.3091162327
116 105722.2750187075
119 20682.6508365312
126 18468.9150148587
145 14384.3985773626
149 26872.5679532179
evaluations raw_y
1 311042198.7219770551
2 6100992.0309058297
51 3247110.3934884486
56 3032820.0528930277
61 579378.7042738590
68 428702.9239253200
87 31710.0489965054
115 12650.5844870294
134 10637.6373733558
141 9461.6424830238
144 7977.9578591933
145 7359.9909470988
149 46484.1499225846
evaluations raw_y
1 311042198.7219770551
2 6100992.0309058297
61 4710835.0081028389
74 1999761.4295900995
81 1711069.5942088966
83 1708853.6735935202
84 1013637.3648330648
98 776043.6007582776
99 241026.9977906957
109 108597.1254621875
137 87996.0287088920
147 82309.1932133775
149 133619.4030799954
evaluations raw_y
1 311042198.7219770551
2 6100992.0309058297
90 5869710.8474928662
94 4580879.5621390082
105 3711125.7322520488
107 3412718.4373867596
113 2893660.7757744957
115 2385220.0906500253
131 1321373.6620903839
138 1058172.3180810753
149 898394.3084232695
evaluations raw_y
1 52911265.2451869100
9 31611764.6944686174
49 30693230.5554378480
51 20626343.0498090982
56 8943662.9549786113
59 8143935.1046650112
60 6560226.5766346641
67 3408814.3654373586
82 2672840.5101836901
89 1629710.1330545689
97 348582.4622906051
103 225680.6097391660
123 201855.0470782483
124 201111.4777026896
133 31363.9769788834
149 44210.6333421108
evaluations raw_y
1 52911265.2451869100
9 31611764.6944686174
52 22913022.9326138794
54 16340421.0624935441
58 5828480.8435545675
63 1041003.0367015264
86 598047.5987378540
109 548180.1881923747
110 408833.3265401297
111 340812.1477767029
116 191482.9287773450
121 146427.1777848892
123 118998.3239220771
130 89467.3735156804
137 39793.2919554474
149 115466.3468516576
evaluations raw_y
1 52911265.2451869100
9 31611764.6944686174
16 14895930.5966887157
27 2159444.4997031558
35 1780233.7629601983
45 1083800.8681337023
49 941057.7387001743
57 828213.3871104438
85 167647.3641720042
97 55148.6746092267
107 38496.0423051502
122 38412.2222468965
126 23376.8437775095
130 10255.5730923832
136 1085.1207872570
149 14790.1451914712
evaluations raw_y
1 52911265.2451869100
9 31611764.6944686174
34 13770959.6656561289
36 4792067.2421375075
52 3591440.0411465364
64 519052.3980975117
88 50563.7115284588
118 41817.4589996389
119 33232.1487114449
120 31292.6179637199
121 28165.5514644630
125 18355.4565554867
128 18329.3341155942
134 2632.0481684888
148 1546.5310887692
149 65445.1845911134
evaluations raw_y
1 52911265.2451869100
9 31611764.6944686174
16 27629091.2073646635
19 27377725.2257009484
26 19818229.8209462985
27 14553648.1925485432
29 13005867.6572809182
30 11455613.3860440534
37 9862974.3747717813
39 8430755.3851389922
54 5738700.4557837583
68 2224037.8525191732
86 753704.3427320117
93 572544.6038842492
98 527003.3690192890
105 439260.5471399834
112 151569.9400867384
125 147719.4114689360
137 23830.7794872199
148 5642.9163884721
149 131230.7141540248
evaluations raw_y
1 412899009.6445786953
2 103040567.6313300580
4 26967754.1836666688
7 15591047.0467966460
13 12310314.0947211385
46 2515461.3978006272
62 1238872.1628359251
74 155452.8249001614
90 109390.4883903345
108 76433.6235755888
109 39555.5040426614
113 16181.5253400753
132 9263.1279967440
133 7985.3583516209
135 5912.8722185995
149 57593.7356411554
evaluations raw_y
1 412899009.6445786953
2 103040567.6313300580
4 26967754.1836666688
7 15591047.0467966460
13 12310314.0947211385
32 10677067.9350386430
37 3675079.9249550193
61 3343522.1769317621
70 3149479.5816362645
81 1343040.8685445825
83 559886.9237163933
93 427137.7107910843
112 363333.9006116058
116 354878.8874843452
118 222335.8661532044
120 152582.0262736996
127 103567.9692645513
129 78662.8753259209
132 64566.1077212263
149 320567.8135941933
evaluations raw_y
1 412899009.6445786953
2 103040567.6313300580
4 26967754.1836666688
7 15591047.0467966460
13 12310314.0947211385
26 11094473.2142639048
27 7488731.9236468729
35 7000583.2049368126
45 4121890.4396790913
54 2835704.7673812909
80 1703432.8312949217
95 1698884.6198624521
100 1502834.1504641667
113 1368482.8173123994
117 1220300.1731716357
120 790710.2211219969
124 597255.5696879667
135 264929.5236101747
141 94413.0058954964
144 57330.4997154652
149 132416.0954248522
evaluations raw_y
1 412899009.6445786953
2 103040567.6313300580
4 26967754.1836666688
7 15591047.0467966460
13 12310314.0947211385
67 4964444.8746821824
71 4075148.8213831484
86 2775170.0519241747
90 929797.1954468035
91 513199.7552874199
96 433831.0339265247
106 315166.8768487699
133 70775.7005179781
149 30718.5589420492
evaluations raw_y
1 412899009.6445786953
2 103040567.6313300580
4 26967754.1836666688
7 15591047.0467966460
13 12310314.0947211385
45 5506806.4660550617
50 2798500.2663833303
63 1208464.8314687319
69 243155.0644037850
82 30361.8121850277
115 6697.7623244528
117 4680.3396274217
123 2982.8025813127
146 869.4765367441
149 5101.9505910732
evaluations raw_y
1 47739514.5410719290
2 15311447.6674898919
25 11381228.3390145823
27 10091860.3079569656
44 9431606.2959518097
52 8962638.5858753435
55 8596976.8883867916
56 7850782.8364332337
65 3100602.2799038291
83 2729089.4307264918
87 2512487.1140519544
94 2183681.9720714362
99 1063739.9550346143
108 644518.2087504376
118 384947.2902939085
128 105373.9740819311
139 19872.7081839718
149 48221.1235136393
evaluations raw_y
1 47739514.5410719290
2 15311447.6674898919
26 11118343.2219349835
32 8957943.9245286658
35 5298281.2307420447
49 5002367.6216991264
56 4002521.5636230027
64 2327978.7243450806
83 906090.2332042422
86 878720.0718407903
102 171393.7124659483
109 72036.0226191310
125 8281.3240356024
141 5424.2488367557
147 3971.0311460335
149 10893.1680799647
evaluations raw_y
1 47739514.5410719290
2 15311447.6674898919
32 5852514.7775300369
33 3145045.1182131208
36 1753960.5349557607
56 629223.0268433797
57 178847.6857430845
95 124802.3268284397
100 50935.6099481702
105 49736.6041449239
107 28225.6593693002
114 10272.4954171866
132 4618.2104434156
143 2715.7418371260
148 2714.1526401917
149 6951.3076049955
evaluations raw_y
1 47739514.5410719290
2 15311447.6674898919
16 4520836.8925316408
35 4347644.6341557251
43 3608594.5625051004
44 1329354.7546021580
48 411294.6472281601
70 167461.4303487245
81 104193.8107163828
90 66991.3518583426
102 65567.8200616062
103 62321.3884200942
106 18255.3661295261
131 5187.7892078742
141 4661.2649651848
149 2898.3793802694
evaluations raw_y
1 47739514.5410719290
2 15311447.6674898919
22 1121879.0289581041
49 723119.0790251119
54 602170.7387994183
55 391376.1671415889
77 272084.9741808344
81 244337.8296790587
82 174852.7412795754
86 130295.1674008346
98 105119.0857161107
100 44381.8790769694
107 6300.0403474349
131 3500.6145164619
141 2884.5871860383
149 29285.9558616758
evaluations raw_y
1 152806169.8422192633
3 78001472.6936600357
8 40562870.5843524337
14 26492227.8146130480
34 18722934.5345796272
36 16749922.3561292626
59 14780174.8557968941
61 10614935.7067582216
70 8053431.9914042316
84 6801109.8085999163
93 5388061.9175484665
99 4242083.7201833082
109 3846368.8914377401
110 3610674.5128572723
114 2719059.9189372552
116 2294246.7276328043
117 1697221.3736629784
120 413161.2558272373
141 313185.6895314335
149 2389973.2750069657
evaluations raw_y
1 152806169.8422192633
3 78001472.6936600357
8 40562870.5843524337
14 26492227.8146130480
16 23648847.2696824111
19 16458174.5527569186
20 7931758.1416562935
54 5215553.8822340425
60 4054494.3198774732
71 1708337.2422485454
73 1554180.3616834041
81 1454763.9686038659
87 1122296.1633253507
109 1102057.8706344648
110 852665.3201968977
119 811159.0070081926
120 744582.7156727182
122 568714.8662784271
125 531840.1180956136
126 421549.0278598867
130 241715.5812398722
134 144068.5070791744
145 79797.2747403672
149 639579.6255856759
evaluations raw_y
1 152806169.8422192633
3 78001472.6936600357
8 40562870.5843524337
14 26492227.8146130480
20 6586236.9992304295
31 2537228.5139926844
59 479050.4020386696
68 474726.0899832909
97 297089.7806510694
101 260596.3656941136
103 194388.1048970337
104 184418.3575718258
107 38593.7581458193
127 22314.4559305378
134 20188.5831239274
137 8243.2394634417
149 85551.3009754076
evaluations raw_y
1 152806169.8422192633
3 78001472.6936600357
8 40562870.5843524337
14 26492227.8146130480
17 14319084.8944363855
29 5556880.5732206237
42 5298725.3333641300
43 2052689.3163997035
53 1910371.4756749643
62 1052281.5306065995
84 596563.0303302233
86 243494.9797787926
87 156999.1363839519
99 74963.3948319186
107 51852.1655203336
110 39732.5098296688
134 10038.6440819045
140 6567.5412054031
149 21608.7901380127
evaluations raw_y
1 152806169.8422192633
3 78001472.6936600357
8 40562870.5843524337
14 26492227.8146130480
17 19015989.4426515214
26 9243740.6442477293
36 3864818.4847670328
40 2304181.1784303612
60 1164326.1022942902
67 1116249.7768997620
69 1060888.4458765960
72 633794.2780499435
94 333051.5915818861
97 315744.0966793963
102 192525.2163068734
103 21255.2321691018
141 17163.5820410165
142 14335.8164215261
149 38404.9303422299
evaluations raw_y
1 47972685.2426147312
7 38310136.0014476404
9 28790042.7669936605
11 17847515.1652103402
15 11554639.4945473485
48 11344761.7768296469
57 10551425.0320468359
60 9849638.9131931830
67 5208662.5971303880
74 508175.2134015996
107 250096.5988657874
115 175101.3634619131
119 58487.9183814316
128 42208.4187101069
134 19724.8089295086
149 24696.6246918409
evaluations raw_y
1 47972685.2426147312
7 38310136.0014476404
9 28790042.7669936605
11 17847515.1652103402
15 11554639.4945473485
49 9463137.2291408349
53 5156473.7717191642
70 3681171.4126166785
80 2404981.4229046917
84 807138.6419421390
95 635447.7102537942
108 618466.7330600927
113 270340.9504943992
115 139398.9415738937
121 95754.8653270578
124 82144.3796236537
135 18362.6143444419
149 37517.3942223953
evaluations raw_y
1 47972685.2426147312
7 38310136.0014476404
9 28790042.7669936605
11 17847515.1652103402
15 11554639.4945473485
47 6208611.2481030719
50 2166830.8892212054
57 1382991.3433929121
63 1161558.1119688624
84 337828.3378819504
98 257644.0476615424
100 133885.1641638612
103 49300.2154744256
141 48564.2916260994
149 63081.7294010678
evaluations raw_y
1 47972685.2426147312
7 38310136.0014476404
9 28790042.7669936605
11 17847515.1652103402
15 11554639.4945473485
39 10449638.3549804855
45 6319696.4563632682
58 5847778.1684660092
65 5839004.2471073605
69 3582428.6097551743
73 1444077.8555979051
79 1252378.9336807323
82 1015723.9833809767
97 438251.9573940660
117 416475.5301321846
118 334966.8817830537
126 169448.9890089389
132 91798.9824672795
142 67460.0638911647
149 221776.9546823282
evaluations raw_y
1 47972685.2426147312
7 38310136.0014476404
9 28790042.7669936605
11 17847515.1652103402
15 11554639.4945473485
40 9832561.9069582801
51 7049525.2692075009
55 816919.2815999800
80 773551.2163187312
85 430691.4863861840
87 375637.7326905972
88 207138.7852202601
94 149710.7973856730
100 113646.1644694561
117 63411.9962424186
133 50965.4562087505
139 20875.8264077403
149 48908.6255006933
