evaluations raw_y
1 65.7092903850
6 44.9417086992
20 24.9406795800
69 12.6919362511
71 6.1029998409
86 10.0258877164
evaluations raw_y
1 65.7092903850
6 44.9417086992
12 42.7467274123
27 37.4582275606
29 36.3073964573
35 33.1724897254
48 31.7292310984
65 21.1320801208
68 3.2150241039
86 18.3326413542
evaluations raw_y
1 65.7092903850
6 44.9417086992
10 14.8080218972
20 13.8674642758
62 10.9209842966
63 9.1602010821
71 8.8080285024
74 1.8811866410
86 18.4000788063
evaluations raw_y
1 65.7092903850
6 44.9417086992
10 30.8095137451
16 5.3338704408
86 17.2721687880
evaluations raw_y
1 65.7092903850
6 44.9417086992
10 25.6878005747
20 16.7873517708
37 13.6405958397
48 7.7673645354
59 7.6729591371
81 4.9011099941
83 4.8889491862
86 28.0436953898
evaluations raw_y
1 49.4715192468
15 21.4305332115
21 16.1853416005
26 11.5186574007
33 7.3699020613
42 5.5758267553
70 2.4200498360
82 2.2465466378
86 13.5656075870
evaluations raw_y
1 49.4715192468
11 10.7018934397
46 2.7424175113
57 2.1910732398
86 12.0669185033
evaluations raw_y
1 49.4715192468
14 17.3173811190
57 15.4339664471
64 10.3335638100
73 6.9030644856
79 3.1162164587
86 19.7273586861
evaluations raw_y
1 49.4715192468
10 22.7412492879
14 22.0601819014
35 19.6985018416
47 18.6162318657
52 16.6281365111
53 12.6359940087
67 9.4863657703
83 8.6564267327
84 5.4192757249
86 26.2710678833
evaluations raw_y
1 49.4715192468
13 37.9320135589
17 25.7937498948
21 24.5050020188
44 13.7737252162
64 12.1610247921
65 11.7872198394
66 9.7395428107
70 7.1153443733
80 4.8782613875
86 6.9730508348
evaluations raw_y
1 108.4922954786
23 79.7910114031
24 7.6723101901
46 5.4235205786
68 4.3670252420
86 15.7661211709
evaluations raw_y
1 108.4922954786
11 12.1876494744
27 9.7437408931
86 64.9229514930
evaluations raw_y
1 108.4922954786
18 52.8667287412
22 8.0977689967
64 7.1862711998
79 6.4859053015
84 1.7453700608
86 28.4441915768
evaluations raw_y
1 108.4922954786
19 70.9158857440
32 59.9030468361
33 40.3259172944
38 15.6455506002
45 3.1889745215
86 13.4853626842
evaluations raw_y
1 108.4922954786
11 106.6456224666
13 101.6475918902
25 63.1690505535
26 27.2624155470
30 38.3115886090
40 31.5674124130
48 10.6834462680
85 3.8391279077
86 31.7957587715
evaluations raw_y
1 149.7007447789
4 16.9287898937
86 16.9952363371
evaluations raw_y
1 149.7007447789
4 16.9287898937
32 12.5829021293
47 11.1332106452
56 9.2769077940
86 66.4904029508
evaluations raw_y
1 149.7007447789
4 16.9287898937
30 8.9564397846
39 8.6178221427
55 3.9718233943
71 2.8380496639
86 12.1617856719
evaluations raw_y
1 149.7007447789
4 16.9287898937
15 10.5385251634
17 3.3560944383
86 11.8370876558
evaluations raw_y
1 149.7007447789
4 16.9287898937
25 14.2074666439
35 9.8642360982
51 3.6984017984
86 27.8273908717
evaluations raw_y
1 104.0652265658
2 73.7452971534
5 54.7614106994
6 40.8593504496
10 31.4006630575
11 28.5134125094
27 20.5316397147
31 17.4361771868
32 12.4575846586
39 11.3381254728
59 7.0243961638
61 4.3480038171
68 3.7455513084
78 1.5766177362
86 13.1618621921
evaluations raw_y
1 104.0652265658
2 73.7452971534
5 54.7614106994
6 40.8593504496
15 28.0146834187
17 15.9292922790
29 10.7711987255
38 9.6988012283
39 9.3672128174
68 7.8875427118
72 5.8642012848
77 2.4400752510
86 10.8953170904
evaluations raw_y
1 104.0652265658
2 73.7452971534
5 54.7614106994
6 40.8593504496
10 39.0279730889
12 21.4942349915
19 16.9785400851
31 6.8229845521
65 5.9587411733
86 72.3664784891
evaluations raw_y
1 104.0652265658
2 73.7452971534
5 54.7614106994
6 40.8593504496
18 40.3504670088
19 18.7583419819
28 17.4377862051
38 14.9403228052
59 12.9974293361
70 12.4494279390
76 8.4747848864
86 22.2196495079
evaluations raw_y
1 104.0652265658
2 73.7452971534
5 54.7614106994
6 40.8593504496
10 29.7220599624
11 20.3712017064
17 10.3281277542
29 8.0922447355
53 5.3600865820
76 3.9798236454
86 5.1444340231
evaluations raw_y
1 129.1654116111
2 71.6337546535
5 26.9230819933
18 18.3233381309
40 3.6651333190
66 1.9737182160
86 25.1893886682
evaluations raw_y
1 129.1654116111
2 71.6337546535
5 26.9230819933
10 11.9978292259
52 9.6888558886
86 34.1297841393
evaluations raw_y
1 129.1654116111
2 71.6337546535
5 26.9230819933
12 11.8919080699
35 10.0911844238
48 9.4799665690
53 4.4849309767
86 14.1169287565
evaluations raw_y
1 129.1654116111
2 71.6337546535
5 26.9230819933
17 15.2321010102
31 8.2487160708
51 7.7531868283
62 7.4286683373
70 4.8588318708
83 3.6959763475
86 18.7100741216
evaluations raw_y
1 129.1654116111
2 71.6337546535
5 26.9230819933
10 24.2933255964
20 17.7605552645
22 3.0862431313
86 25.4437933799
evaluations raw_y
1 90.9452674765
3 50.4285751517
8 31.4870641907
18 16.2048770607
35 15.1699887997
83 11.8044088364
86 58.6812287973
evaluations raw_y
1 90.9452674765
3 50.4285751517
8 31.4870641907
32 8.1723474352
80 5.3838643670
85 4.2182682680
86 24.2286282967
evaluations raw_y
1 90.9452674765
3 50.4285751517
8 31.4870641907
20 11.0314171916
49 9.3767412975
81 3.9459691219
86 30.4849965033
evaluations raw_y
1 90.9452674765
3 50.4285751517
8 31.4870641907
29 15.3052151701
32 5.0327265186
70 0.8806372061
86 20.3755917141
evaluations raw_y
1 90.9452674765
3 50.4285751517
8 31.4870641907
17 20.6069947320
40 19.9084696962
47 16.6994270312
49 12.7073250921
53 9.2703395973
86 34.9902388930
evaluations raw_y
1 48.7707927505
10 18.9951146806
32 11.8485325111
60 9.0021175505
76 8.9977576325
86 18.8817195056
evaluations raw_y
1 48.7707927505
17 27.2704590531
42 6.3313914622
86 17.6929788123
evaluations raw_y
1 48.7707927505
28 28.1263286626
47 12.6260369092
61 4.1364537788
86 19.6234729794
evaluations raw_y
1 48.7707927505
22 20.4543208876
25 15.3673547916
36 11.5818784689
38 6.8634014102
61 4.6402398749
86 24.4341376647
evaluations raw_y
1 48.7707927505
18 12.9598675681
36 14.9425916094
74 10.4450099453
83 8.9705214649
84 2.5835453097
86 51.4204042665
evaluations raw_y
1 242.2566748021
2 199.0468775162
3 159.3257777752
4 29.6192862800
47 29.4767679053
60 28.6335608809
74 10.5856637896
86 54.5300992348
evaluations raw_y
1 242.2566748021
2 199.0468775162
3 159.3257777752
4 29.6192862800
24 25.3185597739
28 14.3461311498
31 13.7872267787
51 10.5711303693
62 7.7291599198
73 6.9275513191
75 4.6557342736
86 31.2490396167
evaluations raw_y
1 242.2566748021
2 199.0468775162
3 159.3257777752
4 29.6192862800
33 27.3789314749
53 23.1597294117
56 22.8659861828
60 13.1119409342
85 2.4921753517
86 45.3910052066
evaluations raw_y
1 242.2566748021
2 199.0468775162
3 159.3257777752
4 29.6192862800
12 23.7913770980
68 13.8563497121
76 9.2290683385
78 5.5470467841
86 31.6979201157
evaluations raw_y
1 242.2566748021
2 199.0468775162
3 159.3257777752
4 29.6192862800
12 23.7724269465
21 12.9678152346
39 8.4603843704
51 5.5560871020
77 4.0010291788
86 10.0809641158
evaluations raw_y
1 102.3849153854
3 74.8229927286
7 42.5766796620
18 33.3571533520
20 9.7713582659
29 4.6506174724
86 34.3488091406
evaluations raw_y
1 102.3849153854
3 74.8229927286
7 42.5766796620
15 24.3274991083
23 22.7013189004
62 5.7596696733
86 120.8876139751
evaluations raw_y
1 102.3849153854
3 74.8229927286
7 42.5766796620
37 34.9590784877
39 17.8904972974
57 6.1637253405
86 46.1053455664
evaluations raw_y
1 102.3849153854
3 74.8229927286
7 42.5766796620
10 34.4821220087
26 31.0030186451
27 19.1476232493
33 8.1205134212
56 5.1127016348
80 2.2700386933
86 21.6071378793
evaluations raw_y
1 102.3849153854
3 74.8229927286
7 42.5766796620
21 24.2648506675
44 20.6457612162
45 16.1285937122
48 15.4510940811
55 14.1225808653
83 12.8897278675
86 14.0715568164
evaluations raw_y
1 105.3310112210
7 44.3212186613
25 33.4870388325
31 10.8458743172
46 7.7655902555
74 6.0244702563
86 48.8607987654
evaluations raw_y
1 105.3310112210
7 44.3212186613
23 33.6272005283
24 14.5068282756
53 5.4474125153
75 5.4177087170
86 25.4603744210
evaluations raw_y
1 105.3310112210
7 44.3212186613
35 13.0922395695
37 11.5908274704
42 6.3446354215
86 22.4524273820
evaluations raw_y
1 105.3310112210
7 44.3212186613
15 26.9522123136
22 7.6470753027
69 5.1122090353
74 2.4599583996
86 21.4157509311
evaluations raw_y
1 105.3310112210
7 44.3212186613
26 40.1142004834
86 145.2506072528
evaluations raw_y
1 24.9881010632
33 14.2494208762
63 12.3685905347
76 9.1803785901
85 8.3054920678
86 26.6005535857
evaluations raw_y
1 24.9881010632
36 10.4410104856
68 6.1712696081
71 1.5432453377
86 38.7676843658
evaluations raw_y
1 24.9881010632
28 23.4831880454
29 22.7798355799
32 21.9297865927
43 17.3047213126
46 10.0485674179
47 8.6516045895
57 4.0305156114
86 41.3100681965
evaluations raw_y
1 24.9881010632
53 23.8506118450
61 17.3363197969
77 2.6926336711
80 7.8087865752
86 88.7011535405
evaluations raw_y
1 24.9881010632
56 12.4785484024
86 10.4124422161
evaluations raw_y
1 216.2445935299
3 181.5108240018
7 108.1193595205
10 101.0351681974
13 43.4176281143
20 26.2007289072
52 17.5914551625
62 17.4582365486
73 16.1500191905
84 14.8190617856
86 28.0009994098
evaluations raw_y
1 216.2445935299
3 181.5108240018
7 108.1193595205
11 99.0074765399
13 81.5255804929
17 65.1326103285
20 35.9654483390
28 21.3745932834
56 14.2171055886
59 13.5571276445
67 4.5460494605
82 4.2851039716
86 14.3651878071
evaluations raw_y
1 216.2445935299
3 181.5108240018
7 108.1193595205
14 44.9937966856
19 23.8928197461
29 21.9260324749
43 15.2497667265
46 8.1679828069
86 48.2868601346
evaluations raw_y
1 216.2445935299
3 181.5108240018
7 108.1193595205
10 42.3899018483
25 41.9177018314
41 29.8026129904
45 18.1071553023
71 7.9061775464
81 7.5381874036
86 10.7407077371
evaluations raw_y
1 216.2445935299
3 181.5108240018
7 108.1193595205
15 88.1497183607
21 64.1987028496
24 31.8353674561
30 19.5480710695
32 17.7248367598
49 15.2768569455
53 7.8619456340
59 6.7891491505
77 2.2527740890
86 16.1899496219
evaluations raw_y
1 203.9365347037
3 142.9797228536
5 64.1622517830
11 55.6436425673
12 15.4395834425
60 10.1647213969
86 18.0221809115
evaluations raw_y
1 203.9365347037
3 142.9797228536
5 64.1622517830
13 39.0754486532
19 29.2813404386
25 24.0738643729
26 8.6877197968
47 4.3864498112
54 4.2259113507
84 2.1531935841
86 3.9760697685
evaluations raw_y
1 203.9365347037
3 142.9797228536
5 64.1622517830
10 46.4809924636
30 22.6375676592
41 10.3158718722
70 8.5535365241
74 7.0035030371
86 28.6357924382
evaluations raw_y
1 203.9365347037
3 142.9797228536
5 64.1622517830
17 60.6116670219
19 30.7623939662
22 18.1583329727
33 14.5486086251
53 9.1284534627
68 9.1168861055
70 4.1161012830
76 3.7792195667
86 11.5749832858
evaluations raw_y
1 203.9365347037
3 142.9797228536
5 64.1622517830
11 44.4783296960
17 39.1775683684
27 38.3296155510
28 33.0104174066
31 27.3491585327
50 16.7962157271
56 11.2434244443
77 6.9001983305
86 28.5386481441
