evaluations raw_y
1 341.4007710806
2 105.5206593075
3 16.0947500489
32 13.9389682209
42 13.8043009306
49 11.0262963078
60 142.1885143157
evaluations raw_y
1 341.4007710806
2 105.5206593075
3 16.0947500489
32 13.9389682209
42 13.8043009306
49 11.0262963078
60 142.1885143157
evaluations raw_y
1 341.4007710806
2 105.5206593075
3 16.0947500489
32 13.9389682209
42 13.8043009306
49 11.0262963078
60 142.1885143157
evaluations raw_y
1 341.4007710806
2 105.5206593075
3 16.0947500489
32 13.9389682209
42 13.8043009306
49 11.0262963078
60 142.1885143157
evaluations raw_y
1 341.4007710806
2 105.5206593075
3 16.0947500489
32 13.9389682209
42 13.8043009306
49 11.0262963078
60 142.1885143157
evaluations raw_y
1 33.2137105043
2 18.4892536061
60 24.0614486856
evaluations raw_y
1 33.2137105043
2 18.4892536061
60 24.0614486856
evaluations raw_y
1 33.2137105043
2 18.4892536061
60 24.0614486856
evaluations raw_y
1 33.2137105043
2 18.4892536061
60 24.0614486856
evaluations raw_y
1 33.2137105043
2 18.4892536061
60 24.0614486856
evaluations raw_y
1 51.4936921475
2 20.0397074310
4 18.3093130290
26 15.7795051156
29 13.2810307495
31 10.4453915441
36 7.2595109051
37 6.0294413656
38 5.6416310133
39 1.8962853225
40 1.7286286705
44 1.5119581218
53 1.2909232140
54 1.2799480180
56 0.9965893194
60 34.0157642731
evaluations raw_y
1 51.4936921475
2 20.0397074310
4 18.3093130290
26 15.7795051156
29 13.2810307495
31 10.4453915441
36 7.2595109051
37 6.0294413656
38 5.6416310133
39 1.8962853225
40 1.7286286705
44 1.5119581218
53 1.2909232140
54 1.2799480180
56 0.9965893194
60 34.0157642731
evaluations raw_y
1 51.4936921475
2 20.0397074310
4 18.3093130290
26 15.7795051156
29 13.2810307495
31 10.4453915441
36 7.2595109051
37 6.0294413656
38 5.6416310133
39 1.8962853225
40 1.7286286705
44 1.5119581218
53 1.2909232140
54 1.2799480180
56 0.9965893194
60 34.0157642731
evaluations raw_y
1 51.4936921475
2 20.0397074310
4 18.3093130290
26 15.7795051156
29 13.2810307495
31 10.4453915441
36 7.2595109051
37 6.0294413656
38 5.6416310133
39 1.8962853225
40 1.7286286705
44 1.5119581218
53 1.2909232140
54 1.2799480180
56 0.9965893194
60 34.0157642731
evaluations raw_y
1 51.4936921475
2 20.0397074310
4 18.3093130290
26 15.7795051156
29 13.2810307495
31 10.4453915441
36 7.2595109051
37 6.0294413656
38 5.6416310133
39 1.8962853225
40 1.7286286705
44 1.5119581218
53 1.2909232140
54 1.2799480180
56 0.9965893194
60 34.0157642731
evaluations raw_y
1 638.0307868009
2 40.3412147018
3 29.4628233744
13 3.9108906526
44 3.3781950873
45 2.2139456961
53 1.6498482875
54 1.2062918627
55 1.1270357657
60 64.8063120658
evaluations raw_y
1 638.0307868009
2 40.3412147018
3 29.4628233744
13 3.9108906526
44 3.3781950873
45 2.2139456961
53 1.6498482875
54 1.2062918627
55 1.1270357657
60 64.8063120658
evaluations raw_y
1 638.0307868009
2 40.3412147018
3 29.4628233744
13 3.9108906526
44 3.3781950873
45 2.2139456961
53 1.6498482875
54 1.2062918627
55 1.1270357657
60 64.8063120658
evaluations raw_y
1 638.0307868009
2 40.3412147018
3 29.4628233744
13 3.9108906526
44 3.3781950873
45 2.2139456961
53 1.6498482875
54 1.2062918627
55 1.1270357657
60 64.8063120658
evaluations raw_y
1 638.0307868009
2 40.3412147018
3 29.4628233744
13 3.9108906526
44 3.3781950873
45 2.2139456961
53 1.6498482875
54 1.2062918627
55 1.1270357657
60 64.8063120658
evaluations raw_y
1 41.6803720218
9 26.8510559136
10 3.5908066886
27 1.1875191232
31 1.1791354610
33 1.0537784163
44 1.0467585350
46 1.0273421822
60 1.1893128886
evaluations raw_y
1 41.6803720218
9 26.8510559136
10 3.5908066886
27 1.1875191232
31 1.1791354610
33 1.0537784163
44 1.0467585350
46 1.0273421822
60 1.1893128886
evaluations raw_y
1 41.6803720218
9 26.8510559136
10 3.5908066886
27 1.1875191232
31 1.1791354610
33 1.0537784163
44 1.0467585350
46 1.0273421822
60 1.1893128886
evaluations raw_y
1 41.6803720218
9 26.8510559136
10 3.5908066886
27 1.1875191232
31 1.1791354610
33 1.0537784163
44 1.0467585350
46 1.0273421822
60 1.1893128886
evaluations raw_y
1 41.6803720218
9 26.8510559136
10 3.5908066886
27 1.1875191232
31 1.1791354610
33 1.0537784163
44 1.0467585350
46 1.0273421822
60 1.1893128886
evaluations raw_y
1 43.8687578495
2 35.9286910184
9 13.7438514026
23 6.6696221717
28 6.6291585647
32 4.8708237217
53 2.4144056494
60 41.4258822642
evaluations raw_y
1 43.8687578495
2 35.9286910184
9 13.7438514026
23 6.6696221717
28 6.6291585647
32 4.8708237217
53 2.4144056494
60 41.4258822642
evaluations raw_y
1 43.8687578495
2 35.9286910184
9 13.7438514026
23 6.6696221717
28 6.6291585647
32 4.8708237217
53 2.4144056494
60 41.4258822642
evaluations raw_y
1 43.8687578495
2 35.9286910184
9 13.7438514026
23 6.6696221717
28 6.6291585647
32 4.8708237217
53 2.4144056494
60 41.4258822642
evaluations raw_y
1 43.8687578495
2 35.9286910184
9 13.7438514026
23 6.6696221717
28 6.6291585647
32 4.8708237217
53 2.4144056494
60 41.4258822642
evaluations raw_y
1 821.3809499956
2 190.2038246362
5 50.6068262239
6 16.5525416007
60 50.3701827418
evaluations raw_y
1 821.3809499956
2 190.2038246362
5 50.6068262239
6 16.5525416007
60 50.3701827418
evaluations raw_y
1 821.3809499956
2 190.2038246362
5 50.6068262239
6 16.5525416007
60 50.3701827418
evaluations raw_y
1 821.3809499956
2 190.2038246362
5 50.6068262239
6 16.5525416007
60 50.3701827418
evaluations raw_y
1 821.3809499956
2 190.2038246362
5 50.6068262239
6 16.5525416007
60 50.3701827418
evaluations raw_y
1 15.6756825927
60 115.6640772622
evaluations raw_y
1 15.6756825927
60 115.6640772622
evaluations raw_y
1 15.6756825927
60 115.6640772622
evaluations raw_y
1 15.6756825927
60 115.6640772622
evaluations raw_y
1 15.6756825927
60 115.6640772622
evaluations raw_y
1 348.3336763318
2 295.6235942492
3 199.7711923961
4 123.3280518961
5 47.1096227393
7 37.5434544661
9 16.0451603658
11 12.9306199110
22 12.0120390121
27 9.7258903575
28 8.7427339125
60 9.2870928445
evaluations raw_y
1 348.3336763318
2 295.6235942492
3 199.7711923961
4 123.3280518961
5 47.1096227393
7 37.5434544661
9 16.0451603658
11 12.9306199110
22 12.0120390121
27 9.7258903575
28 8.7427339125
60 9.2870928445
evaluations raw_y
1 348.3336763318
2 295.6235942492
3 199.7711923961
4 123.3280518961
5 47.1096227393
7 37.5434544661
9 16.0451603658
11 12.9306199110
22 12.0120390121
27 9.7258903575
28 8.7427339125
60 9.2870928445
evaluations raw_y
1 348.3336763318
2 295.6235942492
3 199.7711923961
4 123.3280518961
5 47.1096227393
7 37.5434544661
9 16.0451603658
11 12.9306199110
22 12.0120390121
27 9.7258903575
28 8.7427339125
60 9.2870928445
evaluations raw_y
1 348.3336763318
2 295.6235942492
3 199.7711923961
4 123.3280518961
5 47.1096227393
7 37.5434544661
9 16.0451603658
11 12.9306199110
22 12.0120390121
27 9.7258903575
28 8.7427339125
60 9.2870928445
evaluations raw_y
1 218.7417623651
5 16.5420708751
60 19.3006179747
evaluations raw_y
1 218.7417623651
5 16.5420708751
60 19.3006179747
evaluations raw_y
1 218.7417623651
5 16.5420708751
60 19.3006179747
evaluations raw_y
1 218.7417623651
5 16.5420708751
60 19.3006179747
evaluations raw_y
1 218.7417623651
5 16.5420708751
60 19.3006179747
evaluations raw_y
1 207.1356876186
2 10.8873960673
60 120.9779778273
evaluations raw_y
1 207.1356876186
2 10.8873960673
60 120.9779778273
evaluations raw_y
1 207.1356876186
2 10.8873960673
60 120.9779778273
evaluations raw_y
1 207.1356876186
2 10.8873960673
60 120.9779778273
evaluations raw_y
1 207.1356876186
2 10.8873960673
60 120.9779778273
evaluations raw_y
1 2798.7173819562
2 862.8732896849
3 160.8903001895
5 58.7492188436
12 47.7593603397
13 26.5335068845
16 22.1327550680
32 21.5558178777
37 16.6669681900
38 12.8175994374
39 11.8501940159
60 11.8593768866
evaluations raw_y
1 2798.7173819562
2 862.8732896849
3 160.8903001895
5 58.7492188436
12 47.7593603397
13 26.5335068845
16 22.1327550680
32 21.5558178777
37 16.6669681900
38 12.8175994374
39 11.8501940159
60 11.8593768866
evaluations raw_y
1 2798.7173819562
2 862.8732896849
3 160.8903001895
5 58.7492188436
12 47.7593603397
13 26.5335068845
16 22.1327550680
32 21.5558178777
37 16.6669681900
38 12.8175994374
39 11.8501940159
60 11.8593768866
evaluations raw_y
1 2798.7173819562
2 862.8732896849
3 160.8903001895
5 58.7492188436
12 47.7593603397
13 26.5335068845
16 22.1327550680
32 21.5558178777
37 16.6669681900
38 12.8175994374
39 11.8501940159
60 11.8593768866
evaluations raw_y
1 2798.7173819562
2 862.8732896849
3 160.8903001895
5 58.7492188436
12 47.7593603397
13 26.5335068845
16 22.1327550680
32 21.5558178777
37 16.6669681900
38 12.8175994374
39 11.8501940159
60 11.8593768866
evaluations raw_y
1 50.8524157506
4 27.8109016127
20 21.9840651222
24 18.8670858886
27 17.0034487251
53 16.9925281488
60 69.5543802812
evaluations raw_y
1 50.8524157506
4 27.8109016127
20 21.9840651222
24 18.8670858886
27 17.0034487251
53 16.9925281488
60 69.5543802812
evaluations raw_y
1 50.8524157506
4 27.8109016127
20 21.9840651222
24 18.8670858886
27 17.0034487251
53 16.9925281488
60 69.5543802812
evaluations raw_y
1 50.8524157506
4 27.8109016127
20 21.9840651222
24 18.8670858886
27 17.0034487251
53 16.9925281488
60 69.5543802812
evaluations raw_y
1 50.8524157506
4 27.8109016127
20 21.9840651222
24 18.8670858886
27 17.0034487251
53 16.9925281488
60 69.5543802812
evaluations raw_y
1 186.1180546680
3 36.3429063418
5 28.0376803319
20 25.4567360648
22 23.9355897450
32 11.5547797613
36 8.4879435512
40 8.3547506883
60 38.1533610889
evaluations raw_y
1 186.1180546680
3 36.3429063418
5 28.0376803319
20 25.4567360648
22 23.9355897450
32 11.5547797613
36 8.4879435512
40 8.3547506883
60 38.1533610889
evaluations raw_y
1 186.1180546680
3 36.3429063418
5 28.0376803319
20 25.4567360648
22 23.9355897450
32 11.5547797613
36 8.4879435512
40 8.3547506883
60 38.1533610889
evaluations raw_y
1 186.1180546680
3 36.3429063418
5 28.0376803319
20 25.4567360648
22 23.9355897450
32 11.5547797613
36 8.4879435512
40 8.3547506883
60 38.1533610889
evaluations raw_y
1 186.1180546680
3 36.3429063418
5 28.0376803319
20 25.4567360648
22 23.9355897450
32 11.5547797613
36 8.4879435512
40 8.3547506883
60 38.1533610889
