evaluations raw_y
1 25428174.1318132803
2 497995.6431997076
3 59246.9775885782
41 452.1703381703
59 48213.4746944229
evaluations raw_y
1 25428174.1318132803
2 497995.6431997076
3 59246.9775885782
31 4040.9396562225
34 857.0137455640
59 1937.2818910304
evaluations raw_y
1 25428174.1318132803
2 497995.6431997076
3 59246.9775885782
34 20665.9405861048
36 3645.4232929131
59 335137.8191652494
evaluations raw_y
1 25428174.1318132803
2 497995.6431997076
3 59246.9775885782
20 1036.8240117006
37 125.9235611781
59 138780.2352741934
evaluations raw_y
1 25428174.1318132803
2 497995.6431997076
3 59246.9775885782
18 26144.6447566589
41 5718.3136539418
54 1010.4790706862
59 1047.8689656340
evaluations raw_y
1 55886313.8927475885
2 3788304.7920604078
5 2080325.5842797915
10 1080.4545010373
49 1054.1988707325
59 2782.8080572360
evaluations raw_y
1 55886313.8927475885
2 3788304.7920604078
5 2080325.5842797915
8 1221597.2097433414
11 344993.8556686709
27 56621.0525357014
28 41158.9988416646
55 23752.1547079423
56 8790.7251486197
59 58886.6136235259
evaluations raw_y
1 55886313.8927475885
2 3788304.7920604078
5 2080325.5842797915
17 274854.8717498519
23 37094.6675737931
52 17546.4827991716
59 185345.6879690104
evaluations raw_y
1 55886313.8927475885
2 3788304.7920604078
5 2080325.5842797915
10 677094.3939958224
11 119022.4394869352
19 86736.1184558354
28 18679.2682066828
30 3635.4871206714
59 25612.0771545022
evaluations raw_y
1 55886313.8927475885
2 3788304.7920604078
5 2080325.5842797915
12 1093888.2896859315
14 432304.7123805981
18 240634.2858279909
32 101808.3328950905
34 10991.7849263821
47 1036.9888082338
59 25617.4381234172
evaluations raw_y
1 15379189.1958056856
3 7587804.8221522206
4 2565.0231917125
17 1223.1078682860
59 37.7423793970
evaluations raw_y
1 15379189.1958056856
3 7587804.8221522206
4 2565.0231917125
10 225.4657728229
57 63.0155207925
59 96.1466872550
evaluations raw_y
1 15379189.1958056856
3 7587804.8221522206
4 2565.0231917125
45 58.5762470230
59 283347.7800700217
evaluations raw_y
1 15379189.1958056856
3 7587804.8221522206
4 2565.0231917125
50 839.9385457636
54 38.2630324191
59 28837.0367744975
evaluations raw_y
1 15379189.1958056856
3 7587804.8221522206
4 2565.0231917125
50 2389.1424081190
55 927.5482119163
59 3627.2567429342
evaluations raw_y
1 6277651.8210881436
3 64145.6727025037
13 4376.7252072638
28 1073.9973176150
59 4507.0260724659
evaluations raw_y
1 6277651.8210881436
3 64145.6727025037
35 33315.9900824500
40 3275.2829978067
44 3242.1122412027
47 175.2662492450
59 11625.5667522014
evaluations raw_y
1 6277651.8210881436
3 64145.6727025037
8 13613.4401086639
35 7070.0758871641
37 5551.4516007844
38 2523.7571793867
39 957.9519627201
58 844.9931758632
59 12582.5606598510
evaluations raw_y
1 6277651.8210881436
3 64145.6727025037
20 4196.2864027567
59 1499977.8327150785
evaluations raw_y
1 6277651.8210881436
3 64145.6727025037
43 29189.4798921958
44 14260.2463431752
50 39.3786538011
59 4198.7954058836
evaluations raw_y
1 70022948.0702186078
2 22297.8962240122
33 7921.8994121679
45 871.0335791383
50 67.4595868312
59 293439.8491561312
evaluations raw_y
1 70022948.0702186078
2 22297.8962240122
32 7843.6992119842
33 41.4937734052
59 39221.8787332549
evaluations raw_y
1 70022948.0702186078
2 22297.8962240122
12 5874.7122367608
39 4771.5073488067
40 1138.6910991773
44 181.5137199186
59 6158.4160757938
evaluations raw_y
1 70022948.0702186078
2 22297.8962240122
43 10.5269453244
59 34508.6472092331
evaluations raw_y
1 70022948.0702186078
2 22297.8962240122
8 17255.6931290431
40 14101.3988515264
41 4772.8911755960
47 3630.2886832755
50 1958.0355622914
51 374.0652811411
59 2686.0696675297
evaluations raw_y
1 606036.9604040163
4 508564.5042474066
18 483659.3921258150
23 24264.1029292874
31 20428.2342555599
36 11160.1904237353
58 3617.2965422705
59 291703.7784646120
evaluations raw_y
1 606036.9604040163
4 508564.5042474066
9 27888.8662796618
23 5408.7853084673
35 3094.0448389077
42 2404.0660275580
47 74.2279463852
59 839.0411606519
evaluations raw_y
1 606036.9604040163
4 508564.5042474066
12 212076.8694577018
26 10485.8305886441
43 2756.2051463654
45 961.9590109060
58 771.9387360837
59 40.4444708829
evaluations raw_y
1 606036.9604040163
4 508564.5042474066
18 462327.8821529330
23 2921.3346784126
27 583.4140041386
59 6264.8435893587
evaluations raw_y
1 606036.9604040163
4 508564.5042474066
17 157788.2137546548
26 5833.7189918023
59 104760.2398522741
evaluations raw_y
1 56842718.4309492782
2 18655930.5389738977
3 6162771.5455179010
4 3275423.5809228607
7 207187.0342631481
13 40873.2622070998
22 4250.1779237438
26 2263.5299853563
35 1621.2587363119
47 9.9241208209
59 15272.7768191117
evaluations raw_y
1 56842718.4309492782
2 18655930.5389738977
3 6162771.5455179010
4 3275423.5809228607
7 17858.0850004721
10 539.7356832699
43 260.0503583955
51 44.4712703271
59 3957.2826433046
evaluations raw_y
1 56842718.4309492782
2 18655930.5389738977
3 6162771.5455179010
4 3275423.5809228607
13 176173.6044132890
14 2647.8754487958
58 1283.8661971653
59 45212.8424319310
evaluations raw_y
1 56842718.4309492782
2 18655930.5389738977
3 6162771.5455179010
4 3275423.5809228607
32 2216643.5658558356
34 65553.3124600742
35 52230.9633747819
38 45236.8484728868
59 5944718.4330260577
evaluations raw_y
1 56842718.4309492782
2 18655930.5389738977
3 6162771.5455179010
4 3275423.5809228607
14 2090254.2575072821
16 675.5570314976
20 270.3501834171
59 50484.7461560379
evaluations raw_y
1 1182898.2213930388
2 15851.8803104427
22 7559.7822430926
46 56.6811865967
59 500301.8034533318
evaluations raw_y
1 1182898.2213930388
2 15851.8803104427
22 6975.2777049664
59 95335.0536923311
evaluations raw_y
1 1182898.2213930388
2 15851.8803104427
15 3044.3163567190
44 2892.4624265742
45 946.0760162263
48 25.2205247140
59 3707.3757134446
evaluations raw_y
1 1182898.2213930388
2 15851.8803104427
13 5382.2475116395
14 74.5381401101
48 62.8208659052
59 12117.0500674111
evaluations raw_y
1 1182898.2213930388
2 15851.8803104427
38 4533.3371467231
44 4227.3287453303
54 2971.7070168587
55 60.4883770349
59 55225.9461987610
evaluations raw_y
1 23011128.2235656567
2 2652516.3234732486
7 268339.9635599041
14 231636.2132817764
16 3811.0368981919
40 162.3201925083
52 106.7769535881
53 96.1894091073
59 4778.9552889435
evaluations raw_y
1 23011128.2235656567
2 2652516.3234732486
7 2772.1188530215
30 1033.7293671679
41 44.0025253540
59 3705.6373760266
evaluations raw_y
1 23011128.2235656567
2 2652516.3234732486
8 1137961.5086715964
11 579375.4805991757
16 378606.5703986405
21 239816.0105607525
24 206745.2625197936
31 27200.8774679057
54 470.3269271306
59 53134.4208086885
evaluations raw_y
1 23011128.2235656567
2 2652516.3234732486
8 489310.7640853331
20 482866.3519959384
26 270886.0235143049
29 19522.7662450035
46 11611.8595497448
52 7557.9793456815
59 69446.8109521238
evaluations raw_y
1 23011128.2235656567
2 2652516.3234732486
7 720.2919358953
47 703.2033873082
49 28.2228503420
59 1023.3495210109
evaluations raw_y
1 3387555.2510262029
2 449568.8628501646
7 440.4749641004
21 8.5358200526
59 335.2140415576
evaluations raw_y
1 3387555.2510262029
2 449568.8628501646
10 448401.7610038087
18 290837.3657809558
23 211122.6107477026
25 168402.9497821745
26 96124.0135091409
31 498.2822207535
59 268858.2159316306
evaluations raw_y
1 3387555.2510262029
2 449568.8628501646
7 149686.2796518728
9 121252.0593195780
20 3299.4782647752
39 200.1733654051
55 92.7238920979
59 1871.8613755559
evaluations raw_y
1 3387555.2510262029
2 449568.8628501646
7 14577.5692157461
25 114.2582746577
52 10.8367038632
59 2760.9038789423
evaluations raw_y
1 3387555.2510262029
2 449568.8628501646
9 167708.4024076659
18 29614.8459146680
19 15749.2745571400
29 3492.4056483466
45 1497.7017593027
59 69.2366187844
evaluations raw_y
1 8357192.8771145856
2 4500050.8514625393
4 557569.2862805632
10 28095.2985263564
11 1298.6443486240
40 163.3990357900
59 8809.1103917009
evaluations raw_y
1 8357192.8771145856
2 4500050.8514625393
4 557569.2862805632
8 180223.7993325288
15 35541.4952519273
25 3755.4889971816
33 276.8241225250
38 172.2141896831
55 100.5501514137
59 1746.2269892013
evaluations raw_y
1 8357192.8771145856
2 4500050.8514625393
4 557569.2862805632
7 1337.3622234299
42 906.6319104897
51 665.9617707029
52 209.4592632486
59 1198.6134095551
evaluations raw_y
1 8357192.8771145856
2 4500050.8514625393
4 557569.2862805632
18 132876.0894164251
23 17491.0144356928
30 4641.0775789858
59 161118.2079411009
evaluations raw_y
1 8357192.8771145856
2 4500050.8514625393
4 557569.2862805632
11 63502.6018685538
34 4280.9833140295
39 2985.9616815298
46 1000.9717329552
59 163165.4915949824
evaluations raw_y
1 60324935.2734316364
2 2225064.8410881544
3 154384.9806159032
5 28114.7364240896
59 279865.5251538411
evaluations raw_y
1 60324935.2734316364
2 2225064.8410881544
3 154384.9806159032
5 28114.7364240896
11 10712.5822729407
30 830.7206169922
50 492.4250762382
59 69008.3686382413
evaluations raw_y
1 60324935.2734316364
2 2225064.8410881544
3 154384.9806159032
5 28114.7364240896
19 16606.4509733859
31 3490.8821839403
44 1410.2993968335
59 255262.9665449735
evaluations raw_y
1 60324935.2734316364
2 2225064.8410881544
3 154384.9806159032
5 28114.7364240896
15 3718.5560041211
56 2405.6905440128
59 1020.8081001571
evaluations raw_y
1 60324935.2734316364
2 2225064.8410881544
3 154384.9806159032
5 28114.7364240896
22 4034.2355853848
40 369.9935216755
59 175832.2510175685
evaluations raw_y
1 8743912.3085687645
3 2683900.3644177588
4 177989.3828044882
12 38322.6791269716
35 2906.0171067597
59 98769.2587602829
evaluations raw_y
1 8743912.3085687645
3 2683900.3644177588
4 177989.3828044882
22 177005.9647768779
24 81411.8667633139
26 162.3908447977
59 62688.8583963201
evaluations raw_y
1 8743912.3085687645
3 2683900.3644177588
4 177989.3828044882
13 24942.7777514360
30 90.5809243669
59 3021.9232098218
evaluations raw_y
1 8743912.3085687645
3 2683900.3644177588
4 177989.3828044882
16 61909.8823573602
44 52214.2273063930
49 31794.1299470291
50 1383.6503693353
59 57468.7626987985
evaluations raw_y
1 8743912.3085687645
3 2683900.3644177588
4 177989.3828044882
17 235.4775217693
43 184.5493642034
59 26411.0557425259
evaluations raw_y
1 11249446.5834490433
2 277906.3522020919
3 22584.9883096731
11 20840.8986216603
24 271.7342416101
59 166.5985357080
evaluations raw_y
1 11249446.5834490433
2 277906.3522020919
3 22584.9883096731
11 16768.8885038001
14 14146.7568024917
53 933.7266864832
55 206.0505528860
59 3785.8585952704
evaluations raw_y
1 11249446.5834490433
2 277906.3522020919
3 22584.9883096731
11 51.1415792224
59 866.6686811013
evaluations raw_y
1 11249446.5834490433
2 277906.3522020919
3 22584.9883096731
7 2938.7804839761
19 1386.0503647215
49 341.9031206339
52 230.2657808564
59 2800.4637059201
evaluations raw_y
1 11249446.5834490433
2 277906.3522020919
3 22584.9883096731
24 19433.5064600001
43 13860.3147471354
55 7899.2740497970
56 5110.0932109700
58 2105.6321772844
59 461.4603739394
