evaluations raw_y
1 7.3622885619
13 1.7044311245
26 0.1849342777
36 0.1290916106
37 0.0594705567
44 0.0516970000
60 4.5700083271
evaluations raw_y
1 7.3622885619
13 1.7044311245
26 0.1849342777
36 0.1290916106
37 0.0594705567
44 0.0516970000
60 4.5700083271
evaluations raw_y
1 7.3622885619
13 1.7044311245
26 0.1849342777
36 0.1290916106
37 0.0594705567
44 0.0516970000
60 4.5700083271
evaluations raw_y
1 7.3622885619
13 1.7044311245
26 0.1849342777
36 0.1290916106
37 0.0594705567
44 0.0516970000
60 4.5700083271
evaluations raw_y
1 7.3622885619
13 1.7044311245
26 0.1849342777
36 0.1290916106
37 0.0594705567
44 0.0516970000
60 4.5700083271
evaluations raw_y
1 7.8446722482
3 7.5590492010
5 5.5887542760
11 0.6404630613
20 0.0048484647
28 0.0035715685
40 0.0014662836
47 0.0013518957
60 19.2381160024
evaluations raw_y
1 7.8446722482
3 7.5590492010
5 5.5887542760
11 0.6404630613
20 0.0048484647
28 0.0035715685
40 0.0014662836
47 0.0013518957
60 19.2381160024
evaluations raw_y
1 7.8446722482
3 7.5590492010
5 5.5887542760
11 0.6404630613
20 0.0048484647
28 0.0035715685
40 0.0014662836
47 0.0013518957
60 19.2381160024
evaluations raw_y
1 7.8446722482
3 7.5590492010
5 5.5887542760
11 0.6404630613
20 0.0048484647
28 0.0035715685
40 0.0014662836
47 0.0013518957
60 19.2381160024
evaluations raw_y
1 7.8446722482
3 7.5590492010
5 5.5887542760
11 0.6404630613
20 0.0048484647
28 0.0035715685
40 0.0014662836
47 0.0013518957
60 19.2381160024
evaluations raw_y
1 17.7785365014
3 6.7647476379
4 3.2258457277
7 1.2582643245
36 1.2052935002
37 0.8222641612
38 0.7701071404
44 0.7147977839
53 0.7098336871
60 28.7532375325
evaluations raw_y
1 17.7785365014
3 6.7647476379
4 3.2258457277
7 1.2582643245
36 1.2052935002
37 0.8222641612
38 0.7701071404
44 0.7147977839
53 0.7098336871
60 28.7532375325
evaluations raw_y
1 17.7785365014
3 6.7647476379
4 3.2258457277
7 1.2582643245
36 1.2052935002
37 0.8222641612
38 0.7701071404
44 0.7147977839
53 0.7098336871
60 28.7532375325
evaluations raw_y
1 17.7785365014
3 6.7647476379
4 3.2258457277
7 1.2582643245
36 1.2052935002
37 0.8222641612
38 0.7701071404
44 0.7147977839
53 0.7098336871
60 28.7532375325
evaluations raw_y
1 17.7785365014
3 6.7647476379
4 3.2258457277
7 1.2582643245
36 1.2052935002
37 0.8222641612
38 0.7701071404
44 0.7147977839
53 0.7098336871
60 28.7532375325
evaluations raw_y
1 28.9308912609
2 5.4434514985
3 2.6762424793
9 2.1005201242
10 1.9269851947
28 1.9015386301
29 1.8900205393
44 1.8888783187
45 1.8776266276
48 1.8704153028
49 1.5121688989
60 4.1801060997
evaluations raw_y
1 28.9308912609
2 5.4434514985
3 2.6762424793
9 2.1005201242
10 1.9269851947
28 1.9015386301
29 1.8900205393
44 1.8888783187
45 1.8776266276
48 1.8704153028
49 1.5121688989
60 4.1801060997
evaluations raw_y
1 28.9308912609
2 5.4434514985
3 2.6762424793
9 2.1005201242
10 1.9269851947
28 1.9015386301
29 1.8900205393
44 1.8888783187
45 1.8776266276
48 1.8704153028
49 1.5121688989
60 4.1801060997
evaluations raw_y
1 28.9308912609
2 5.4434514985
3 2.6762424793
9 2.1005201242
10 1.9269851947
28 1.9015386301
29 1.8900205393
44 1.8888783187
45 1.8776266276
48 1.8704153028
49 1.5121688989
60 4.1801060997
evaluations raw_y
1 28.9308912609
2 5.4434514985
3 2.6762424793
9 2.1005201242
10 1.9269851947
28 1.9015386301
29 1.8900205393
44 1.8888783187
45 1.8776266276
48 1.8704153028
49 1.5121688989
60 4.1801060997
evaluations raw_y
1 6.6897453292
3 3.3775503472
6 2.1205346878
59 0.0486267680
60 22.4423637882
evaluations raw_y
1 6.6897453292
3 3.3775503472
6 2.1205346878
59 0.0486267680
60 22.4423637882
evaluations raw_y
1 6.6897453292
3 3.3775503472
6 2.1205346878
59 0.0486267680
60 22.4423637882
evaluations raw_y
1 6.6897453292
3 3.3775503472
6 2.1205346878
59 0.0486267680
60 22.4423637882
evaluations raw_y
1 6.6897453292
3 3.3775503472
6 2.1205346878
59 0.0486267680
60 22.4423637882
evaluations raw_y
1 8.1007098810
6 1.9878675969
20 1.7545042614
21 0.5076195758
36 0.4833758018
37 0.4632809335
44 0.2913323292
60 8.3192815128
evaluations raw_y
1 8.1007098810
6 1.9878675969
20 1.7545042614
21 0.5076195758
36 0.4833758018
37 0.4632809335
44 0.2913323292
60 8.3192815128
evaluations raw_y
1 8.1007098810
6 1.9878675969
20 1.7545042614
21 0.5076195758
36 0.4833758018
37 0.4632809335
44 0.2913323292
60 8.3192815128
evaluations raw_y
1 8.1007098810
6 1.9878675969
20 1.7545042614
21 0.5076195758
36 0.4833758018
37 0.4632809335
44 0.2913323292
60 8.3192815128
evaluations raw_y
1 8.1007098810
6 1.9878675969
20 1.7545042614
21 0.5076195758
36 0.4833758018
37 0.4632809335
44 0.2913323292
60 8.3192815128
evaluations raw_y
1 3.0730020518
21 2.0166865191
27 1.5742118592
42 1.5075468998
52 0.0680069491
60 14.4978525338
evaluations raw_y
1 3.0730020518
21 2.0166865191
27 1.5742118592
42 1.5075468998
52 0.0680069491
60 14.4978525338
evaluations raw_y
1 3.0730020518
21 2.0166865191
27 1.5742118592
42 1.5075468998
52 0.0680069491
60 14.4978525338
evaluations raw_y
1 3.0730020518
21 2.0166865191
27 1.5742118592
42 1.5075468998
52 0.0680069491
60 14.4978525338
evaluations raw_y
1 3.0730020518
21 2.0166865191
27 1.5742118592
42 1.5075468998
52 0.0680069491
60 14.4978525338
evaluations raw_y
1 4.3732275653
12 2.9153429412
20 1.9802043832
27 1.9164222843
29 1.9152004268
38 1.9129541906
44 0.5730538532
60 23.3246121579
evaluations raw_y
1 4.3732275653
12 2.9153429412
20 1.9802043832
27 1.9164222843
29 1.9152004268
38 1.9129541906
44 0.5730538532
60 23.3246121579
evaluations raw_y
1 4.3732275653
12 2.9153429412
20 1.9802043832
27 1.9164222843
29 1.9152004268
38 1.9129541906
44 0.5730538532
60 23.3246121579
evaluations raw_y
1 4.3732275653
12 2.9153429412
20 1.9802043832
27 1.9164222843
29 1.9152004268
38 1.9129541906
44 0.5730538532
60 23.3246121579
evaluations raw_y
1 4.3732275653
12 2.9153429412
20 1.9802043832
27 1.9164222843
29 1.9152004268
38 1.9129541906
44 0.5730538532
60 23.3246121579
evaluations raw_y
1 45.9157251609
2 5.4606223484
5 0.8218520468
43 0.4968852899
50 0.4616556548
60 9.2870888674
evaluations raw_y
1 45.9157251609
2 5.4606223484
5 0.8218520468
43 0.4968852899
50 0.4616556548
60 9.2870888674
evaluations raw_y
1 45.9157251609
2 5.4606223484
5 0.8218520468
43 0.4968852899
50 0.4616556548
60 9.2870888674
evaluations raw_y
1 45.9157251609
2 5.4606223484
5 0.8218520468
43 0.4968852899
50 0.4616556548
60 9.2870888674
evaluations raw_y
1 45.9157251609
2 5.4606223484
5 0.8218520468
43 0.4968852899
50 0.4616556548
60 9.2870888674
evaluations raw_y
1 8.0839385469
2 7.4555879063
10 2.0638545919
20 2.0537225744
27 2.0235113816
37 2.0215213005
51 0.1240350812
52 0.1090317480
60 9.2069127715
evaluations raw_y
1 8.0839385469
2 7.4555879063
10 2.0638545919
20 2.0537225744
27 2.0235113816
37 2.0215213005
51 0.1240350812
52 0.1090317480
60 9.2069127715
evaluations raw_y
1 8.0839385469
2 7.4555879063
10 2.0638545919
20 2.0537225744
27 2.0235113816
37 2.0215213005
51 0.1240350812
52 0.1090317480
60 9.2069127715
evaluations raw_y
1 8.0839385469
2 7.4555879063
10 2.0638545919
20 2.0537225744
27 2.0235113816
37 2.0215213005
51 0.1240350812
52 0.1090317480
60 9.2069127715
evaluations raw_y
1 8.0839385469
2 7.4555879063
10 2.0638545919
20 2.0537225744
27 2.0235113816
37 2.0215213005
51 0.1240350812
52 0.1090317480
60 9.2069127715
evaluations raw_y
1 5.4242939869
10 2.8873094636
16 0.9372815541
40 0.7358300006
44 0.7078860207
45 0.6950161707
53 0.6796071018
59 0.6705829699
60 1.7801579028
evaluations raw_y
1 5.4242939869
10 2.8873094636
16 0.9372815541
40 0.7358300006
44 0.7078860207
45 0.6950161707
53 0.6796071018
59 0.6705829699
60 1.7801579028
evaluations raw_y
1 5.4242939869
10 2.8873094636
16 0.9372815541
40 0.7358300006
44 0.7078860207
45 0.6950161707
53 0.6796071018
59 0.6705829699
60 1.7801579028
evaluations raw_y
1 5.4242939869
10 2.8873094636
16 0.9372815541
40 0.7358300006
44 0.7078860207
45 0.6950161707
53 0.6796071018
59 0.6705829699
60 1.7801579028
evaluations raw_y
1 5.4242939869
10 2.8873094636
16 0.9372815541
40 0.7358300006
44 0.7078860207
45 0.6950161707
53 0.6796071018
59 0.6705829699
60 1.7801579028
evaluations raw_y
1 21.8641162968
2 2.4699153287
19 1.5864981600
28 1.1715506407
32 1.1376307314
36 0.5346696072
37 0.5002507349
39 0.4896146953
53 0.4813764557
59 0.4751369130
60 19.8206293141
evaluations raw_y
1 21.8641162968
2 2.4699153287
19 1.5864981600
28 1.1715506407
32 1.1376307314
36 0.5346696072
37 0.5002507349
39 0.4896146953
53 0.4813764557
59 0.4751369130
60 19.8206293141
evaluations raw_y
1 21.8641162968
2 2.4699153287
19 1.5864981600
28 1.1715506407
32 1.1376307314
36 0.5346696072
37 0.5002507349
39 0.4896146953
53 0.4813764557
59 0.4751369130
60 19.8206293141
evaluations raw_y
1 21.8641162968
2 2.4699153287
19 1.5864981600
28 1.1715506407
32 1.1376307314
36 0.5346696072
37 0.5002507349
39 0.4896146953
53 0.4813764557
59 0.4751369130
60 19.8206293141
evaluations raw_y
1 21.8641162968
2 2.4699153287
19 1.5864981600
28 1.1715506407
32 1.1376307314
36 0.5346696072
37 0.5002507349
39 0.4896146953
53 0.4813764557
59 0.4751369130
60 19.8206293141
evaluations raw_y
1 6.3683184782
2 4.5446143004
12 2.2501550024
20 1.9627572252
36 1.9598426259
38 1.7457604576
44 1.7182210731
45 1.7181816524
47 1.7114050963
53 1.6218257289
55 1.5980475473
59 1.5940273396
60 15.9956675487
evaluations raw_y
1 6.3683184782
2 4.5446143004
12 2.2501550024
20 1.9627572252
36 1.9598426259
38 1.7457604576
44 1.7182210731
45 1.7181816524
47 1.7114050963
53 1.6218257289
55 1.5980475473
59 1.5940273396
60 15.9956675487
evaluations raw_y
1 6.3683184782
2 4.5446143004
12 2.2501550024
20 1.9627572252
36 1.9598426259
38 1.7457604576
44 1.7182210731
45 1.7181816524
47 1.7114050963
53 1.6218257289
55 1.5980475473
59 1.5940273396
60 15.9956675487
evaluations raw_y
1 6.3683184782
2 4.5446143004
12 2.2501550024
20 1.9627572252
36 1.9598426259
38 1.7457604576
44 1.7182210731
45 1.7181816524
47 1.7114050963
53 1.6218257289
55 1.5980475473
59 1.5940273396
60 15.9956675487
evaluations raw_y
1 6.3683184782
2 4.5446143004
12 2.2501550024
20 1.9627572252
36 1.9598426259
38 1.7457604576
44 1.7182210731
45 1.7181816524
47 1.7114050963
53 1.6218257289
55 1.5980475473
59 1.5940273396
60 15.9956675487
evaluations raw_y
1 10.2367005642
2 5.9019592287
15 2.1320949312
20 2.1053449104
21 2.0528927875
36 2.0497410884
37 2.0473405549
39 2.0446009382
57 2.0023759350
60 1.9907479883
evaluations raw_y
1 10.2367005642
2 5.9019592287
15 2.1320949312
20 2.1053449104
21 2.0528927875
36 2.0497410884
37 2.0473405549
39 2.0446009382
57 2.0023759350
60 1.9907479883
evaluations raw_y
1 10.2367005642
2 5.9019592287
15 2.1320949312
20 2.1053449104
21 2.0528927875
36 2.0497410884
37 2.0473405549
39 2.0446009382
57 2.0023759350
60 1.9907479883
evaluations raw_y
1 10.2367005642
2 5.9019592287
15 2.1320949312
20 2.1053449104
21 2.0528927875
36 2.0497410884
37 2.0473405549
39 2.0446009382
57 2.0023759350
60 1.9907479883
evaluations raw_y
1 10.2367005642
2 5.9019592287
15 2.1320949312
20 2.1053449104
21 2.0528927875
36 2.0497410884
37 2.0473405549
39 2.0446009382
57 2.0023759350
60 1.9907479883
