evaluations raw_y
1 102.4339252017
3 89.1539061404
4 87.8709712202
8 65.6141450632
20 23.5135789596
24 3.0988442629
28 -0.0000000000
evaluations raw_y
1 102.4339252017
3 89.1539061404
4 87.8709712202
8 65.6141450632
30 62.5715766119
31 44.9762073172
34 35.8382427371
40 27.9459140314
47 22.3713825470
59 18.2421200155
61 16.1494633758
65 14.1779155908
84 12.3980064637
89 10.9334359822
90 10.0645615868
95 6.6279267981
98 2.8699611282
104 1.1050657540
107 -0.0000000000
evaluations raw_y
1 102.4339252017
3 89.1539061404
4 87.8709712202
8 65.6141450632
23 41.1768474203
25 32.0414342111
27 27.2941839949
33 26.2327257457
36 15.9744870614
41 8.4436508494
75 6.1618374481
84 0.0657287466
87 -0.0000000000
evaluations raw_y
1 102.4339252017
3 89.1539061404
4 87.8709712202
8 65.6141450632
27 56.0643664865
29 38.7608367275
30 22.5776028582
31 19.6429124926
32 15.2824234203
60 2.5558776292
62 -0.0000000000
evaluations raw_y
1 102.4339252017
3 89.1539061404
4 87.8709712202
8 65.6141450632
28 38.5480270698
29 35.4863999704
30 31.0873757148
31 17.8538947383
36 17.4321428209
39 13.2385765043
47 9.6672216963
53 -0.0000000000
evaluations raw_y
1 104.5388540496
7 63.9761679281
12 46.7930914752
18 29.5375909707
21 25.4252081817
23 13.6898287544
25 7.5082270399
26 2.1990147514
33 -0.0000000000
evaluations raw_y
1 104.5388540496
7 63.9761679281
12 46.7930914752
33 41.1322411389
34 28.2525597296
35 2.8933132607
43 -0.0000000000
evaluations raw_y
1 104.5388540496
7 63.9761679281
12 46.7930914752
20 40.7159974276
23 30.5434184727
24 29.8918821774
32 20.6254123361
34 16.1463733867
36 13.5596814864
39 6.7559729344
40 6.6560196020
49 -0.0000000000
evaluations raw_y
1 104.5388540496
7 63.9761679281
12 46.7930914752
23 40.6196575564
24 34.0941972952
25 29.1904172070
30 21.4409340874
32 19.3367375028
39 2.1922428898
49 -0.0000000000
evaluations raw_y
1 104.5388540496
7 63.9761679281
12 46.7930914752
24 4.8729047590
40 3.3332894031
45 1.7742300581
46 -0.0000000000
evaluations raw_y
1 156.0981922269
2 110.9416544851
3 103.4274139392
5 84.6210766345
6 76.2826575539
10 34.0861552002
55 12.1719416785
57 9.5187400949
58 9.4801696400
75 -0.0000000000
evaluations raw_y
1 156.0981922269
2 110.9416544851
3 103.4274139392
5 84.6210766345
6 76.2826575539
10 34.0861552002
30 33.8774696371
31 26.4284694502
33 17.3805527454
53 10.1633801680
54 5.4708044651
57 0.4896815694
58 -0.0000000000
evaluations raw_y
1 156.0981922269
2 110.9416544851
3 103.4274139392
5 84.6210766345
6 76.2826575539
10 34.0861552002
26 29.9832291922
27 28.1780989456
29 22.5864224560
31 15.3344855415
38 3.4567792427
50 1.6105861577
62 -0.0000000000
evaluations raw_y
1 156.0981922269
2 110.9416544851
3 103.4274139392
5 84.6210766345
6 76.2826575539
10 34.0861552002
32 20.4464177155
38 7.8905953679
45 1.9500443872
48 -0.0000000000
evaluations raw_y
1 156.0981922269
2 110.9416544851
3 103.4274139392
5 84.6210766345
6 76.2826575539
10 34.0861552002
26 20.9539267460
27 18.1691551564
32 11.4300001226
33 7.9677765260
46 2.5720706995
47 -0.0000000000
evaluations raw_y
1 152.6707823949
2 80.0287934532
5 69.5967433962
7 39.1821924253
21 31.2052711130
22 28.3828032808
35 27.6508692446
36 25.4289914814
41 12.4857359106
42 10.9418961214
48 1.9023857749
49 -0.0000000000
evaluations raw_y
1 152.6707823949
2 80.0287934532
5 69.5967433962
7 39.1821924253
26 29.1174891784
32 16.2307089109
33 15.1435668836
36 0.3260188018
50 -0.0000000000
evaluations raw_y
1 152.6707823949
2 80.0287934532
5 69.5967433962
7 39.1821924253
39 20.8054346379
40 20.8048644214
45 15.9284713268
46 13.8133120150
54 1.3305884902
59 -0.0000000000
evaluations raw_y
1 152.6707823949
2 80.0287934532
5 69.5967433962
7 39.1821924253
18 34.6384420119
19 33.5742477404
28 20.0971284100
29 10.3704393131
35 0.7796899008
39 -0.0000000000
evaluations raw_y
1 152.6707823949
2 80.0287934532
5 69.5967433962
7 39.1821924253
35 36.4653268699
38 19.0348304770
40 13.1956986731
41 11.8386671769
43 8.8477155560
44 2.8213978642
54 -0.0000000000
evaluations raw_y
1 103.5864582475
2 63.2821260859
21 60.4222275341
25 7.5055743599
28 5.1312930170
36 -0.0000000000
evaluations raw_y
1 103.5864582475
2 63.2821260859
21 35.8997067537
28 27.9041266664
35 19.3603346590
41 12.1302280959
42 7.2538992917
43 6.1547998320
50 5.4446164875
56 3.9888752538
59 -0.0000000000
evaluations raw_y
1 103.5864582475
2 63.2821260859
25 32.6271853419
27 21.7412770598
28 16.2742956058
45 11.1693642720
48 7.6248242231
50 -0.0000000000
evaluations raw_y
1 103.5864582475
2 63.2821260859
23 44.2980577303
30 30.2480436602
33 2.7547817334
38 -0.0000000000
evaluations raw_y
1 103.5864582475
2 63.2821260859
21 52.1081998673
23 42.0491370451
25 26.5436388944
26 24.4384710366
28 18.1606576972
30 3.9906042057
31 -0.0000000000
evaluations raw_y
1 177.8444320940
2 77.1804041874
4 74.3929065446
29 54.4155330358
30 27.5622815180
34 27.0767338399
35 5.6918044614
43 4.7338398034
44 0.7078146377
48 -0.0000000000
evaluations raw_y
1 177.8444320940
2 77.1804041874
4 74.3929065446
28 57.6356032851
29 53.6606936921
38 51.6901158274
39 42.1465759180
40 22.8664779512
41 -0.0000000000
evaluations raw_y
1 177.8444320940
2 77.1804041874
4 74.3929065446
20 58.6578620832
21 35.9390018844
22 24.3656950118
24 24.3247243003
31 8.4531405021
35 3.5333081140
39 1.7022052630
40 -0.0000000000
evaluations raw_y
1 177.8444320940
2 77.1804041874
4 74.3929065446
23 40.4024181596
26 39.4995137327
28 37.0609660201
29 13.0391144441
30 3.4234467204
33 0.4401221936
37 -0.0000000000
evaluations raw_y
1 177.8444320940
2 77.1804041874
4 74.3929065446
16 72.6276473078
17 49.1968878648
18 22.4028691544
20 14.9894998299
22 2.5655952895
30 -0.0000000000
evaluations raw_y
1 117.4037460672
2 81.7454598829
10 79.6494806892
12 64.7342714814
20 58.0261666333
22 30.0197757950
24 24.5293578699
33 19.4909872377
36 15.9665273421
38 9.6983438825
39 6.9023630585
42 3.8778624244
43 1.7718993504
46 -0.0000000000
evaluations raw_y
1 117.4037460672
2 81.7454598829
10 79.6494806892
12 64.7342714814
21 61.3173744295
24 50.8491153103
25 47.7305891734
26 44.7287150638
33 42.0494610649
35 23.8025935453
45 7.3903830147
49 -0.0000000000
evaluations raw_y
1 117.4037460672
2 81.7454598829
10 79.6494806892
12 64.7342714814
25 55.8909935603
29 46.6351768905
31 45.1723907848
32 29.0708054779
33 24.8486786201
34 18.5103776926
37 17.0378070433
39 13.0763128191
45 1.8435058361
76 -0.0000000000
evaluations raw_y
1 117.4037460672
2 81.7454598829
10 79.6494806892
12 64.7342714814
23 63.9166987673
24 46.4600648006
26 45.4719468773
30 36.5706294949
38 29.2041173931
44 19.3392008719
45 17.3719720099
47 6.9332888765
49 1.6527950619
50 -0.0000000000
evaluations raw_y
1 117.4037460672
2 81.7454598829
10 79.6494806892
12 64.7342714814
33 44.7923917205
34 33.1977647958
40 28.0009378297
46 2.6145114037
52 -0.0000000000
evaluations raw_y
1 87.9984399670
6 79.1250630608
7 59.6276141536
20 47.9666861385
23 47.1820549610
24 23.9418085908
25 21.8831069739
26 18.2979269903
28 13.6324349529
34 8.2101855933
38 -0.0000000000
evaluations raw_y
1 87.9984399670
6 79.1250630608
7 59.6276141536
20 36.4875807399
23 20.6476278524
25 16.3916760839
28 10.4877822090
31 7.8251165295
32 5.6280251382
34 2.1697306352
35 -0.0000000000
evaluations raw_y
1 87.9984399670
6 79.1250630608
7 59.6276141536
21 57.7061559016
30 32.5128994097
36 29.1947221064
41 28.6452131063
42 16.4165661638
54 12.5564956505
55 11.3947449960
58 7.5414055454
76 4.4638241338
79 -0.0000000000
evaluations raw_y
1 87.9984399670
6 79.1250630608
7 59.6276141536
21 36.2533424362
25 31.4293452371
28 29.2367799997
34 22.2599388091
41 17.6781624226
42 14.3436947374
50 3.0519448820
52 -0.0000000000
evaluations raw_y
1 87.9984399670
6 79.1250630608
7 59.6276141536
24 52.5854492734
26 46.2700684696
27 33.0281860920
34 16.4291564849
36 9.6657828820
37 7.5699027414
42 2.3850946557
46 1.0741188372
48 0.9086408728
58 -0.0000000000
evaluations raw_y
1 142.9717806261
2 42.3798676557
11 29.6256342167
25 21.6404579586
37 20.2074312354
38 16.5888711071
39 10.2618507179
42 5.5941608285
53 4.9080412744
62 0.8916733801
64 -0.0000000000
evaluations raw_y
1 142.9717806261
2 42.3798676557
11 29.6256342167
33 20.2184924897
34 13.8828825218
35 4.2731529566
60 1.9800793832
62 -0.0000000000
evaluations raw_y
1 142.9717806261
2 42.3798676557
11 29.6256342167
29 26.9636981771
33 19.1783645810
38 10.0305383916
40 -0.0000000000
evaluations raw_y
1 142.9717806261
2 42.3798676557
11 29.6256342167
36 27.9113510584
41 26.5955252915
43 14.6361521724
47 4.1855641999
53 -0.0000000000
evaluations raw_y
1 142.9717806261
2 42.3798676557
11 29.6256342167
24 28.3131011584
27 18.3114192281
30 12.2015737473
32 0.3291576132
33 -0.0000000000
evaluations raw_y
1 72.3715613095
14 45.2253734772
23 31.5460859328
26 28.0785776224
37 26.7926368625
38 21.7603175603
41 20.9064340797
43 13.7293913497
47 8.4090859680
49 4.8012788136
51 4.1662597488
53 -0.0000000000
evaluations raw_y
1 72.3715613095
14 45.2253734772
26 19.8789263593
30 4.7842771698
31 4.4084796133
42 -0.0000000000
evaluations raw_y
1 72.3715613095
14 45.2253734772
24 44.4788773902
28 37.4989221141
32 37.1011665913
35 25.8310676938
37 22.9033655171
44 6.8417497979
46 -0.0000000000
evaluations raw_y
1 72.3715613095
14 45.2253734772
28 40.7981724809
31 39.8824434318
35 35.5711588272
39 29.2789802515
41 17.4004684626
46 11.8333620689
48 11.1801785683
50 -0.0000000000
evaluations raw_y
1 72.3715613095
14 45.2253734772
23 20.0251781781
33 17.2424898378
34 14.7783771624
42 8.6678940438
54 -0.0000000000
evaluations raw_y
1 57.5612867351
30 35.4046302286
31 11.3959204743
33 10.9071584730
34 10.8955068663
39 10.8793349472
44 10.7538675347
47 9.8986844486
48 8.7363974290
49 7.8290351112
57 6.0866132530
65 3.6941759244
70 -0.0000000000
evaluations raw_y
1 57.5612867351
22 29.4216851085
24 17.9508142352
28 13.4634949948
29 10.5481335288
40 1.1972844408
50 0.6396867259
53 -0.0000000000
evaluations raw_y
1 57.5612867351
23 37.5533730455
37 23.0356790606
40 9.4299620220
42 5.9255024716
62 1.8624419137
63 -0.0000000000
evaluations raw_y
1 57.5612867351
30 44.7671317177
31 36.4188686188
32 32.5578029390
33 16.2662298820
39 14.4039865588
40 8.3423713972
45 -0.0000000000
evaluations raw_y
1 57.5612867351
24 41.9055638497
28 33.9561635756
33 30.6916570594
34 12.8410012813
35 8.8475407599
37 -0.0000000000
evaluations raw_y
1 140.8047629654
2 136.5442770355
3 130.0685510706
4 101.3749852839
6 98.8366482820
11 78.3918688328
18 74.7179252171
19 35.3868200421
20 33.4736343117
22 26.4522239006
23 20.8138015163
24 16.0053845890
33 16.0017087085
34 12.4987338868
37 10.5141579676
42 5.7394284057
43 1.2418608863
49 -0.0000000000
evaluations raw_y
1 140.8047629654
2 136.5442770355
3 130.0685510706
4 101.3749852839
6 98.8366482820
11 78.3918688328
22 57.0354961553
24 53.3061485965
27 51.4053923559
28 44.6179988885
29 24.8309078209
30 20.0855139573
31 15.3024273558
33 13.0597298543
34 8.4997668930
38 2.0148377281
51 -0.0000000000
evaluations raw_y
1 140.8047629654
2 136.5442770355
3 130.0685510706
4 101.3749852839
6 98.8366482820
11 78.3918688328
22 55.3480845402
24 46.8342311842
27 27.7060829027
29 27.0986325166
31 16.9729361119
32 -0.0000000000
evaluations raw_y
1 140.8047629654
2 136.5442770355
3 130.0685510706
4 101.3749852839
6 98.8366482820
11 78.3918688328
20 72.6484828723
21 49.0419974545
24 29.9584002762
26 13.5377102194
28 10.4053221635
32 6.7008637205
37 -0.0000000000
evaluations raw_y
1 140.8047629654
2 136.5442770355
3 130.0685510706
4 101.3749852839
6 98.8366482820
11 78.3918688328
19 51.8539388396
22 21.8253935762
29 13.4850277713
31 5.7236115435
32 -0.0000000000
evaluations raw_y
1 133.2812485591
2 94.6005164483
7 92.3799123623
9 71.4530416474
33 70.1753950403
35 40.1402191312
41 39.3220258381
44 11.6213709663
46 7.2782298381
56 1.8007259292
63 1.5236083639
67 1.3691787059
69 0.9246677971
70 -0.0000000000
evaluations raw_y
1 133.2812485591
2 94.6005164483
7 92.3799123623
9 71.4530416474
17 68.7657017249
19 52.5698869490
20 52.0377136931
22 41.2560143839
33 20.9929498921
36 12.6260648475
37 5.2148325677
38 -0.0000000000
evaluations raw_y
1 133.2812485591
2 94.6005164483
7 92.3799123623
9 71.4530416474
20 46.9175434134
23 7.9156410191
25 2.9462672069
28 -0.0000000000
evaluations raw_y
1 133.2812485591
2 94.6005164483
7 92.3799123623
9 71.4530416474
32 51.6389184015
37 26.0796799045
40 9.0390628200
41 4.5993298480
45 3.8269493194
52 -0.0000000000
evaluations raw_y
1 133.2812485591
2 94.6005164483
7 92.3799123623
9 71.4530416474
29 60.9496673678
30 36.2546533898
31 25.6790301658
32 17.2941384976
33 7.0916956352
45 5.2087382380
46 2.0232743619
47 1.5769610026
48 -0.0000000000
evaluations raw_y
1 95.3356961805
5 69.1179157125
19 50.2148782920
24 43.0163729967
27 31.2264738167
28 28.9834882912
30 19.8244019337
36 10.6204637917
37 3.6543484631
39 -0.0000000000
evaluations raw_y
1 95.3356961805
5 69.1179157125
22 61.3842844084
28 57.8749636968
34 36.7577836751
35 9.8391961677
40 7.5562577804
44 0.7136308251
50 -0.0000000000
evaluations raw_y
1 95.3356961805
5 69.1179157125
19 55.3693089442
20 35.3587558960
22 33.2687481301
24 15.4595709936
30 13.5076240517
32 0.1376852242
36 0.0578861516
42 -0.0000000000
evaluations raw_y
1 95.3356961805
5 69.1179157125
22 56.4158121695
23 44.4286284236
30 42.4811110262
31 39.1091906167
32 18.9547816609
35 18.5195197881
40 13.2713230402
41 8.6153631018
43 8.3898934673
54 3.0885273030
61 1.3966538363
67 0.6670483377
77 -0.0000000000
evaluations raw_y
1 95.3356961805
5 69.1179157125
24 58.8767329099
25 52.8224513280
28 40.9400852859
38 4.0163373698
40 1.9412536502
47 0.8743428611
74 0.6417122872
75 -0.0000000000
