evaluations raw_y
1 7.3622885619
8 6.2342386362
9 1.6932398549
39 1.6129366032
52 0.0928497252
54 8.5776488362
evaluations raw_y
1 7.3622885619
8 7.3232494466
12 1.8681436862
54 20.0984005678
evaluations raw_y
1 7.3622885619
13 2.0477830971
21 1.9857386022
25 1.6171794705
34 1.3464250225
54 7.4960406962
evaluations raw_y
1 7.3622885619
7 7.2187057721
15 4.8314455229
19 2.0811897693
28 0.5563149541
41 0.4733182339
46 0.1361611347
54 8.0078269223
evaluations raw_y
1 7.3622885619
10 6.4859287159
14 5.4056587706
34 2.2370506589
37 1.9281361619
53 1.6354992375
54 1.6854296088
evaluations raw_y
1 7.8446722482
3 7.5590492010
5 5.5887542760
8 1.9221103320
33 0.5007254858
54 2.1841317293
evaluations raw_y
1 7.8446722482
3 7.5590492010
5 5.5887542760
13 5.4991136038
27 2.1617199768
54 19.8127494506
evaluations raw_y
1 7.8446722482
3 7.5590492010
5 5.5887542760
10 2.9168034474
14 0.1658971096
47 0.1230104327
54 6.6488622299
evaluations raw_y
1 7.8446722482
3 7.5590492010
5 5.5887542760
7 2.5509338811
12 1.6694771822
54 10.3423874267
evaluations raw_y
1 7.8446722482
3 7.5590492010
5 5.5887542760
7 4.7062739847
12 4.5986882324
14 2.0195958720
18 1.4285591756
54 0.4785528304
evaluations raw_y
1 17.7785365014
3 6.7647476379
4 3.2258457277
21 2.7971566013
54 17.1899647578
evaluations raw_y
1 17.7785365014
3 6.7647476379
4 3.2258457277
8 2.0528632999
12 0.2207324688
41 0.0052087407
52 0.0035957239
54 42.1716539292
evaluations raw_y
1 17.7785365014
3 6.7647476379
4 3.2258457277
10 1.8363216635
54 9.0796493309
evaluations raw_y
1 17.7785365014
3 6.7647476379
4 3.2258457277
15 0.0337814188
54 12.5144529411
evaluations raw_y
1 17.7785365014
3 6.7647476379
4 3.2258457277
8 0.1235121271
24 0.0956977378
46 0.0124911893
54 9.0155340477
evaluations raw_y
1 28.9308912609
2 5.4434514985
3 2.6762424793
7 1.7889163903
54 23.5088228646
evaluations raw_y
1 28.9308912609
2 5.4434514985
3 2.6762424793
13 2.1260294500
30 2.0558324738
54 17.4164570114
evaluations raw_y
1 28.9308912609
2 5.4434514985
3 2.6762424793
17 2.1771927037
25 1.8192979818
34 1.4530716740
54 2.0851068258
evaluations raw_y
1 28.9308912609
2 5.4434514985
3 2.6762424793
18 2.0169533344
37 1.5295489290
54 14.2171930770
evaluations raw_y
1 28.9308912609
2 5.4434514985
3 2.6762424793
17 1.9829109888
28 1.9716167344
40 1.3246484786
54 8.1366856821
evaluations raw_y
1 6.6897453292
3 3.3775503472
6 2.1205346878
8 2.0701828484
14 2.0112879598
20 1.5064876547
38 1.4282510857
48 1.3445227359
49 1.3240094114
54 2.0574667161
evaluations raw_y
1 6.6897453292
3 3.3775503472
6 2.1205346878
14 1.9981719206
54 6.4778809829
evaluations raw_y
1 6.6897453292
3 3.3775503472
6 2.1205346878
21 2.0226216805
27 1.1900408713
54 1.5194124998
evaluations raw_y
1 6.6897453292
3 3.3775503472
6 2.1205346878
9 0.0001055271
54 7.2159248694
evaluations raw_y
1 6.6897453292
3 3.3775503472
6 2.1205346878
22 2.1150874558
26 2.0275368611
34 1.4945048357
38 1.4702410935
42 1.2743855732
54 1.6022520415
evaluations raw_y
1 8.1007098810
6 1.9878675969
20 0.5696294798
30 0.3728691552
54 23.9131741514
evaluations raw_y
1 8.1007098810
6 1.9878675969
32 0.2497965672
54 9.3697195755
evaluations raw_y
1 8.1007098810
6 1.9878675969
22 1.9622438953
42 1.9273609797
53 1.7579531495
54 7.2648046504
evaluations raw_y
1 8.1007098810
6 1.9878675969
54 14.8341720947
evaluations raw_y
1 8.1007098810
6 1.9878675969
48 1.8789718773
54 13.0734592468
evaluations raw_y
1 3.0730020518
11 2.6548505134
27 2.5538406062
32 2.1889116508
37 2.0047440581
54 7.3613461974
evaluations raw_y
1 3.0730020518
24 2.1877542069
41 1.6985133790
54 8.1442114160
evaluations raw_y
1 3.0730020518
10 1.6235077737
11 0.0034362567
54 6.9241006536
evaluations raw_y
1 3.0730020518
12 2.2340270554
20 2.1755150270
22 1.7035527638
50 1.0968617606
54 5.6387831097
evaluations raw_y
1 3.0730020518
16 2.4695454547
20 2.0346299099
45 1.0602236734
54 17.1027064496
evaluations raw_y
1 4.3732275653
10 3.7170317628
20 2.1756478999
24 2.0077268405
27 0.1907867728
35 0.1224246435
36 0.1193507111
43 0.0899452181
53 0.0592034333
54 0.9339339950
evaluations raw_y
1 4.3732275653
15 0.0967544308
54 40.1792800159
evaluations raw_y
1 4.3732275653
7 2.2919066935
13 0.0528052096
20 0.0092656330
54 5.6707163719
evaluations raw_y
1 4.3732275653
9 2.3421759610
20 2.2336843215
32 1.2935297759
46 0.0159707438
52 0.0101770889
54 2.4410947635
evaluations raw_y
1 4.3732275653
12 4.3336696556
35 2.0018148432
37 1.9981391631
48 1.9681737070
52 0.0005779901
54 2.5002255741
evaluations raw_y
1 45.9157251609
2 5.4606223484
5 0.8218520468
54 5.2930479783
evaluations raw_y
1 45.9157251609
2 5.4606223484
5 0.8218520468
54 7.8589049954
evaluations raw_y
1 45.9157251609
2 5.4606223484
5 0.8218520468
54 1.8865957052
evaluations raw_y
1 45.9157251609
2 5.4606223484
5 0.8218520468
36 0.4123010544
54 8.9039393672
evaluations raw_y
1 45.9157251609
2 5.4606223484
5 0.8218520468
54 13.1425144450
evaluations raw_y
1 8.0839385469
2 7.4555879063
10 7.4446095950
11 6.2695220844
17 6.0844468533
43 1.5521057398
54 6.5507908513
evaluations raw_y
1 8.0839385469
2 7.4555879063
9 3.0383811767
14 2.4198767082
22 2.1570933907
39 2.1226605617
41 2.0590764499
54 4.2458169027
evaluations raw_y
1 8.0839385469
2 7.4555879063
22 6.2793571184
33 4.3748138443
38 3.7216483921
40 2.6902131975
54 19.6692515233
evaluations raw_y
1 8.0839385469
2 7.4555879063
11 2.0646032972
54 2.2066562790
evaluations raw_y
1 8.0839385469
2 7.4555879063
12 4.8104158253
20 4.7835198423
25 0.1120338787
54 49.0704058651
evaluations raw_y
1 5.4242939869
10 2.5512952607
25 2.1241301809
26 1.9100413662
38 1.8284258860
54 7.2060961321
evaluations raw_y
1 5.4242939869
8 1.5066898681
54 8.1344730540
evaluations raw_y
1 5.4242939869
20 2.9460493058
24 0.2628165409
26 0.0000078939
54 2.3562785448
evaluations raw_y
1 5.4242939869
7 4.5167510805
8 3.2336529035
18 3.0953220920
29 1.9770298116
48 1.8632082172
54 48.1033037080
evaluations raw_y
1 5.4242939869
8 2.1051033889
16 1.0290895167
23 0.1000551010
40 0.0181403986
51 0.0009783638
54 1.0668228101
evaluations raw_y
1 21.8641162968
2 2.4699153287
31 2.4312085063
49 0.3439983537
54 7.9310847436
evaluations raw_y
1 21.8641162968
2 2.4699153287
14 0.4732722851
33 0.0415857814
54 8.3978176174
evaluations raw_y
1 21.8641162968
2 2.4699153287
10 0.7617348545
54 5.2961850474
evaluations raw_y
1 21.8641162968
2 2.4699153287
16 2.0831877531
32 0.4461568117
48 0.0324622507
52 0.0037689139
54 26.6200565515
evaluations raw_y
1 21.8641162968
2 2.4699153287
14 1.9268381516
22 1.8492245334
46 1.2793738048
54 8.6290941047
evaluations raw_y
1 6.3683184782
2 4.5446143004
10 2.5879497303
13 0.4997425759
54 12.7111274379
evaluations raw_y
1 6.3683184782
2 4.5446143004
10 2.5775349706
15 1.0672596667
38 0.9980631852
54 6.2994297117
evaluations raw_y
1 6.3683184782
2 4.5446143004
7 0.7122344481
13 0.0102688427
54 2.3423164808
evaluations raw_y
1 6.3683184782
2 4.5446143004
19 1.2389774050
51 0.9370424232
54 1.9492609045
evaluations raw_y
1 6.3683184782
2 4.5446143004
11 3.5550972404
13 3.1102732622
23 2.4882951375
27 0.7336555051
33 0.2181688881
54 6.0670975795
evaluations raw_y
1 10.2367005642
2 5.9019592287
9 4.3723454214
12 2.3131449766
33 1.9233745442
48 1.4280912616
54 2.1953564263
evaluations raw_y
1 10.2367005642
2 5.9019592287
19 2.1095998307
21 0.7373531611
54 68.0567110998
evaluations raw_y
1 10.2367005642
2 5.9019592287
7 0.0314873049
54 15.5734349613
evaluations raw_y
1 10.2367005642
2 5.9019592287
8 4.1359526201
28 4.0600426137
37 2.9271681065
39 2.0299985336
40 1.7565037595
54 6.4875934002
evaluations raw_y
1 10.2367005642
2 5.9019592287
7 2.7274985567
9 1.9848621120
54 9.3479123885
