evaluations raw_y
1 159235.8067809149
2 79651.8863988428
3 64474.8270491863
4 1799.9974439307
147 876.8765321935
150 2337.0015699224
evaluations raw_y
1 35914.7456775421
2 34957.2779510783
3 28208.0722690693
6 3041.9443966467
10 1374.3853414410
61 448.5258823120
126 122.9992053964
150 1928.5765752410
evaluations raw_y
1 56359.8984490673
2 22815.6415410788
4 13145.8356430053
5 10264.6896489885
6 771.8346715314
57 154.5860265711
127 76.9589009576
150 12546.5847892613
evaluations raw_y
1 94145.1267867051
2 32085.2367007987
3 5384.5651302407
12 974.0235976857
62 515.5822220096
150 182773.8820607491
evaluations raw_y
1 38524.0854923189
2 6983.1752555958
8 1304.6421991438
22 545.1490536380
113 165.0388630715
150 32234.9720224911
evaluations raw_y
1 7651.5691125405
3 3482.6488967654
7 3455.9086446861
46 1713.8253295579
103 194.8022759168
150 46250.3710747602
evaluations raw_y
1 79427.6882962457
2 12616.9102281825
3 8389.2180496197
8 5115.9712348466
17 3941.3967568729
51 1786.2322382486
67 197.4052450542
137 178.9655170961
150 59528.4466101455
evaluations raw_y
1 54740.1037966193
2 33031.4232909752
6 8151.3202084903
7 2784.1124663653
24 1941.2403717106
37 988.0048594636
57 775.1793126786
150 144255.8302557759
evaluations raw_y
1 142457.1263511530
3 47562.0213468018
6 20441.0764313221
7 4702.2006221150
8 3828.1281201769
18 3158.3298552007
46 2516.4829524241
58 224.6520224176
150 14090.3085543714
evaluations raw_y
1 140853.1067753021
2 89437.3869670801
3 17465.6856422988
10 11424.1181857330
17 995.8052164030
136 24.2994953386
150 29829.1119434450
evaluations raw_y
1 90238.6228640320
2 71352.7952928880
4 12532.9403471176
12 4767.7958334712
19 1723.9441597531
41 5.2096076939
150 43997.9647902483
evaluations raw_y
1 212655.4136708682
2 12318.3593291834
19 10966.2823498128
22 10815.4928262535
32 5990.8336827405
40 5921.6728850916
46 58.9635958638
150 7354.7996961837
evaluations raw_y
1 40125.0962868063
2 16602.5635765202
4 3269.4877096095
19 3007.1837677054
21 922.3430457824
98 178.4170991813
150 14373.3609053658
evaluations raw_y
1 65830.9398343124
2 52187.1486700001
3 15191.1798345228
5 13170.3563359593
6 7862.3670239593
7 3491.3846315305
34 2580.3595660235
39 2293.4565593736
111 53.7939256031
150 140887.7810930897
evaluations raw_y
1 60428.1340590043
3 16965.0769641175
6 474.3223956158
28 149.5756734718
100 94.0627274888
150 41161.5654917052
evaluations raw_y
1 78184.6215015621
2 8466.1286833031
3 4835.9134046369
8 1796.1001066501
19 1664.9732653905
67 114.6466115103
150 56620.4417694905
evaluations raw_y
1 157940.8625327885
2 143173.0824930039
3 38210.5815838034
4 35446.4039200249
6 21426.7567877624
7 3854.1662478190
46 1821.7070543628
58 223.7967267344
150 4708.9588209297
evaluations raw_y
1 106819.0700842552
3 36035.9989429002
4 12723.0248204692
11 11791.6458589861
16 1564.3102360770
30 264.5969706530
84 260.3944493966
150 19945.3680722222
evaluations raw_y
1 57542.5573188525
5 37231.1186236932
6 13086.9249217328
16 12569.7492667084
20 6956.1603026586
23 5751.4196426966
33 3493.3878875210
34 897.4929078538
50 375.2662633339
63 14.6411038953
102 3.9140475238
150 122028.4321701358
evaluations raw_y
1 5374.8601522608
7 1739.0261756826
84 1585.1510923166
115 376.2729528661
150 63467.2430444869
evaluations raw_y
1 950.9829146416
51 4.4300950561
150 161362.2768421518
evaluations raw_y
1 53594.1711518617
2 37878.0627264281
3 12389.1225264483
8 9974.7015299455
11 4693.8700260204
17 4.2627327206
150 40801.1970555861
evaluations raw_y
1 63249.3700148727
2 24112.2036545348
7 21367.1721660719
8 19006.7371465166
10 16460.8119290722
25 3236.1719857581
44 718.8418259444
55 62.4158418226
150 57187.2337423096
evaluations raw_y
1 35590.9479531417
3 9138.2982905827
5 7376.7506170097
7 1604.2701114260
66 1448.7652447228
70 1314.7194842885
150 14930.0992204743
evaluations raw_y
1 13166.6640063186
3 8654.4502030150
12 844.8450882935
16 412.4552427334
18 2.6263919648
150 66339.8161545588
evaluations raw_y
1 134547.4107795357
2 19512.6701606775
3 11054.1771661038
6 9328.9179875154
7 3631.8767684850
22 730.6605770113
150 39752.8409395342
evaluations raw_y
1 19817.2192998998
3 3310.8129573317
18 1922.8008929963
45 1308.0532796686
113 578.9391366956
150 28762.3754532873
evaluations raw_y
1 83620.4785465800
3 44805.1435093417
4 30201.2861195097
5 23167.6834968506
7 5355.4764305657
16 6.2145854608
150 46355.2767003721
evaluations raw_y
1 10944.2986513482
11 7780.2488580066
12 2074.9210921690
14 481.0741471113
150 16831.2427101266
evaluations raw_y
1 33729.8191051594
2 23076.5817446660
4 21904.3888019390
5 11483.0869298018
6 2412.7047550008
12 1107.3760198990
150 67937.1311823159
evaluations raw_y
1 111611.2339677855
2 34537.4695904708
5 18915.0998404297
9 16560.5724428442
10 6054.8491954136
17 15.2547148286
63 8.2118054180
150 62145.5972535889
evaluations raw_y
1 77874.8653211335
2 21752.7276500707
4 14478.9159250775
7 11322.0963768835
11 1128.8663178470
24 7.3868334740
150 68247.0972972782
evaluations raw_y
1 183082.6419098393
2 14564.1630330170
3 3134.6296552822
61 4.0888588835
150 30075.1758111967
evaluations raw_y
1 76599.1341774572
3 19806.0799740999
6 10739.4328133818
16 9946.9096864463
18 3990.4783479343
38 2430.8728907377
50 2196.2714526049
52 532.8608829222
95 4.5712841578
150 244830.5959994524
evaluations raw_y
1 74937.0236230339
2 10032.8980989596
5 1581.3230242726
33 834.7877450973
139 282.4259945363
150 62046.1533185418
evaluations raw_y
1 162722.6258649460
2 140683.5157259814
3 39474.0605009804
4 35498.0329211383
6 15358.4294284695
7 3848.0883310472
46 1820.9523458855
58 223.3571346086
150 6582.0513575721
evaluations raw_y
1 64354.3067578016
5 30929.9250869447
6 13086.0452928247
11 11872.7888073347
20 5038.0399716150
33 2587.4112709461
50 377.8126148658
63 305.9742452951
102 4.7311385293
150 126284.1886686639
evaluations raw_y
1 33501.3403158963
4 26720.7753693759
7 17630.1735099196
13 12781.1586420980
16 10020.4316149355
17 8622.7627701059
52 2558.3023526316
135 1337.3121404037
150 7198.6140261078
evaluations raw_y
1 132522.4997572241
2 43442.4056558094
6 4341.1770064665
9 4302.2417007822
26 916.6872343226
95 111.6552498639
124 1.5782083997
150 59139.9747302603
evaluations raw_y
1 59760.3019007136
3 19451.5936285005
5 9200.3774275401
17 2456.5260360061
65 1007.5591368653
134 286.2925335164
150 143168.8184924935
evaluations raw_y
1 19703.1112981161
4 10443.3656441329
6 8538.7652580207
13 5815.5084404463
42 3252.3684180981
44 62.1369644713
150 9998.0792994508
evaluations raw_y
1 232915.4933106988
2 72553.7746398979
3 29502.0425279731
4 10102.3541783872
7 7771.8285142168
12 2312.8454799077
42 105.1220324979
150 31441.4597511046
evaluations raw_y
1 66341.1453346609
2 57626.2477940357
3 47250.4069140169
5 42312.2952094925
6 1830.4599086094
41 235.6551578733
57 213.8557707596
134 3.8073795190
150 6463.7820980034
evaluations raw_y
1 2235.5690061009
80 2089.7640244405
86 705.7916508941
150 13211.4275458176
evaluations raw_y
1 2252.2667714537
32 4.0242246164
150 33002.8566804385
evaluations raw_y
1 72136.8406587825
2 59206.5991840189
3 7673.0504311919
4 6309.3553055842
12 2404.8614338363
26 125.1917894680
150 9665.2070929975
evaluations raw_y
1 28365.2574507485
2 2683.8106435186
13 2428.2711972357
29 1276.2411721035
121 992.2502621882
150 62674.4441358175
evaluations raw_y
1 33729.8191051594
2 23076.5817446660
4 21904.3888019390
5 11483.0869298018
6 2412.7047550008
12 1107.3760198990
150 67937.1311823159
evaluations raw_y
1 18768.1972914743
4 9062.3988171349
11 2452.9021777903
12 1076.4614459598
150 71244.2631127303
evaluations raw_y
1 24536.7157438998
2 13461.5477957685
6 4724.4801669576
8 2195.1767119833
46 788.8769785149
51 4.5465835614
150 20958.7395218082
evaluations raw_y
1 73688.2536391634
3 57991.6920878992
4 44706.2619365064
6 4271.9401486910
11 842.0099049833
26 680.3811492479
42 368.9970619146
150 79467.8647299718
evaluations raw_y
1 53763.5595436206
2 40828.5744408140
3 35531.6466080436
6 6238.3649455458
11 2247.7038952881
35 808.4017883744
107 237.7331516121
110 99.7069523854
150 82117.4831785875
evaluations raw_y
1 121272.4274343460
2 16185.0193278712
4 12160.5436046004
17 1813.7529573334
51 1528.9152941087
83 462.1612653903
108 275.1211300262
150 5504.4611965401
evaluations raw_y
1 3046.5274601729
6 36.5328545952
150 86450.7784803585
evaluations raw_y
1 55805.5151899524
3 31144.7177197369
5 22535.2930607078
21 16952.3861937006
30 16208.5309803375
31 3843.8206552914
49 133.7696816572
150 8.1162462119
evaluations raw_y
1 14366.1394536201
3 596.9711392716
134 50.3546296889
150 183285.7899772489
evaluations raw_y
1 42926.5704727393
3 334.1539855079
87 168.3081184550
150 63268.8939525048
evaluations raw_y
1 2235.5690061009
80 2089.7640244405
86 705.7916508941
150 13211.4275458176
evaluations raw_y
1 53366.1060849378
3 23087.0989895636
17 21287.0734231391
25 3149.9922434088
109 2163.3962226109
115 2159.6772754697
150 88936.9177868323
evaluations raw_y
1 71610.4069324718
4 6548.9895997598
13 251.8275489466
150 67813.5367634084
evaluations raw_y
1 288515.6446575785
2 42599.6915545603
5 14720.2559884030
7 12290.3713427965
16 3689.6776960259
20 2487.0334382589
76 974.2918076226
129 445.6767821656
150 36051.6818945605
evaluations raw_y
1 72143.6937658138
2 10617.4828158952
10 5695.1154734821
17 1337.3499304858
66 401.8154486272
89 99.5257781980
150 34913.4577936703
evaluations raw_y
1 15538.8071069918
2 5126.4910452412
7 1845.4784258418
15 868.9845373721
86 429.7966915185
150 138264.9181472828
evaluations raw_y
1 72405.4940362747
2 1157.8361754123
49 90.4813906290
64 26.2149102531
140 8.0240265326
150 291385.2883911846
evaluations raw_y
1 75105.3332937120
2 14612.9166494279
22 13162.3168887676
27 6661.5876962922
40 4040.1049942223
48 821.0928289631
150 196599.4692674967
evaluations raw_y
1 30807.3578727119
2 6440.5995928142
5 2058.0266336490
15 1902.2738665457
16 428.9171444271
36 4.1602627011
150 99819.3262870277
evaluations raw_y
1 10926.4249358236
6 7030.2535235272
13 5715.5273217720
72 909.9676069161
83 365.9558782870
150 58107.4093036797
evaluations raw_y
1 45913.1247241131
3 19889.0097353321
8 9219.8738113756
13 7680.5008293440
17 3393.9193804236
20 1461.7025073110
28 1017.0441309934
65 5.3181157362
150 116803.4327581507
evaluations raw_y
1 9160.7076711874
14 6790.7081050588
24 2075.3649040073
51 145.6564743202
122 3.5281006307
150 32331.6633299637
evaluations raw_y
1 71979.8244496282
2 11091.9648050724
8 8693.8981384940
24 6620.1851297160
33 3867.8052579631
43 1331.5727999392
53 181.4710169374
150 109745.9880566992
