evaluations raw_y
1 41410882.4135989100
3 9396323.2029055599
5 1523649.4609042497
10 1215589.9198097957
20 560839.4320030620
55 520585.3817904879
116 252814.7689884912
187 60368.0904946194
290 634663.2380144408
evaluations raw_y
1 33198382.1566547118
2 8267057.0168490037
4 4088786.5655506868
11 2543892.1492047086
19 611747.8894777716
25 410839.9628641077
30 207892.2980337287
46 184912.8039567567
99 99706.4294330898
228 70837.3880567931
242 48938.0978961812
290 238819.5836217068
evaluations raw_y
1 52276281.3520860001
2 2739611.0008013244
8 1645822.0248200183
13 811513.4378794591
60 230988.6756132353
290 527184.5119489322
evaluations raw_y
1 70392329.4665766656
2 17752566.2135925479
3 2752419.6528985831
20 1641597.5343125665
21 1172108.2709382598
22 1137452.6429862264
24 958290.5558794984
31 847721.4989583506
35 702891.8434515626
40 664926.6938993341
43 138138.3532616394
200 100157.7604406799
267 79573.5964007987
290 575821.1228735491
evaluations raw_y
1 20847129.1388212852
2 16947508.7660565153
5 15687330.8224190660
6 1467926.3864291525
15 795763.3936793442
28 791872.7066992068
43 777581.1647881772
73 758286.5267828059
76 485556.8720851525
107 365438.3819982698
137 284543.6877769600
176 273120.4106973370
190 260350.1142800672
206 83405.2047880379
290 2412224.3608077387
evaluations raw_y
1 21998594.4599862695
2 14214170.0981415324
3 5815368.1308404673
4 2866505.5273528285
12 2514839.5730525828
13 2122623.6600908278
14 1570622.0714995493
24 711815.2238382981
35 339139.3335385397
51 325866.0079415987
74 234372.5667100676
89 201480.8362219761
102 113297.4653367195
195 93184.5556080849
208 76496.4109455663
216 44082.9436531029
284 38107.7409115327
290 49468.7464270368
evaluations raw_y
1 12579521.2817093227
2 4896125.1727028275
10 999993.0739597956
22 913692.7553556007
29 738987.3108194607
46 546466.0308846512
53 326426.4375595605
77 267104.3552052536
93 147912.9007809573
97 123876.7088243244
101 103875.1565010614
171 86997.8998528447
196 70736.0074785866
198 41563.5572351544
251 33837.4816707930
280 31476.5911332856
290 26339.6256970495
evaluations raw_y
1 9453127.0391132962
2 8248041.2652882272
5 5569625.7908291956
6 5443203.6213842584
7 1388521.9197467598
11 1139723.2668120139
73 537473.4139681342
103 326986.1085282381
123 84794.9712240809
191 29852.4789465980
290 606000.9468448762
evaluations raw_y
1 1202824.8184161787
65 938441.1402798641
71 544283.2073993381
78 172562.6489884297
108 68825.5484828387
163 32599.1940712141
218 28778.9725880882
235 25098.6669405377
265 16678.9979474802
290 40271.2035644184
evaluations raw_y
1 28356397.2884022184
2 1378306.1209218565
11 1310720.3808214888
30 788585.7258702560
41 89318.8069978328
131 77703.1324117204
253 63517.8928748026
257 44263.1249383357
285 39867.4346739915
290 46019.9678255268
evaluations raw_y
1 5592365.9981079632
2 2853026.0441362406
5 1657016.5811717990
6 1385235.6994811741
22 1349422.7939323941
26 1168853.7324616497
35 530154.5766507292
42 277972.1955047919
93 276902.4668148434
126 222172.7519763529
195 143346.5943388301
276 98798.5188997569
290 237629.0509256994
evaluations raw_y
1 5011736.3675816115
4 4171631.9471799317
9 3276079.1779441326
15 1916408.1559262769
31 1899327.0438187965
39 398848.0014747039
60 227937.8113014899
156 97224.4071505146
187 63078.8062742839
205 52299.6637511971
290 571785.3099977400
evaluations raw_y
1 1594249.6569633821
3 833092.1946346909
13 467030.2878554517
22 379861.8268087672
36 118966.0072168618
53 63607.5230599674
190 43104.3491239179
229 29416.3564394482
268 26656.8556271454
270 23643.1740733241
277 12725.7721058441
290 104181.1618655220
evaluations raw_y
1 7672267.8851259062
4 3363982.6822755425
15 1199762.0063387086
25 702017.0594738772
28 344353.5469711949
84 52300.4317876428
290 365642.4128327460
evaluations raw_y
1 12463918.4977207463
2 620024.5140536120
24 467905.8921220565
87 400105.3074910326
115 258072.9139639496
206 184145.9291333572
273 108686.9453232584
290 516981.7421297044
evaluations raw_y
1 58964564.0284189433
2 35494227.0468056574
3 14636588.1585567612
5 13307155.3736527022
7 9302636.4104354829
10 5578451.4340265105
12 2525865.6968601523
20 1116007.4977318284
35 721023.1964485664
52 625072.2372095801
56 263000.4511463354
63 65649.2621840214
205 52912.6467258382
290 121613.1839837217
evaluations raw_y
1 462445.7659294379
46 376723.4095707107
96 361313.8905525953
105 240840.8207214907
119 66169.0355561944
290 127052.1576544825
evaluations raw_y
1 48023044.3389935419
3 10740192.4065181017
6 4893773.8769622669
7 3442330.4120248919
9 2315823.1006901558
25 1560798.6077351538
26 1464304.2686163038
31 588465.6537704017
71 245806.5823503183
98 224676.6264698560
134 217436.2472754955
290 746680.9504574327
evaluations raw_y
1 9685127.1161568817
3 508878.2248049199
122 454017.8117685383
173 419010.9612847081
202 296681.9813959084
217 265628.6565543641
225 254684.1520975149
227 227869.8526797742
237 218506.5477925451
257 178242.0875807995
290 245119.4880158606
evaluations raw_y
1 17443073.8891472854
2 7170887.6385668227
11 592789.9523915753
22 460351.5192946118
29 167738.0431371476
85 56230.5490915675
290 415300.3131668586
evaluations raw_y
1 2537305.5506938524
2 1896954.3450097484
8 151207.6199105245
290 3397012.9170863554
evaluations raw_y
1 2877047.7621288057
4 2440225.6860804739
5 2367745.9078645660
6 2181654.2565105050
12 980625.0347491794
24 886001.6203849536
32 717888.6483703140
38 647480.0589596730
43 406717.4825683894
58 358346.1209946617
62 72430.9032167456
194 59932.6726574815
198 55643.1670777227
208 23516.9654875873
290 48584.7425790404
evaluations raw_y
1 2527172.6241731420
6 2426089.8398012868
14 1804176.7293509699
25 1617472.5480143069
27 1370235.9406671212
32 1189462.6673974555
35 479154.9756078265
51 257179.6364638465
116 169376.8557788456
153 142434.4211200629
166 95881.4658790889
273 91636.1327341298
275 72940.6116714604
277 52647.6459167514
287 45090.3872515713
290 494810.6582755130
evaluations raw_y
1 1292900.8286207551
7 608553.6974246153
42 378656.8604891687
89 63493.3171480568
182 62326.0302468039
290 247706.4658234943
evaluations raw_y
1 2364736.9600336091
9 1987720.8256419117
15 1539975.1435429591
16 1087969.3589444098
35 700893.1657255417
69 683466.4414325431
77 315579.9082605212
97 180772.2624970859
128 114896.8201094963
163 72465.6388307719
205 40004.1148179816
255 39391.5347115496
261 33370.9710529147
290 50925.0530838025
evaluations raw_y
1 40259953.4636179656
3 6245869.6908991067
15 3898803.0217665955
17 3211190.4878764544
20 1853010.6262185252
25 275733.1637807910
46 166734.1528931100
83 117168.2199030270
162 101563.3810746113
191 85505.3697329070
192 62132.8481521105
209 45439.4320119232
226 38095.7931330212
232 29882.1518075771
290 588266.0454886575
evaluations raw_y
1 40232546.7361484095
2 5928654.5380664831
12 3087131.6348002348
16 2215311.2097697952
25 1186941.2508728690
28 993136.3952650729
37 662898.0188453214
43 657200.4694897734
65 230337.1749878147
135 161853.2999919235
141 134626.3045853575
163 115107.9904354600
198 83131.6425624698
219 76812.1659853240
264 27461.3103189402
267 23228.6689545225
282 13244.6130373189
290 47613.8434122622
evaluations raw_y
1 14793250.4433093537
6 13406813.5999644231
9 10511452.4202329908
11 9428659.1823553462
12 4923295.2875254713
15 3687334.9758069175
19 2108879.2451443756
22 661375.7592383872
44 658422.0978240906
70 636314.2122942911
74 384677.8846301630
80 337185.0031371581
105 216506.0861305805
113 215737.9115766969
134 215504.6096407276
138 145824.2238148158
141 96498.9650461708
199 80417.2679474313
241 68428.1536782670
255 35588.3900540490
290 300369.7646862029
evaluations raw_y
1 12202057.9037028421
3 4794602.1435902305
11 1444427.7366432515
20 1440275.8464696619
21 746716.0509889222
27 223728.6964351501
105 191583.9333374244
153 133228.1223621136
190 103528.1654883335
220 59225.9469378632
238 52417.4670086292
290 332859.9891287836
evaluations raw_y
1 21023421.6757172905
2 7621801.0870828470
3 4395818.6836031601
5 1013967.7765296547
11 922625.1876133591
18 741490.5495222824
30 365391.5434416541
42 305654.9015198228
130 212673.9034819853
175 80504.0350086400
242 50796.4500282545
248 26506.2130888815
290 577408.9665724824
evaluations raw_y
1 2601733.2915406055
6 2386228.4792522057
17 1294277.0489888336
22 452511.2894942893
75 126602.4650387608
128 84632.1385046380
227 65433.1053981122
290 412680.2449295468
evaluations raw_y
1 10621538.8132164814
2 3370532.1611118582
6 2337634.4781667241
10 2302429.7097407705
48 1207746.4926731719
63 1157609.6046611026
65 584028.4815862258
69 575730.5557589279
76 267455.4659103900
87 257756.7898464045
102 206150.5630037522
163 125347.6416992706
207 124354.1780997967
275 108046.1028003935
281 81087.6702976770
290 122443.3041538565
evaluations raw_y
1 3883779.8839047551
6 3730179.3046561680
10 3582785.5832896074
12 3484306.0970455208
13 1597363.1364928521
16 598745.8803904051
53 488214.7117127736
84 177726.7971478373
109 154896.6563297868
161 105845.4960733627
189 82030.7386434901
258 72916.6928345529
290 99406.0540750415
evaluations raw_y
1 11052663.7874938473
2 6040648.0690594856
3 5911275.9183013048
4 983263.1477387499
36 550735.8288092491
51 184623.0722779299
141 155737.5892467817
174 128388.6673192737
208 104753.1431056128
215 93539.6874381139
244 86716.5259683739
262 78246.3991865456
280 59450.3479316584
290 238501.6896278198
evaluations raw_y
1 12478342.1079005096
2 3494959.4509790987
5 1479364.1545871159
21 1154150.9799819901
32 545642.5777085024
51 375582.0100938749
71 371117.2982732500
82 369252.1072902051
86 42879.0659347311
290 318124.3849981186
evaluations raw_y
1 27031726.5788294710
2 18509459.5596911907
3 5076359.2254333319
4 4668996.2394499797
8 3264852.1343901879
10 3082878.1083966508
11 2735831.0081771584
15 2619632.0401660041
17 1630934.1914092826
18 1060235.7346954492
20 532380.1808830117
54 250934.9326455120
205 198708.4366170416
223 184231.7868308357
226 76219.1459715412
290 156647.2860655445
evaluations raw_y
1 2038421.8290021445
11 1217948.2533092466
28 1069479.9011054328
38 718325.2836542712
89 299687.4177050584
196 129858.8167813836
290 838487.8894491300
evaluations raw_y
1 17999163.0590737611
3 5380304.9439649982
4 4293529.8174176216
7 3583910.4406406782
13 3012307.2994352323
14 773004.2835581708
24 371457.2769588727
45 235851.4650006450
144 121487.6028959595
290 538593.3044786112
evaluations raw_y
1 5382205.7178626778
2 2885112.3024405022
12 1586431.6129041580
24 1010725.2787191333
38 481755.4134030238
55 188864.0794792699
84 116423.9426944683
261 98269.3340661539
280 93695.2465258121
283 71777.2940560676
290 416504.1914918353
evaluations raw_y
1 15445311.8445496652
3 4386946.1354835387
13 3479941.4323752602
15 1412843.2519988611
23 596578.1004958076
28 363232.0211950425
35 245610.0570103836
46 153247.8926767487
132 137769.9956779916
154 94647.1495255511
216 89257.2765053863
261 72371.1678440428
290 422467.6368130868
evaluations raw_y
1 20476765.5629930496
2 5055931.4292868655
9 4228323.5684455968
12 3285685.3007074487
13 1691426.9280404446
24 573286.9044413595
56 374946.9650106100
157 265024.8483953185
185 176891.3755380500
229 158764.3389360508
242 97526.2801634713
262 93507.6323257556
288 74231.1791530597
290 438551.8801880226
evaluations raw_y
1 30222287.8325166442
2 1294392.4808102350
4 1170169.2162877810
5 877949.9338512216
11 794999.8605353062
12 307972.9766052524
20 175436.9408850555
38 122035.6698251222
150 87911.5779965937
184 59201.8321923937
192 46709.8775192329
240 45251.0073013436
286 13417.4542765535
290 1964443.5288088366
evaluations raw_y
1 7741862.2593758637
2 1763511.6550016217
6 438197.7197060490
36 255083.0441697003
64 65484.1190859481
142 52832.0069036957
156 49847.5552564485
230 41532.8708374598
249 34443.1106649505
290 270145.7008053162
evaluations raw_y
1 4409545.6403744165
6 3263467.6798617588
8 1914830.7108893592
10 193279.1790624525
136 174860.6862568532
141 52152.0300523782
210 40250.6870229356
290 104726.1625654679
evaluations raw_y
1 3260561.9346829308
3 3002534.3408345771
4 2170994.7162779588
6 297876.3977767322
26 68189.5100719736
104 51892.3938684638
138 46190.1980748057
153 27373.9878742862
191 23441.0053734501
282 15777.7895264206
285 10682.2752024752
290 177579.2325872341
evaluations raw_y
1 3356293.4375303336
4 2394013.8618004229
6 173547.1300628563
142 112662.2717291739
168 50300.3043887273
208 34356.6301123087
238 32597.3199182490
259 28801.9821224501
272 16680.3182417729
285 7489.2488128208
290 165423.2382487148
evaluations raw_y
1 1088002.2140638435
2 367453.6173813263
10 88078.4341060370
13 74911.6441598881
195 58014.8330755199
276 54270.1897750157
284 52153.0289858709
290 234867.5506801395
evaluations raw_y
1 23604754.6461260393
2 226777.4662329045
15 41030.3404583694
267 17066.1433390070
290 111288.9121618647
evaluations raw_y
1 320786.2667754714
35 248764.3520809546
54 111662.6141532154
89 88890.4938506149
97 15187.3652629474
290 44260.6450656033
evaluations raw_y
1 7133538.7106224652
2 2160309.3017061935
9 525599.8203215030
26 217536.5730537362
28 153760.6882402964
99 149317.0561948963
125 51155.9290536186
141 27077.7214253197
171 13581.2181780385
210 12618.4151950663
290 158056.4303255935
evaluations raw_y
1 9460537.3958873041
5 6353854.2115690541
12 3715207.0519351391
13 2244258.1520118965
15 273167.3477651871
177 232398.5982920783
178 74972.9869853033
281 50197.3018982407
290 196291.0966847335
evaluations raw_y
1 7694176.3311422085
10 7218735.3217106322
11 4153793.2437278843
14 2950213.8809340633
25 1103361.1758027289
34 851402.7666806148
41 499139.5859777413
56 335553.7041162322
110 313265.6022156852
115 246980.2494802446
175 129733.3610533956
290 320345.0873385263
evaluations raw_y
1 21335539.5728954040
2 12522568.1295175608
3 6410771.3357266756
9 4059201.7680693255
32 3773034.4376068166
33 3508841.5968859969
48 1203253.7401834161
57 633409.5014540263
142 570099.0063752593
144 204849.8584371250
201 193316.3541396387
285 157458.9638418438
290 1040408.5921662807
evaluations raw_y
1 20691560.7940931171
3 14926748.7775484584
5 8166415.5216218932
9 6683000.6270980118
15 4852016.3134927684
21 1222312.6393418536
39 894154.1019746209
42 539776.2866403235
61 464692.2673228881
117 277780.5287762723
121 259091.5379559802
125 175333.1714055826
134 141549.6418819105
149 117473.5231973843
206 93662.2144043500
209 80505.3805009910
217 73204.1049883114
246 60007.9358161404
280 49882.1014902467
290 639411.1949975472
evaluations raw_y
1 29966545.8943366371
3 5064490.1157502839
20 4906699.2853050334
22 842196.8985464944
31 708689.2622451918
37 667449.5067956396
39 631511.1754994539
40 624578.3517941110
67 245022.8767707641
77 141854.5595781134
87 99600.1243369382
101 86021.0893746944
150 69723.6842848043
178 65462.0820129099
225 42258.5075210858
240 36159.5433171600
271 20448.5637780694
290 31848.0466238766
evaluations raw_y
1 21664135.1560825333
2 2220070.7037011082
16 390034.5121991928
98 327853.0989947196
107 180133.7993122514
195 139379.3074127610
204 110436.8856421002
233 66487.5201844662
290 115694.8551826786
evaluations raw_y
1 21148682.5913304351
2 14812101.9342211690
3 10838673.7184271365
11 2196404.0184746007
12 1161467.5063554347
22 884210.0589603814
26 395657.4592650905
238 370875.3007455858
246 200153.8663869808
248 176865.1626987687
253 165705.1931411029
290 406486.2937812623
evaluations raw_y
1 31692622.6190167889
2 6417142.8555298122
17 2417423.9587652017
22 1344970.0307956061
31 723137.6239674136
36 534890.8500743916
43 530238.2618643438
44 273164.9869576545
51 77201.4931444299
290 508552.0420260287
evaluations raw_y
1 46291733.0024424046
2 44075995.9238168597
3 27865418.4032176882
4 9141132.3261626195
5 4496744.0904091233
11 3206226.0737401289
14 1177647.4672349966
47 425226.7858132246
53 322136.1212688335
90 143006.8152600506
207 90190.7833551346
265 76850.4699258268
276 65810.1558811755
288 46183.4357255930
290 701071.4001673217
evaluations raw_y
1 28581982.1777605675
2 4207852.3774789963
11 2561661.7724013273
13 1431389.3717096732
25 432193.4808669416
42 400908.0371600836
81 328156.5421901905
102 254873.1076445672
136 254126.1152417164
138 252178.7773691668
141 133166.0356469997
184 79193.6232840203
233 68527.5881459645
287 66330.0975743524
290 201261.5447481605
evaluations raw_y
1 8612135.3497092687
2 3515500.5916402312
10 2842153.7498445469
13 2023764.6576680695
15 722043.1570728478
32 295401.2126112338
139 202127.6534053426
143 165906.5457819113
173 109587.1873874943
273 104918.5557687166
277 103102.7622228963
290 297735.9960247608
evaluations raw_y
1 21431921.6266390346
4 3954487.6770354030
11 3755100.0693719890
12 894792.7548990215
18 500922.4789802478
20 325572.5942855445
40 141611.4596823371
210 136885.1916174703
217 88582.6643183214
253 64609.9778580683
290 730210.5418386986
evaluations raw_y
1 8106523.5904702628
4 6408767.5780901164
6 6232612.6295917155
11 1889128.9169819287
28 1306781.0159973640
31 272873.2382113020
60 99850.9097837337
121 85430.7936970809
252 84742.3491029674
281 49158.6708344902
290 280837.8967432354
evaluations raw_y
1 29951113.0271437988
4 20706475.4168892838
5 1275389.0623187374
20 483001.4126385504
42 420080.8632394821
46 303452.2573668362
107 160901.0596398901
119 157467.9302733777
151 144870.0369947401
161 140765.4789544932
163 54585.0429711446
224 40954.8921130387
247 36095.2855937751
261 33546.2775369802
277 26930.8587784037
290 319272.3287679338
evaluations raw_y
1 59102542.9625344947
2 8934975.7908105962
3 6069156.5587045737
12 1894378.3673528784
20 618366.9889818977
27 92094.5878419853
82 49324.3120268643
224 25741.6145636586
272 16970.6080567899
290 33354.3603965917
evaluations raw_y
1 78643516.9204870462
2 24725017.3078067079
4 19283544.9911285490
8 18569167.4499069266
12 15020189.7814116161
13 14314302.5897516664
17 12034659.1786910985
19 797067.7819370310
37 709183.7196972893
43 702799.5095667320
63 517699.5009253235
76 340943.3305677792
148 188983.5402855417
160 137684.6757676964
170 132944.6196239383
240 111012.0680288248
272 101144.7621597500
275 91135.3409198779
290 183961.5859024633
evaluations raw_y
1 27994648.4575294703
2 26154222.3898959197
3 26025145.6504653618
7 8967816.2937191557
12 498157.5332167543
19 104231.9916857862
290 353981.2723557903
evaluations raw_y
1 12057769.0302411281
9 8676303.0193251017
13 6164460.6169349216
23 1693652.2728152359
54 865102.2676342961
72 553929.0687789230
87 372764.2956938711
172 348655.6229204629
183 323356.7741475448
184 316699.7432669715
191 122571.6513414350
290 285882.7651111962
evaluations raw_y
1 8746515.4368040729
11 1694794.0739366300
21 858913.5559001107
25 529392.9857804414
46 357391.4519006134
95 248207.8531190238
196 211536.8018800636
228 60701.0771812407
264 52741.0257156392
290 442000.8707885751
evaluations raw_y
1 59575763.8093246818
3 37109619.9576276392
5 15409224.0959258918
7 14199376.5484891385
15 12203490.5326934922
20 12082880.2845053021
21 7611980.0730973454
22 6312920.7067819620
25 3934626.3129655877
31 3814607.4825303098
34 1295103.7030334817
43 627605.0682787406
72 477659.1813992153
107 178044.9490401609
119 134002.9583970733
165 109642.4188057257
210 88166.0052524871
273 86398.2628643407
290 308961.0167253232
