evaluations raw_y
1 7995.4370802679
2 1027.9150500709
3 28.1336791812
7 4.2535772193
10 4.1205782694
16 3.7224502599
17 2.7692685168
42 2.7132878912
54 4.6104941283
evaluations raw_y
1 7995.4370802679
2 1027.9150500709
3 28.1336791812
15 15.3804439562
19 3.7549543750
45 3.6275558232
46 0.3911127964
54 3.6538287071
evaluations raw_y
1 7995.4370802679
2 1027.9150500709
3 28.1336791812
8 5.4862942720
12 3.1306059097
16 2.9246800425
48 2.7148614471
54 6.7683514326
evaluations raw_y
1 7995.4370802679
2 1027.9150500709
3 28.1336791812
7 6.7839122393
13 2.4169892245
47 1.7982049571
54 64.5695588039
evaluations raw_y
1 7995.4370802679
2 1027.9150500709
3 28.1336791812
7 4.2846760902
20 3.8407816644
31 2.9315995147
50 1.6419603618
54 3.2947733194
evaluations raw_y
1 21969.0009247307
2 2544.8687636496
5 4.9593898824
27 3.4986749007
30 3.1643216750
37 1.5515629680
54 496.8368138210
evaluations raw_y
1 21969.0009247307
2 2544.8687636496
5 4.9593898824
7 4.3385667370
25 4.2339365966
26 3.0034627532
44 1.6988197682
54 2.8482430829
evaluations raw_y
1 21969.0009247307
2 2544.8687636496
5 4.9593898824
30 0.7419269000
54 3.9775267815
evaluations raw_y
1 21969.0009247307
2 2544.8687636496
5 4.9593898824
7 4.5834642893
9 1.4651363400
54 35.3861040578
evaluations raw_y
1 21969.0009247307
2 2544.8687636496
5 4.9593898824
24 3.9727552880
25 3.1334406652
34 2.5696974688
52 2.5311576058
54 2.8457908222
evaluations raw_y
1 50686.3129328855
2 24233.3484650479
4 23899.0409454705
6 8463.0270321248
8 2821.4447713104
10 2045.1631387966
15 584.6981249029
19 3.0970670593
31 2.7338905043
51 2.6468169223
54 1.5533895998
evaluations raw_y
1 50686.3129328855
2 24233.3484650479
4 23899.0409454705
6 8463.0270321248
8 3.9411438067
9 2.3529428425
54 5.3223163921
evaluations raw_y
1 50686.3129328855
2 24233.3484650479
4 23899.0409454705
6 8463.0270321248
8 1901.6228209770
16 2.2811809456
54 3780.9786072507
evaluations raw_y
1 50686.3129328855
2 24233.3484650479
4 23899.0409454705
6 8463.0270321248
7 1747.8220258801
8 606.9220087869
9 4.9020758922
14 2.7108070901
26 1.4363209064
54 2155.1287298452
evaluations raw_y
1 50686.3129328855
2 24233.3484650479
4 23899.0409454705
6 8463.0270321248
7 7148.0304733640
8 1172.7612927996
10 753.0020783345
18 4.4644765556
20 2.0557139010
54 8.8387480564
evaluations raw_y
1 92885.2423295743
2 11173.7607708803
3 2.3929889848
25 2.3229637818
54 4.1648639677
evaluations raw_y
1 92885.2423295743
2 11173.7607708803
3 2.3929889848
54 167.4688412228
evaluations raw_y
1 92885.2423295743
2 11173.7607708803
3 2.3929889848
18 1.1412942548
54 135.3767777018
evaluations raw_y
1 92885.2423295743
2 11173.7607708803
3 2.3929889848
22 1.5247940935
54 3.6364792626
evaluations raw_y
1 92885.2423295743
2 11173.7607708803
3 2.3929889848
22 2.2013098331
47 0.5789875804
54 4.4166314856
evaluations raw_y
1 956.2842732092
4 4.2569969296
7 1.8474152113
54 4.0932734612
evaluations raw_y
1 956.2842732092
4 4.2569969296
19 2.3172804387
52 2.1962696562
53 2.1060740872
54 79.1814964774
evaluations raw_y
1 956.2842732092
4 4.2569969296
9 2.7507588802
27 1.4732231820
54 3.2527365169
evaluations raw_y
1 956.2842732092
4 4.2569969296
10 2.2699653823
54 1.7956247201
evaluations raw_y
1 956.2842732092
4 4.2569969296
18 4.2051074162
19 1.4664767912
54 8.6770560058
evaluations raw_y
1 117953.1473257415
2 1350.9044422520
4 23.9707469530
36 4.9334955607
40 3.9612793842
46 2.8057273868
49 2.0848167209
54 7.9651118129
evaluations raw_y
1 117953.1473257415
2 1350.9044422520
4 23.9707469530
9 3.7799122186
16 3.6245505334
23 1.9095680414
41 1.7173405823
54 3.7557694415
evaluations raw_y
1 117953.1473257415
2 1350.9044422520
4 23.9707469530
18 5.6102970477
37 5.2899034710
39 5.2802970914
46 4.6183635701
47 2.6286855834
50 2.4423687317
54 8.3476526922
evaluations raw_y
1 117953.1473257415
2 1350.9044422520
4 23.9707469530
7 4.1969094337
20 2.7520762108
22 2.5859822503
54 504.7185704536
evaluations raw_y
1 117953.1473257415
2 1350.9044422520
4 23.9707469530
24 4.9946824725
44 4.1131624638
46 2.9349975389
54 2709.1474337555
evaluations raw_y
1 114.1942695211
14 20.6724791186
18 4.0233964874
26 1.7984249622
54 309.9683061197
evaluations raw_y
1 114.1942695211
7 5.9752393000
14 5.0844970255
15 4.1510331683
18 1.2177945856
54 5.8658489626
evaluations raw_y
1 114.1942695211
16 5.8958497868
17 3.0119448507
22 2.7367432542
40 1.8789197381
54 4445.7044345823
evaluations raw_y
1 114.1942695211
9 2.6159208399
22 2.5710922719
54 3.9094985675
evaluations raw_y
1 114.1942695211
10 5.0057232597
15 3.6943057444
32 1.8007297881
54 350.9882314857
evaluations raw_y
1 27091.7641792613
2 1567.8216029440
3 779.6438906207
8 470.5009772168
11 255.0467643727
14 119.0871260507
21 5.3137921706
24 1.6253746835
54 6.6688077562
evaluations raw_y
1 27091.7641792613
2 1567.8216029440
3 779.6438906207
18 78.2623661584
19 2.7877565859
20 2.6240538360
54 4.3784216747
evaluations raw_y
1 27091.7641792613
2 1567.8216029440
3 779.6438906207
9 4.9032514428
15 1.8124687735
54 3.3438563530
evaluations raw_y
1 27091.7641792613
2 1567.8216029440
3 779.6438906207
7 10.9844986847
16 3.6345514600
26 3.4431172437
30 2.8096909274
43 2.6554624969
54 3.5618636187
evaluations raw_y
1 27091.7641792613
2 1567.8216029440
3 779.6438906207
10 22.9937322048
12 13.0832472389
16 4.3786974611
32 3.3262818518
33 1.7300854489
54 3.8108995615
evaluations raw_y
1 41184.4849167198
2 3380.6675579248
3 2340.9545779281
4 231.9892243567
8 3.9783990882
15 2.3352723806
45 1.6904725653
54 4.2130963600
evaluations raw_y
1 41184.4849167198
2 3380.6675579248
3 2340.9545779281
4 231.9892243567
16 5.1320852297
19 3.9443648357
31 0.6998029537
54 3.9140092552
evaluations raw_y
1 41184.4849167198
2 3380.6675579248
3 2340.9545779281
4 231.9892243567
13 2.3238370023
28 1.3032674704
54 97.3334802020
evaluations raw_y
1 41184.4849167198
2 3380.6675579248
3 2340.9545779281
4 231.9892243567
8 4.6174724299
9 4.5856379884
19 3.0779223917
31 2.8534750678
53 2.2019580403
54 5.5005039126
evaluations raw_y
1 41184.4849167198
2 3380.6675579248
3 2340.9545779281
4 231.9892243567
8 73.6613601640
14 0.3360434291
54 4.3149973196
evaluations raw_y
1 4.6698889641
8 1.8175028339
28 0.0750210512
54 3.5747046193
evaluations raw_y
1 4.6698889641
10 3.2247155845
48 2.9795835184
54 5.8158691212
evaluations raw_y
1 4.6698889641
14 2.6571963208
20 1.2881201082
54 4.5264836772
evaluations raw_y
1 4.6698889641
15 3.2039997119
22 3.0059118673
26 2.6223611030
30 2.1779866939
35 2.0394310203
54 261.3363129358
evaluations raw_y
1 4.6698889641
8 3.9529685701
17 3.4351783624
31 2.1715406865
54 3.8201995207
evaluations raw_y
1 55448.6131340466
2 1379.5529620277
3 341.7403312127
6 132.0970320659
17 5.4403242763
19 4.2192643347
23 4.1618132214
24 2.3848972577
54 807.0953856485
evaluations raw_y
1 55448.6131340466
2 1379.5529620277
3 341.7403312127
6 132.0970320659
9 6.9122124877
19 4.6519672852
26 2.5711126352
54 276.9031795358
evaluations raw_y
1 55448.6131340466
2 1379.5529620277
3 341.7403312127
6 132.0970320659
9 2.4975773715
33 2.4799060680
46 2.1355214428
54 2.2044819323
evaluations raw_y
1 55448.6131340466
2 1379.5529620277
3 341.7403312127
6 132.0970320659
9 115.8136610591
11 5.5650104324
22 3.9060273623
27 1.9135135706
54 4.0678372764
evaluations raw_y
1 55448.6131340466
2 1379.5529620277
3 341.7403312127
6 132.0970320659
14 4.9448599873
17 4.2615583231
20 3.3776448232
28 1.8246972968
54 16.7114958302
evaluations raw_y
1 3486.0197605917
2 2.5889645281
45 2.5010985061
54 4.2775198290
evaluations raw_y
1 3486.0197605917
2 2.5889645281
44 2.4624155660
51 2.1054910760
54 14.3841922931
evaluations raw_y
1 3486.0197605917
2 2.5889645281
54 4.2301183093
evaluations raw_y
1 3486.0197605917
2 2.5889645281
14 0.6460387586
54 4.0910965489
evaluations raw_y
1 3486.0197605917
2 2.5889645281
27 2.5237237382
39 1.7994332252
54 102.6183706957
evaluations raw_y
1 5018.5586271268
2 2343.3634353592
5 2202.7963496923
8 3.6665756238
17 3.2173922173
22 3.0703041223
25 2.9320301288
31 2.1834256636
43 1.9782057248
54 644.6727225212
evaluations raw_y
1 5018.5586271268
2 2343.3634353592
5 2202.7963496923
8 13.0750834317
10 7.2476455038
13 3.8917694875
15 2.7697361726
52 2.4878259876
54 10054.0044165073
evaluations raw_y
1 5018.5586271268
2 2343.3634353592
5 2202.7963496923
7 3.9937130508
9 2.7754033662
13 2.1070836514
54 7.1275069726
evaluations raw_y
1 5018.5586271268
2 2343.3634353592
5 2202.7963496923
8 3.6852920311
26 2.8700165514
33 1.6687132851
54 68.8714549336
evaluations raw_y
1 5018.5586271268
2 2343.3634353592
5 2202.7963496923
8 356.6132444613
19 5.1943817667
26 2.4053776336
32 1.5146297818
53 0.6510576820
54 2.6318524539
evaluations raw_y
1 3.9322712134
20 2.8427213438
54 3.8593823251
evaluations raw_y
1 3.9322712134
23 3.4059465031
29 3.2978033420
33 0.7889476637
54 2.8132170020
evaluations raw_y
1 3.9322712134
19 0.8444306881
54 7.1727572320
evaluations raw_y
1 3.9322712134
10 3.0269368420
54 0.8555041375
evaluations raw_y
1 3.9322712134
11 3.3924730752
12 1.1815365429
54 1.9762207575
