evaluations raw_y
1 1107.0631567514
2 603.3384213365
3 575.7318738336
8 232.2669839650
9 77.9176804324
150 2656.7825921308
evaluations raw_y
1 1107.0631567514
2 603.3384213365
3 575.7318738336
8 232.2669839650
9 77.9176804324
150 1262.2725389434
evaluations raw_y
1 1107.0631567514
2 603.3384213365
3 575.7318738336
8 232.2669839650
9 77.9176804324
49 23.9761615499
150 935.2571398440
evaluations raw_y
1 1107.0631567514
2 603.3384213365
3 575.7318738336
8 232.2669839650
9 77.9176804324
150 379.1951498573
evaluations raw_y
1 1107.0631567514
2 603.3384213365
3 575.7318738336
8 232.2669839650
9 77.9176804324
150 304.2100968675
evaluations raw_y
1 233.5147201957
5 74.7894469576
70 74.1764815595
150 88.8996236730
evaluations raw_y
1 233.5147201957
5 74.7894469576
150 585.4684175215
evaluations raw_y
1 233.5147201957
5 74.7894469576
150 442.3830640575
evaluations raw_y
1 233.5147201957
5 74.7894469576
150 436.1043878674
evaluations raw_y
1 233.5147201957
5 74.7894469576
35 48.7522893509
150 418.3575388873
evaluations raw_y
1 452.8440414710
2 190.3475115482
5 150.8858469854
20 76.5457446884
150 187.1152697865
evaluations raw_y
1 452.8440414710
2 190.3475115482
5 150.8858469854
30 111.0535258940
112 97.5545742873
150 111.1110246886
evaluations raw_y
1 452.8440414710
2 190.3475115482
5 150.8858469854
28 139.7858415923
40 130.2212355870
51 69.1227392888
88 28.8564986628
150 207.6165613260
evaluations raw_y
1 452.8440414710
2 190.3475115482
5 150.8858469854
42 138.1255805750
51 131.9969243880
61 123.3047360102
121 90.6792073428
150 288.6967003847
evaluations raw_y
1 452.8440414710
2 190.3475115482
5 150.8858469854
24 133.1087938359
33 107.1620529568
50 66.3557364518
150 1099.1183481759
evaluations raw_y
1 283.5374482245
2 156.8932713564
14 140.4853933901
15 130.7259130518
35 49.6392171022
150 482.2066364406
evaluations raw_y
1 283.5374482245
2 156.8932713564
14 140.4853933901
15 130.7259130518
21 116.5685892508
118 61.8322471343
150 531.9098062803
evaluations raw_y
1 283.5374482245
2 156.8932713564
14 140.4853933901
15 130.7259130518
16 109.6647285314
50 102.0555731454
131 78.5118166565
150 420.2839902391
evaluations raw_y
1 283.5374482245
2 156.8932713564
14 140.4853933901
15 130.7259130518
47 106.9252034703
129 106.0872117163
138 68.7156295295
150 143.6114493469
evaluations raw_y
1 283.5374482245
2 156.8932713564
14 140.4853933901
15 130.7259130518
27 72.0753742031
32 65.7109706121
150 602.1675879546
evaluations raw_y
1 340.6453013525
2 152.4496853714
10 145.9680974104
16 94.8076434589
41 83.7059991053
150 397.2773811826
evaluations raw_y
1 340.6453013525
2 152.4496853714
10 145.9680974104
26 129.6691036420
29 123.5105782164
33 104.3910303509
150 340.6058222694
evaluations raw_y
1 340.6453013525
2 152.4496853714
10 145.9680974104
33 117.9408343438
43 94.0508372603
81 66.6419447449
150 132.2971574180
evaluations raw_y
1 340.6453013525
2 152.4496853714
10 145.9680974104
21 123.0875061654
25 91.5781102639
57 86.0382743341
77 76.9619796323
150 142.6395815538
evaluations raw_y
1 340.6453013525
2 152.4496853714
10 145.9680974104
23 125.8465661094
25 116.9713930253
75 104.8698135370
89 66.4371514517
150 146.6128058845
evaluations raw_y
1 139.5276341098
3 111.7955447990
35 108.5393359922
66 96.2321971277
150 1354.7641130861
evaluations raw_y
1 139.5276341098
3 111.7955447990
102 103.7989663695
150 656.7605706976
evaluations raw_y
1 139.5276341098
3 111.7955447990
70 95.7968217689
110 84.3475663365
150 271.4122089850
evaluations raw_y
1 139.5276341098
3 111.7955447990
18 99.1449373119
99 96.0514633911
117 45.6480739378
150 373.0508209778
evaluations raw_y
1 139.5276341098
3 111.7955447990
84 78.4044694745
150 508.3998218377
evaluations raw_y
1 1525.4153056401
3 555.3139388269
4 379.0473074966
13 250.0387924318
29 240.1978817988
36 131.9815263431
59 81.9604123196
89 70.4336730045
150 511.6696567174
evaluations raw_y
1 1525.4153056401
3 555.3139388269
4 379.0473074966
13 250.0387924318
22 94.3199465605
36 85.1792030595
150 492.4095099661
evaluations raw_y
1 1525.4153056401
3 555.3139388269
4 379.0473074966
13 250.0387924318
19 127.3058639408
51 124.3167809405
76 88.6265251513
150 334.7522636334
evaluations raw_y
1 1525.4153056401
3 555.3139388269
4 379.0473074966
13 250.0387924318
18 140.5994930193
24 137.4367825778
30 90.4673619651
119 73.0512507987
150 292.0536997099
evaluations raw_y
1 1525.4153056401
3 555.3139388269
4 379.0473074966
13 250.0387924318
16 217.5849173950
18 149.5673236775
20 124.8061026925
33 77.9507314770
104 43.6214040666
150 299.9893024957
evaluations raw_y
1 540.2726415005
3 300.1304465924
9 260.7187738944
14 259.1748902035
15 188.9809795009
20 115.8109764178
36 85.0424843477
40 63.3033065829
126 57.5434778124
150 246.9534206253
evaluations raw_y
1 540.2726415005
3 300.1304465924
9 260.7187738944
14 259.1748902035
15 188.9809795009
19 122.4076978018
26 88.7940377558
51 67.4443091184
136 61.1654040470
150 73.2434084111
evaluations raw_y
1 540.2726415005
3 300.1304465924
9 260.7187738944
14 259.1748902035
15 188.9809795009
17 106.1950182637
33 81.9280490791
70 77.1216585895
150 1652.6920383343
evaluations raw_y
1 540.2726415005
3 300.1304465924
9 260.7187738944
14 259.1748902035
15 188.9809795009
18 162.3440116015
23 118.0733729814
36 93.4894014225
51 69.3414483309
69 61.1117603914
74 46.5977567421
150 259.5208558147
evaluations raw_y
1 540.2726415005
3 300.1304465924
9 260.7187738944
14 259.1748902035
15 188.9809795009
16 178.0932078011
21 67.9053488499
46 66.6351751592
103 47.7623843227
150 436.6202243982
evaluations raw_y
1 232.8296044189
2 231.0322786336
4 168.6459157525
8 150.2808652094
12 121.9735217696
24 97.7640120699
115 88.2501496105
150 1752.9258106235
evaluations raw_y
1 232.8296044189
2 231.0322786336
4 168.6459157525
8 150.2808652094
12 121.9735217696
27 121.0542696416
32 95.4484716673
64 89.6602129187
97 85.9857671555
99 75.6672674278
150 184.2680167491
evaluations raw_y
1 232.8296044189
2 231.0322786336
4 168.6459157525
8 150.2808652094
12 121.9735217696
39 80.4595404078
114 72.6006995141
150 1579.8131706384
evaluations raw_y
1 232.8296044189
2 231.0322786336
4 168.6459157525
8 150.2808652094
12 121.9735217696
47 105.8803530187
51 99.5805060686
68 86.7233513919
83 77.2282990436
150 177.0205893027
evaluations raw_y
1 232.8296044189
2 231.0322786336
4 168.6459157525
8 150.2808652094
12 121.9735217696
47 63.6568319584
150 256.6939456523
evaluations raw_y
1 191.5630262411
5 175.5517142871
6 165.7829920352
8 118.3339813988
24 108.0800776267
31 89.0020661786
150 606.3357136193
evaluations raw_y
1 191.5630262411
5 175.5517142871
6 165.7829920352
8 118.3339813988
16 118.1755900393
21 94.0381935592
108 71.0980746164
150 130.1065100153
evaluations raw_y
1 191.5630262411
5 175.5517142871
6 165.7829920352
8 118.3339813988
31 100.8702897749
47 68.8630823424
100 62.2026226787
108 34.2516894540
150 631.0298762858
evaluations raw_y
1 191.5630262411
5 175.5517142871
6 165.7829920352
8 118.3339813988
21 91.7690213498
117 89.6548581758
150 398.1771645653
evaluations raw_y
1 191.5630262411
5 175.5517142871
6 165.7829920352
8 118.3339813988
16 116.8805071336
56 90.3400565954
81 86.3219085075
130 72.8030590029
150 433.4589911169
evaluations raw_y
1 888.9346768194
7 120.8446606241
52 80.7243093703
55 77.8114066069
145 59.0291368204
150 653.6079203894
evaluations raw_y
1 888.9346768194
7 120.8446606241
24 82.4493113336
95 33.8199247219
150 2252.3395026735
evaluations raw_y
1 888.9346768194
7 120.8446606241
68 111.3297827248
108 103.7183191564
146 94.1371800740
150 143.4575605385
evaluations raw_y
1 888.9346768194
7 120.8446606241
22 87.9290434914
150 251.2385730190
evaluations raw_y
1 888.9346768194
7 120.8446606241
17 69.9830863627
150 247.1361747121
evaluations raw_y
1 645.4073476359
2 144.7343239617
10 78.2934861118
150 194.1446250763
evaluations raw_y
1 645.4073476359
2 144.7343239617
10 78.2934861118
25 44.3943316969
135 41.4884704371
150 326.0718863965
evaluations raw_y
1 645.4073476359
2 144.7343239617
10 78.2934861118
68 69.7926645977
69 65.1144886940
150 218.2869227506
evaluations raw_y
1 645.4073476359
2 144.7343239617
10 78.2934861118
66 70.5605675903
150 1358.8628803659
evaluations raw_y
1 645.4073476359
2 144.7343239617
10 78.2934861118
95 65.0705978236
150 86.4727644002
evaluations raw_y
1 245.4129256684
4 194.1097744573
15 181.7409462198
19 129.5552258773
21 119.8020819075
26 104.0495551870
93 91.4827418196
132 84.3072500037
150 791.6910538037
evaluations raw_y
1 245.4129256684
4 194.1097744573
15 181.7409462198
18 111.8058138303
39 88.2997831144
51 86.3826658112
150 816.4611229691
evaluations raw_y
1 245.4129256684
4 194.1097744573
15 181.7409462198
20 149.0297092167
28 106.2300298626
37 96.8052520364
48 39.6849248866
150 347.9999914936
evaluations raw_y
1 245.4129256684
4 194.1097744573
15 181.7409462198
18 110.8209502253
80 79.8063631290
106 73.2292456348
132 69.8497350907
150 1438.5958803061
evaluations raw_y
1 245.4129256684
4 194.1097744573
15 181.7409462198
28 96.1711350614
110 72.7370307020
146 52.5569935220
150 204.9331175259
evaluations raw_y
1 156.4707077098
4 89.1449087158
13 69.3079261021
34 53.7194906623
150 218.9335410030
evaluations raw_y
1 156.4707077098
4 89.1449087158
13 69.3079261021
117 53.3177522608
150 284.4707294110
evaluations raw_y
1 156.4707077098
4 89.1449087158
13 69.3079261021
150 223.1482660382
evaluations raw_y
1 156.4707077098
4 89.1449087158
13 69.3079261021
120 62.3365754157
150 487.7265840728
evaluations raw_y
1 156.4707077098
4 89.1449087158
13 69.3079261021
19 66.3132836656
150 313.5624399039
