evaluations raw_y
1 4225.9065186086
11 1089.5969062411
56 754.4577415952
63 658.8993392014
66 466.7628818896
82 426.8467421096
91 312.3174161373
97 183.5507749526
109 138.5875664017
114 65.2532195839
124 48.8029992534
144 555.8507979411
evaluations raw_y
1 13004.4823715422
2 2826.0356243908
9 2256.2085555868
12 476.1572899730
71 417.9327627742
74 349.2775943457
112 280.3479916632
133 244.0178072382
138 232.4706899654
144 282.4705844210
evaluations raw_y
1 951.5323253738
26 558.0591464623
43 444.3127989654
48 266.9173897276
99 239.0899859490
120 150.0390254760
136 141.0776962301
143 103.7593414431
144 323.3379008190
evaluations raw_y
1 25756.8314834782
2 9136.7508577148
3 9118.4028171295
11 6549.7937868473
12 1405.7913869320
56 1360.9058602342
66 750.4912607228
76 554.2212405517
81 148.8787687133
98 74.4441934314
99 37.9773703086
129 18.1543377929
144 108.3730921989
evaluations raw_y
1 1450.0647561265
2 943.7103094928
47 650.8974365145
50 393.4325058284
79 131.7334686474
87 62.1239288703
144 323.5105548096
evaluations raw_y
1 136331.9161922265
2 4464.8187950651
3 4021.9532195123
33 2551.3715105938
54 1026.0799004768
64 238.6559979100
115 229.5258417317
116 143.1432577085
144 565.0433692647
evaluations raw_y
1 135534.9264603234
2 2442.9671306544
10 1439.2954851174
11 655.6345976179
67 537.9564665081
76 377.4026862368
107 16.5312718856
144 37.0464229561
evaluations raw_y
1 11508.8781977418
2 8268.1023222461
5 4319.5145465476
10 1728.4283227346
17 1318.2371787918
25 209.4195189552
48 117.7194146803
66 28.6280379786
131 22.1636526474
138 19.6880980821
141 8.4257851018
144 42.9895145153
evaluations raw_y
1 159904.2752580937
2 109750.5177500577
3 44888.3215525545
4 4990.0597936226
9 2279.6902325085
13 1158.8000717571
33 133.8645177075
41 38.5721979113
65 35.3418822576
111 29.6833149509
116 27.7480906635
122 22.2887721470
144 84.4076646439
evaluations raw_y
1 46627.6584370001
3 39192.4407584190
4 20130.8607181281
7 5218.6854598945
13 3541.6224120015
16 2379.3201623441
18 767.1229355884
25 531.6168310101
29 326.8264921248
56 116.5757163340
57 98.8836530427
62 97.2437166205
75 50.8820264834
103 34.9338054922
105 10.5733989174
144 132.5002583999
evaluations raw_y
1 89883.9159023337
5 26925.5659419872
9 13894.6959418100
14 1833.1405767837
26 1573.6424604899
41 1439.2551190795
57 1244.5809694549
60 626.0669863506
69 386.9533847048
80 131.2409378448
90 65.9109116468
97 56.1302565606
126 29.3652410386
144 249.0274816735
evaluations raw_y
1 89098.3863439381
2 2131.1345303984
19 520.2610204692
27 110.9732849708
83 100.2585405627
87 32.2652175364
118 16.5328044141
131 13.3125051442
138 4.1968352505
144 39.5326362055
evaluations raw_y
1 122529.9799946025
2 25851.9898050341
6 11076.6601944794
10 1333.6123576234
26 352.0319492045
138 323.0808222133
144 1263.1950273501
evaluations raw_y
1 156316.2768680619
2 9475.6485828054
10 8029.0146884062
11 5272.2575245267
13 2712.9500291156
36 1776.4337426836
49 1013.9938673725
77 854.8691199797
80 625.5997421038
87 386.7487251540
96 254.9008899854
100 126.0844619308
103 120.4497776870
117 85.0690722201
121 31.0809524205
144 129.5304599352
evaluations raw_y
1 274554.2732581254
2 15066.0809589050
9 11294.0185560425
14 263.5283892554
60 185.6439746919
86 89.8771356398
92 56.4512117171
119 36.7943244190
123 33.9369870084
144 74.1015255162
evaluations raw_y
1 191940.1276848079
2 10232.9343946209
33 9236.8960234979
53 3810.0511878739
67 3173.3921990798
78 1878.6083660306
81 470.2256191924
98 426.3454704570
123 420.9993614538
129 323.8818721789
131 306.1858192534
132 172.4004153096
139 41.9187709053
144 102.7486686696
evaluations raw_y
1 134246.3376318264
2 18617.2273971190
3 9691.6057428923
4 7997.8819076878
9 1776.7370657827
18 308.7405731980
41 30.0590683257
53 27.7751557252
56 20.4713759558
106 10.7275387335
144 21.1555547284
evaluations raw_y
1 149917.3048632933
3 29926.7694128270
4 13965.2075158643
11 12438.6574807982
12 7999.1754482065
13 3000.0248906322
15 2924.3836571783
20 789.4516297423
22 734.0238780374
29 414.8873679105
46 274.2271085836
65 178.8986325254
70 102.6808610751
73 37.0015995171
74 31.7820508679
106 25.0630078779
114 9.4376979566
121 4.1041658423
144 20.5423198471
evaluations raw_y
1 127572.2052238003
2 9927.0827390351
17 6310.8854540931
20 897.5724988523
39 385.6732659390
41 36.1535860352
144 303.9297892646
evaluations raw_y
1 56452.6471668945
3 10931.6538262799
5 3450.3192125822
16 3096.1952482201
22 1727.5398203554
25 333.2246428130
41 295.4640949360
60 293.6095749719
64 200.8385488866
69 90.7364928431
70 60.7927106184
76 44.3761322795
81 28.9392387327
83 12.6883408308
130 8.0394697629
144 26.4069610941
evaluations raw_y
1 49378.8944420720
2 32371.9772515807
6 3304.7371031984
8 649.4829677886
19 280.7632571213
45 219.7454121338
74 188.1311320911
87 82.2404662623
88 33.5999907899
100 22.0061628084
113 18.5899885551
122 15.6644660820
138 11.1159815594
144 18.6184306135
evaluations raw_y
1 109925.9219428284
3 80771.3503428574
4 17387.5246725815
6 14484.8578796174
11 7342.7609143425
19 5503.5345365435
21 4096.0608748135
29 1928.8566152035
49 1928.5670378127
52 1628.0893558212
59 1421.0719456491
68 1322.8549126579
72 1067.9839073790
77 196.9234427543
99 109.1188854343
111 42.6933807260
144 705.0713660484
evaluations raw_y
1 199926.7549626447
2 31876.7140734664
4 22349.7796886045
7 19226.3869302207
12 14898.6760111570
14 4935.5013686049
20 3523.3717035383
21 1226.2297390105
35 569.7332288994
57 412.6484472845
61 116.9365332131
116 113.2842850483
118 70.1189445016
125 59.8192514746
127 54.6873930370
130 45.1061709644
135 22.2985832004
144 41.4679497757
evaluations raw_y
1 55237.9034586250
2 52532.6188907445
6 50654.6658126110
8 22266.8759715085
14 10559.4626164951
15 6835.9359404664
17 6765.0309701759
22 3956.7398568157
29 1371.8527745118
41 460.0397882396
72 291.2686096114
73 285.7060377668
83 151.9327350479
101 134.0655353922
105 36.8904122858
111 23.6661042273
125 21.2973850476
132 8.7258975061
144 15.0623087775
evaluations raw_y
1 55818.7220761194
6 42789.0604526123
7 26073.9882452019
10 7912.3152261619
18 7329.2770500701
24 6786.3300748674
27 5765.5161395753
30 4140.8879665479
33 2335.2847520725
35 1370.5914129641
42 747.3537159963
43 87.9755873336
110 61.7274266884
111 56.3130742268
125 26.6064094243
143 19.6406931471
144 53.4560531407
evaluations raw_y
1 1173.4898514060
27 1018.4421013872
49 627.0590086083
69 611.9437203974
74 488.5987027868
81 274.6958276132
103 190.9707953473
118 159.1216052394
122 80.4738198568
140 53.7179848413
144 48.0207097137
evaluations raw_y
1 99347.6319677646
3 27089.2364675271
5 17243.3972461716
12 12298.0472932929
13 10006.7942664579
14 2752.9589123471
24 504.6000505409
28 303.1840256501
55 139.6867667359
65 121.2164249849
70 109.4551163126
74 37.9286071625
121 30.1553967275
134 4.1646358880
144 99.3585063570
evaluations raw_y
1 55557.6658040328
3 2490.9165787488
11 1192.0979296182
26 233.1260553236
57 74.5514450154
101 25.5428154669
113 16.6013525006
144 108.2290050960
evaluations raw_y
1 28743.8239264524
3 10005.6276061865
5 8352.4268024163
9 7479.3468217779
10 4321.5050820917
24 2816.3734353787
26 1763.3810986769
38 1296.7480209978
39 1165.0569877083
43 264.3776029971
83 178.5083282682
90 118.7258666440
117 80.8873384939
123 68.9720346280
130 31.7745787722
144 264.3321485599
evaluations raw_y
1 6452.7295588259
17 4093.2711985622
31 1366.0627057727
36 1263.8774877946
78 179.9639379368
103 88.5959851468
104 35.0121781690
144 3416.1033924812
evaluations raw_y
1 13155.1548643090
8 2938.2974151512
10 1425.3064711546
26 711.1607197710
35 463.3324111403
59 454.1371018426
68 251.1553398760
72 102.7944500689
90 95.7784518050
99 54.7057153901
103 47.6069440536
108 27.0681494312
132 18.4883646472
144 31.0119904188
evaluations raw_y
1 11447.5264669826
2 6943.3204865374
9 4446.1841778219
12 1399.3074844058
33 1330.2010848985
44 1029.5095480414
48 488.1018950940
52 183.2947783370
73 127.8929119644
90 86.8833634767
92 66.2022902750
95 27.8071133301
122 26.1580147347
134 23.3259311259
138 13.1735123715
144 29.9100697462
evaluations raw_y
1 7372.9644578666
3 1637.3352744956
5 172.1858855721
28 53.6009052294
138 52.0769330306
142 51.4160302539
144 165.5454325601
evaluations raw_y
1 974.1350591442
17 125.5290830490
58 101.2976033234
76 99.0426518409
84 30.0276811799
94 25.7417718341
113 8.4734732673
118 8.0010904487
130 6.2780505491
142 5.1658810194
144 110.3419371609
evaluations raw_y
1 9927.1472685929
4 5632.6341570961
10 1217.5867755442
25 1207.0494402469
29 94.7563696900
41 85.2174465810
48 34.4215036011
93 27.1433377830
119 12.4780602539
128 8.2063870806
135 2.5693086111
144 45.5871821377
evaluations raw_y
1 38352.3494523704
3 36094.6785167618
4 18187.1832272510
10 9167.2126342021
13 1931.5846120803
30 430.8438758322
48 153.1763230953
79 11.1547361823
91 7.8263076578
144 17.4564279149
evaluations raw_y
1 399850.1674559163
2 48641.4662786210
3 1452.1427847488
34 827.2262513590
39 478.5480241567
46 435.9098600541
75 115.6836513400
124 48.0283011755
126 47.0153735584
144 292.1844794555
evaluations raw_y
1 49144.0814457541
8 16408.9369039303
11 7540.1864852540
15 674.6518807774
50 460.5854781374
60 289.3252506125
65 100.8844603793
79 36.8713953829
144 82.8155649024
evaluations raw_y
1 311397.7055536826
2 295028.5283457179
3 30195.2125507457
9 7299.5590851907
14 5750.1997525703
19 2618.6491982485
29 1469.5743551181
30 953.1489030320
36 55.7211298834
112 46.3611839924
139 28.4926593904
144 45.0200471947
evaluations raw_y
1 7977.7447878508
16 6502.9383528131
19 2556.0270414477
21 2528.2445238299
38 799.3002692501
41 389.5383984244
44 156.3673607487
90 87.8762427603
144 122.1940235256
evaluations raw_y
1 77050.5567128919
2 17806.9351274161
3 5987.2868703881
6 2255.5000551405
12 1687.8892064841
29 748.7672611088
32 380.9247474139
41 346.5113842528
49 133.9020909634
59 34.1620847749
91 33.8378368074
110 31.0133665112
119 26.1896788959
127 17.1767742104
136 15.0673092119
139 7.9670255762
141 6.7467971907
144 37.0809661913
evaluations raw_y
1 15186.6487556684
5 4899.5791369290
11 3093.8130416265
21 2088.9733958032
28 770.2890086679
40 401.3644467053
48 292.5688919630
61 129.9075209435
63 116.8563432394
88 73.1649989010
95 53.1915211591
99 30.5621025324
124 23.4284451549
141 15.8054564067
144 54.0294442144
evaluations raw_y
1 107576.3081808062
3 49856.0267623968
4 6034.6960361813
7 1725.5127476358
17 357.7316035941
52 28.5819384015
96 12.7403634257
144 50.3120741859
evaluations raw_y
1 11713.4115339306
3 2450.6515135030
6 1959.1793141089
20 1557.8798378741
32 1394.8914893492
35 529.7079445023
53 303.3428040502
58 179.0465926408
75 93.0998941631
86 79.4067550230
90 43.2729549113
99 31.9072641296
105 20.0338785535
125 13.2907460753
138 8.1422644982
143 6.6434663654
144 29.9813378156
evaluations raw_y
1 16986.1315493578
4 2225.7023641253
24 952.9921763803
43 940.3194955494
48 672.3091964586
51 327.5711501464
64 112.3938494735
91 4.5534448286
144 61.6102708220
evaluations raw_y
1 21350.6777799397
2 3472.1754007720
5 695.5006534498
13 619.4992875154
18 570.1631367368
34 452.9328479634
41 257.7685450293
56 243.6518164012
57 196.7981323430
59 139.4862945724
62 84.3664994207
78 84.2611228513
85 16.8227636511
123 12.1531459753
144 91.7043745023
evaluations raw_y
1 26646.6546713935
3 4553.1801232038
6 2424.0378872248
13 1008.2357465001
22 250.5520963530
41 30.6451168759
91 11.0690116001
120 6.0436894547
144 16.9247710695
evaluations raw_y
1 9362.2029684106
8 5827.5015014034
10 3458.0300282513
19 2576.1846683018
21 1856.0635973712
31 1394.1338253950
33 533.0365575997
41 400.1729638560
78 158.7677319041
96 155.2284576946
101 143.0713571132
123 93.2658648736
134 62.3760338765
142 29.9217094645
144 962.3726617618
evaluations raw_y
1 100471.7429735395
3 7948.4960219028
4 1193.7524305651
10 576.1589988451
66 306.8901173275
73 230.0945432577
90 8.2914337081
144 42.7429959268
evaluations raw_y
1 48521.3459580352
4 19009.4295343664
5 11131.1025137481
7 10413.2352723929
9 4826.5434936000
24 405.7715998350
29 331.6356536388
32 262.9885718086
44 99.5222508336
55 86.5159338700
74 61.3889976958
75 57.1141189557
118 56.9999859944
119 12.6258923432
129 11.9992915008
139 11.5450677301
144 145.7561472538
evaluations raw_y
1 41752.1994131805
3 12626.9000071485
7 2794.2020105295
13 2477.9794955473
25 396.9812151425
52 293.7435911641
62 108.8640566452
81 32.9905989358
89 24.8302590566
103 5.5595748699
144 59.2409592414
evaluations raw_y
1 43638.0903112413
2 12012.4993394048
8 7467.4153366479
10 7068.4306609022
12 4616.6068571767
14 831.3089966380
34 324.1751454799
55 140.7175082077
67 36.8143605847
97 17.8314940680
112 14.2769750882
132 11.6463013455
144 327.1477673795
evaluations raw_y
1 18114.9867699681
4 16530.5534118907
5 12727.1920676125
7 11443.6406063769
11 11087.4733136905
19 7478.4101807855
20 638.0160303939
32 243.6394190375
48 177.2906399644
73 163.6976052431
79 129.7287233331
86 59.3868689773
113 50.2403397282
132 13.3015840439
144 537.6818376638
evaluations raw_y
1 45536.1676883960
3 38201.5431747107
6 30541.8581776609
7 5783.6775348269
11 5189.3131528464
12 2966.9560645077
24 730.2694758262
61 153.0992636567
85 94.0879703236
95 18.2988599801
103 15.4504116162
131 12.9150645948
139 12.0343992114
144 372.7869923264
evaluations raw_y
1 5622.0860866428
2 2331.6386461108
14 1201.3715715599
16 155.5816258194
22 87.4498347394
82 64.2421713931
85 14.3830674232
103 10.5696432345
144 8.4339817139
evaluations raw_y
1 8801.1026166951
3 7707.6148688246
5 2050.0147775126
6 1702.4854278767
11 1484.5205085380
13 1128.0696070666
20 497.5257501697
35 423.6250253372
44 152.2259302875
65 95.3589103899
73 63.9060574727
81 18.2675316682
127 17.6312688499
144 51.2735358003
evaluations raw_y
1 7909.6885069025
11 2021.2471167959
15 1283.2646885318
26 816.5786235411
38 794.1136974364
39 364.0731402927
46 201.4801880479
72 142.3371789120
76 51.5403053638
90 50.1600665863
103 36.0041511789
108 29.1257116130
119 10.4596390184
144 53.6371155857
evaluations raw_y
1 30191.3571489224
7 11232.4083613614
8 7250.4643059220
15 2478.3503722324
32 2117.5375691915
36 586.1116888440
45 427.4043068552
56 290.0834065438
57 97.5051383496
72 32.9848488896
108 24.7816902669
125 15.1415976877
138 7.9008017498
144 45.0686602413
evaluations raw_y
1 111218.2351568669
2 4489.4551522832
8 1046.5602879704
18 441.6759607460
33 431.3664452656
42 361.4548907661
47 330.4278217643
53 101.7780372690
82 26.6755504385
144 121.6562668206
evaluations raw_y
1 12517.9307948597
3 1240.3367044060
27 478.1642143389
39 102.0364586418
84 47.7297769366
111 29.9575374864
112 28.7928322730
120 18.3658541251
130 12.4957800770
144 61.6850176674
evaluations raw_y
1 7046.4364494195
3 6802.1665401345
9 5453.9217389178
20 5040.3336491846
21 1198.0727462356
25 1032.4883371143
29 856.1479858331
77 104.7103271344
144 370.9895712244
evaluations raw_y
1 10281.0498900783
5 8433.2783216957
6 3343.5749321695
9 2314.7475310257
43 839.4446579199
60 429.9218735620
66 251.9886515033
121 203.2590083665
124 152.8068675503
132 35.1140440027
144 55.7592720645
evaluations raw_y
1 29453.9583292754
9 662.7855503892
17 448.8329812901
23 170.8751176969
47 168.1673977771
55 106.6517043346
67 106.1945826557
76 104.5637905102
87 99.3436502856
89 63.4586565242
93 56.7833274916
94 53.8064642637
97 33.4643433650
118 11.5015247507
143 3.3355435306
144 47.3515688156
evaluations raw_y
1 716.7420848429
27 352.7233790542
55 291.9018709361
59 176.7728146709
88 32.4620437400
132 20.4988163466
144 40.0811663089
evaluations raw_y
1 12576.3736452866
5 5049.5718989591
8 1402.7667281395
24 282.2802896912
57 238.3746329854
66 193.5455524393
77 51.4023519966
81 50.8196435857
89 17.8527594145
125 17.7472896099
144 103.0317165343
evaluations raw_y
1 3626.7711804672
11 3471.0328558990
12 3162.7379575697
24 2556.1280588595
33 744.2458434941
67 660.0669713285
70 490.6549108859
74 476.2915919392
75 280.0612502839
86 197.2737503785
88 117.0857042031
108 103.9969915549
115 64.6220696623
134 22.5208541425
144 30.4973220533
evaluations raw_y
1 1160.7267529601
2 1043.1327402111
19 466.8703416145
33 306.1306535286
61 243.8407881047
65 218.0163701669
72 171.5593769436
78 103.4239947490
84 84.5691630498
100 61.2878572070
116 54.6664310320
123 34.1122424658
138 13.4960565385
144 62.6545883886
evaluations raw_y
1 24057.9198378190
2 10526.3474216158
8 4861.0908404494
9 1891.3609673180
13 1504.4436736195
14 698.1298318971
25 257.3954653537
37 137.5961729489
86 73.5641548578
87 45.7613848412
133 33.2084959864
136 18.7911020992
144 49.4472011802
evaluations raw_y
1 159774.7427954601
2 16643.7872747693
3 9188.1079624598
6 2075.0279789725
7 1430.7297791225
20 558.7334016445
35 471.8370434022
47 331.5852322896
52 89.7058978390
93 72.4201822873
110 63.3521615766
115 41.7909294206
125 35.0369504820
128 13.2314532951
144 71.7482723051
evaluations raw_y
1 20838.4372636494
2 11385.9792670733
9 1383.6179278160
35 712.1502493996
50 157.9986973441
79 96.3122906379
142 55.3363589453
144 71.1973242250
