evaluations raw_y
1 56.3774303642
3 14.4200533507
106 13.3860017283
125 10.1248355736
178 7.6872445544
180 6.0805919675
300 34.2699617457
evaluations raw_y
1 56.3774303642
3 14.4200533507
106 13.3860017283
125 10.1248355736
178 7.6872445544
180 6.0805919675
300 34.2699617457
evaluations raw_y
1 56.3774303642
3 14.4200533507
106 13.3860017283
125 10.1248355736
178 7.6872445544
180 6.0805919675
300 34.2699617457
evaluations raw_y
1 56.3774303642
3 14.4200533507
106 13.3860017283
125 10.1248355736
178 7.6872445544
180 6.0805919675
300 34.2699617457
evaluations raw_y
1 56.3774303642
3 14.4200533507
106 13.3860017283
125 10.1248355736
178 7.6872445544
180 6.0805919675
300 34.2699617457
evaluations raw_y
1 75.9934096754
2 72.1315127733
3 39.5315576614
7 20.5320930065
27 19.7893474447
30 12.9395651599
78 12.8785266551
100 6.4820872841
300 42.3957061051
evaluations raw_y
1 75.9934096754
2 72.1315127733
3 39.5315576614
7 20.5320930065
27 19.7893474447
30 12.9395651599
78 12.8785266551
100 6.4820872841
300 42.3957061051
evaluations raw_y
1 75.9934096754
2 72.1315127733
3 39.5315576614
7 20.5320930065
27 19.7893474447
30 12.9395651599
78 12.8785266551
100 6.4820872841
300 42.3957061051
evaluations raw_y
1 75.9934096754
2 72.1315127733
3 39.5315576614
7 20.5320930065
27 19.7893474447
30 12.9395651599
78 12.8785266551
100 6.4820872841
300 42.3957061051
evaluations raw_y
1 75.9934096754
2 72.1315127733
3 39.5315576614
7 20.5320930065
27 19.7893474447
30 12.9395651599
78 12.8785266551
100 6.4820872841
300 42.3957061051
evaluations raw_y
1 40.1331792334
3 31.4957705696
5 28.7783947701
8 23.1486131295
13 20.7844702440
22 17.9759955510
32 17.8565071497
34 17.4369202318
44 15.3501432287
98 11.8045277933
99 7.5157457659
172 7.3075684367
178 6.5350381695
218 5.9900119071
300 32.3125331999
evaluations raw_y
1 40.1331792334
3 31.4957705696
5 28.7783947701
8 23.1486131295
13 20.7844702440
22 17.9759955510
32 17.8565071497
34 17.4369202318
44 15.3501432287
98 11.8045277933
99 7.5157457659
172 7.3075684367
178 6.5350381695
218 5.9900119071
300 32.3125331999
evaluations raw_y
1 40.1331792334
3 31.4957705696
5 28.7783947701
8 23.1486131295
13 20.7844702440
22 17.9759955510
32 17.8565071497
34 17.4369202318
44 15.3501432287
98 11.8045277933
99 7.5157457659
172 7.3075684367
178 6.5350381695
218 5.9900119071
300 32.3125331999
evaluations raw_y
1 40.1331792334
3 31.4957705696
5 28.7783947701
8 23.1486131295
13 20.7844702440
22 17.9759955510
32 17.8565071497
34 17.4369202318
44 15.3501432287
98 11.8045277933
99 7.5157457659
172 7.3075684367
178 6.5350381695
218 5.9900119071
300 32.3125331999
evaluations raw_y
1 40.1331792334
3 31.4957705696
5 28.7783947701
8 23.1486131295
13 20.7844702440
22 17.9759955510
32 17.8565071497
34 17.4369202318
44 15.3501432287
98 11.8045277933
99 7.5157457659
172 7.3075684367
178 6.5350381695
218 5.9900119071
300 32.3125331999
evaluations raw_y
1 118.3695963904
2 59.9997372624
3 41.2444402448
4 38.0402753211
7 32.0727011830
14 24.8594084139
26 11.0545814844
126 10.4334074437
139 7.8445172663
180 7.0608941937
189 6.9359687596
300 35.4241278370
evaluations raw_y
1 118.3695963904
2 59.9997372624
3 41.2444402448
4 38.0402753211
7 32.0727011830
14 24.8594084139
26 11.0545814844
126 10.4334074437
139 7.8445172663
180 7.0608941937
189 6.9359687596
300 35.4241278370
evaluations raw_y
1 118.3695963904
2 59.9997372624
3 41.2444402448
4 38.0402753211
7 32.0727011830
14 24.8594084139
26 11.0545814844
126 10.4334074437
139 7.8445172663
180 7.0608941937
189 6.9359687596
300 35.4241278370
evaluations raw_y
1 118.3695963904
2 59.9997372624
3 41.2444402448
4 38.0402753211
7 32.0727011830
14 24.8594084139
26 11.0545814844
126 10.4334074437
139 7.8445172663
180 7.0608941937
189 6.9359687596
300 35.4241278370
evaluations raw_y
1 118.3695963904
2 59.9997372624
3 41.2444402448
4 38.0402753211
7 32.0727011830
14 24.8594084139
26 11.0545814844
126 10.4334074437
139 7.8445172663
180 7.0608941937
189 6.9359687596
300 35.4241278370
evaluations raw_y
1 77.7106504310
2 38.5921151285
4 18.8335737694
49 17.2087972277
66 15.0176258518
105 12.6779195795
125 10.1797498957
151 8.6057523832
272 7.4641621461
300 43.7629254672
evaluations raw_y
1 77.7106504310
2 38.5921151285
4 18.8335737694
49 17.2087972277
66 15.0176258518
105 12.6779195795
125 10.1797498957
151 8.6057523832
272 7.4641621461
300 43.7629254672
evaluations raw_y
1 77.7106504310
2 38.5921151285
4 18.8335737694
49 17.2087972277
66 15.0176258518
105 12.6779195795
125 10.1797498957
151 8.6057523832
272 7.4641621461
300 43.7629254672
evaluations raw_y
1 77.7106504310
2 38.5921151285
4 18.8335737694
49 17.2087972277
66 15.0176258518
105 12.6779195795
125 10.1797498957
151 8.6057523832
272 7.4641621461
300 43.7629254672
evaluations raw_y
1 77.7106504310
2 38.5921151285
4 18.8335737694
49 17.2087972277
66 15.0176258518
105 12.6779195795
125 10.1797498957
151 8.6057523832
272 7.4641621461
300 43.7629254672
evaluations raw_y
1 35.5901057103
7 35.4093282603
12 30.5428351933
15 17.8670883089
24 12.3911539365
132 12.2788005108
159 12.2213970868
187 10.6473885733
194 9.2075824809
229 5.3786083308
300 52.2245980467
evaluations raw_y
1 35.5901057103
7 35.4093282603
12 30.5428351933
15 17.8670883089
24 12.3911539365
132 12.2788005108
159 12.2213970868
187 10.6473885733
194 9.2075824809
229 5.3786083308
300 52.2245980467
evaluations raw_y
1 35.5901057103
7 35.4093282603
12 30.5428351933
15 17.8670883089
24 12.3911539365
132 12.2788005108
159 12.2213970868
187 10.6473885733
194 9.2075824809
229 5.3786083308
300 52.2245980467
evaluations raw_y
1 35.5901057103
7 35.4093282603
12 30.5428351933
15 17.8670883089
24 12.3911539365
132 12.2788005108
159 12.2213970868
187 10.6473885733
194 9.2075824809
229 5.3786083308
300 52.2245980467
evaluations raw_y
1 35.5901057103
7 35.4093282603
12 30.5428351933
15 17.8670883089
24 12.3911539365
132 12.2788005108
159 12.2213970868
187 10.6473885733
194 9.2075824809
229 5.3786083308
300 52.2245980467
evaluations raw_y
1 45.9672317886
3 24.6394171184
7 22.2786841093
34 20.9318318003
43 11.3711998477
223 10.4706600222
271 8.8444111987
280 7.8471165406
300 37.8231323048
evaluations raw_y
1 45.9672317886
3 24.6394171184
7 22.2786841093
34 20.9318318003
43 11.3711998477
223 10.4706600222
271 8.8444111987
280 7.8471165406
300 37.8231323048
evaluations raw_y
1 45.9672317886
3 24.6394171184
7 22.2786841093
34 20.9318318003
43 11.3711998477
223 10.4706600222
271 8.8444111987
280 7.8471165406
300 37.8231323048
evaluations raw_y
1 45.9672317886
3 24.6394171184
7 22.2786841093
34 20.9318318003
43 11.3711998477
223 10.4706600222
271 8.8444111987
280 7.8471165406
300 37.8231323048
evaluations raw_y
1 45.9672317886
3 24.6394171184
7 22.2786841093
34 20.9318318003
43 11.3711998477
223 10.4706600222
271 8.8444111987
280 7.8471165406
300 37.8231323048
evaluations raw_y
1 141.0928099102
2 81.2886960606
3 44.1592877121
5 31.1357933734
9 25.5839551923
11 13.0131522636
29 11.0858991122
107 10.1766429686
142 9.5240501541
158 9.2267449793
160 7.5617928066
213 7.5103189898
256 6.3218044634
300 47.3093875481
evaluations raw_y
1 141.0928099102
2 81.2886960606
3 44.1592877121
5 31.1357933734
9 25.5839551923
11 13.0131522636
29 11.0858991122
107 10.1766429686
142 9.5240501541
158 9.2267449793
160 7.5617928066
213 7.5103189898
256 6.3218044634
300 47.3093875481
evaluations raw_y
1 141.0928099102
2 81.2886960606
3 44.1592877121
5 31.1357933734
9 25.5839551923
11 13.0131522636
29 11.0858991122
107 10.1766429686
142 9.5240501541
158 9.2267449793
160 7.5617928066
213 7.5103189898
256 6.3218044634
300 47.3093875481
evaluations raw_y
1 141.0928099102
2 81.2886960606
3 44.1592877121
5 31.1357933734
9 25.5839551923
11 13.0131522636
29 11.0858991122
107 10.1766429686
142 9.5240501541
158 9.2267449793
160 7.5617928066
213 7.5103189898
256 6.3218044634
300 47.3093875481
evaluations raw_y
1 141.0928099102
2 81.2886960606
3 44.1592877121
5 31.1357933734
9 25.5839551923
11 13.0131522636
29 11.0858991122
107 10.1766429686
142 9.5240501541
158 9.2267449793
160 7.5617928066
213 7.5103189898
256 6.3218044634
300 47.3093875481
evaluations raw_y
1 21.0775797462
7 14.7157004153
27 14.6393086002
108 10.7588046395
131 8.5628537088
234 6.6700081728
288 6.6573919784
300 61.5006171789
evaluations raw_y
1 21.0775797462
7 14.7157004153
27 14.6393086002
108 10.7588046395
131 8.5628537088
234 6.6700081728
288 6.6573919784
300 61.5006171789
evaluations raw_y
1 21.0775797462
7 14.7157004153
27 14.6393086002
108 10.7588046395
131 8.5628537088
234 6.6700081728
288 6.6573919784
300 61.5006171789
evaluations raw_y
1 21.0775797462
7 14.7157004153
27 14.6393086002
108 10.7588046395
131 8.5628537088
234 6.6700081728
288 6.6573919784
300 61.5006171789
evaluations raw_y
1 21.0775797462
7 14.7157004153
27 14.6393086002
108 10.7588046395
131 8.5628537088
234 6.6700081728
288 6.6573919784
300 61.5006171789
evaluations raw_y
1 74.6901459992
2 30.5094007189
3 14.3216425446
86 8.1162022167
134 7.6379535477
143 6.6643842059
300 29.1467064883
evaluations raw_y
1 74.6901459992
2 30.5094007189
3 14.3216425446
86 8.1162022167
134 7.6379535477
143 6.6643842059
300 29.1467064883
evaluations raw_y
1 74.6901459992
2 30.5094007189
3 14.3216425446
86 8.1162022167
134 7.6379535477
143 6.6643842059
300 29.1467064883
evaluations raw_y
1 74.6901459992
2 30.5094007189
3 14.3216425446
86 8.1162022167
134 7.6379535477
143 6.6643842059
300 29.1467064883
evaluations raw_y
1 74.6901459992
2 30.5094007189
3 14.3216425446
86 8.1162022167
134 7.6379535477
143 6.6643842059
300 29.1467064883
evaluations raw_y
1 110.2770760591
2 43.1633889261
11 22.4073222130
34 22.3926058955
35 20.9753097723
66 12.8705768423
122 12.7216137756
141 7.7584840159
300 25.3887842828
evaluations raw_y
1 110.2770760591
2 43.1633889261
11 22.4073222130
34 22.3926058955
35 20.9753097723
66 12.8705768423
122 12.7216137756
141 7.7584840159
300 25.3887842828
evaluations raw_y
1 110.2770760591
2 43.1633889261
11 22.4073222130
34 22.3926058955
35 20.9753097723
66 12.8705768423
122 12.7216137756
141 7.7584840159
300 25.3887842828
evaluations raw_y
1 110.2770760591
2 43.1633889261
11 22.4073222130
34 22.3926058955
35 20.9753097723
66 12.8705768423
122 12.7216137756
141 7.7584840159
300 25.3887842828
evaluations raw_y
1 110.2770760591
2 43.1633889261
11 22.4073222130
34 22.3926058955
35 20.9753097723
66 12.8705768423
122 12.7216137756
141 7.7584840159
300 25.3887842828
evaluations raw_y
1 40.9831529733
2 33.0827362951
9 17.2851131155
118 15.6003639994
121 13.3966399002
139 12.9286076869
144 10.7289354934
214 7.0052843785
300 69.5158637900
evaluations raw_y
1 40.9831529733
2 33.0827362951
9 17.2851131155
118 15.6003639994
121 13.3966399002
139 12.9286076869
144 10.7289354934
214 7.0052843785
300 69.5158637900
evaluations raw_y
1 40.9831529733
2 33.0827362951
9 17.2851131155
118 15.6003639994
121 13.3966399002
139 12.9286076869
144 10.7289354934
214 7.0052843785
300 69.5158637900
evaluations raw_y
1 40.9831529733
2 33.0827362951
9 17.2851131155
118 15.6003639994
121 13.3966399002
139 12.9286076869
144 10.7289354934
214 7.0052843785
300 69.5158637900
evaluations raw_y
1 40.9831529733
2 33.0827362951
9 17.2851131155
118 15.6003639994
121 13.3966399002
139 12.9286076869
144 10.7289354934
214 7.0052843785
300 69.5158637900
evaluations raw_y
1 80.0913810994
2 31.7014496615
3 10.8443317266
285 9.8894221831
297 8.7951430149
300 51.0370825838
evaluations raw_y
1 80.0913810994
2 31.7014496615
3 10.8443317266
285 9.8894221831
297 8.7951430149
300 51.0370825838
evaluations raw_y
1 80.0913810994
2 31.7014496615
3 10.8443317266
285 9.8894221831
297 8.7951430149
300 51.0370825838
evaluations raw_y
1 80.0913810994
2 31.7014496615
3 10.8443317266
285 9.8894221831
297 8.7951430149
300 51.0370825838
evaluations raw_y
1 80.0913810994
2 31.7014496615
3 10.8443317266
285 9.8894221831
297 8.7951430149
300 51.0370825838
evaluations raw_y
1 32.6849329845
9 24.2369058901
21 21.9091484837
23 15.9138422918
57 13.9453957838
106 13.4352097633
122 12.0430151045
134 9.3130385476
142 8.8410459512
145 8.7965115409
287 8.6429977090
296 7.9632018512
300 25.8280638369
evaluations raw_y
1 32.6849329845
9 24.2369058901
21 21.9091484837
23 15.9138422918
57 13.9453957838
106 13.4352097633
122 12.0430151045
134 9.3130385476
142 8.8410459512
145 8.7965115409
287 8.6429977090
296 7.9632018512
300 25.8280638369
evaluations raw_y
1 32.6849329845
9 24.2369058901
21 21.9091484837
23 15.9138422918
57 13.9453957838
106 13.4352097633
122 12.0430151045
134 9.3130385476
142 8.8410459512
145 8.7965115409
287 8.6429977090
296 7.9632018512
300 25.8280638369
evaluations raw_y
1 32.6849329845
9 24.2369058901
21 21.9091484837
23 15.9138422918
57 13.9453957838
106 13.4352097633
122 12.0430151045
134 9.3130385476
142 8.8410459512
145 8.7965115409
287 8.6429977090
296 7.9632018512
300 25.8280638369
evaluations raw_y
1 32.6849329845
9 24.2369058901
21 21.9091484837
23 15.9138422918
57 13.9453957838
106 13.4352097633
122 12.0430151045
134 9.3130385476
142 8.8410459512
145 8.7965115409
287 8.6429977090
296 7.9632018512
300 25.8280638369
