evaluations raw_y
1 11498750.5295843668
4 8247794.4375584451
5 633332.7746949160
13 54549.0779624273
14 3342.6426691205
55 833.6893640395
59 17447.2138229017
evaluations raw_y
1 11498750.5295843668
4 8247794.4375584451
5 633332.7746949160
7 510226.6261846597
11 496107.1139204089
15 113852.6444914698
26 85764.4501958570
29 85626.0661191825
35 344.1141748031
59 107411.1766096160
evaluations raw_y
1 11498750.5295843668
4 8247794.4375584451
5 633332.7746949160
8 145631.2722942150
32 39738.5459008152
40 16129.2385412291
51 5920.9705309562
53 470.7129012408
59 15535.2345508760
evaluations raw_y
1 11498750.5295843668
4 8247794.4375584451
5 633332.7746949160
17 444224.9022286771
22 415732.7849933894
27 7245.4765387473
39 82.5729581188
47 9.1048827141
59 26139.1973108725
evaluations raw_y
1 11498750.5295843668
4 8247794.4375584451
5 633332.7746949160
9 335450.8996569879
10 43298.5801451549
11 8372.7046646788
43 3662.1150836741
59 11508.3979867135
evaluations raw_y
1 6722539.0142573295
4 1789304.9691806380
5 202826.5354400632
10 32744.8771882773
17 26615.1995711117
23 2743.6123268546
56 1078.0958896451
59 4277.2416669555
evaluations raw_y
1 6722539.0142573295
4 1789304.9691806380
5 202826.5354400632
19 6991.8399508647
22 3849.4667022566
50 314.1534073556
59 305836.3661291985
evaluations raw_y
1 6722539.0142573295
4 1789304.9691806380
5 202826.5354400632
11 142601.1702800822
24 93526.0595074342
31 317.9674490528
49 264.8682014639
59 13233.2143204617
evaluations raw_y
1 6722539.0142573295
4 1789304.9691806380
5 202826.5354400632
9 17199.8972089677
26 4736.8220721782
39 1311.5375432819
43 1064.0889284162
45 298.9369743848
59 16630.3147578235
evaluations raw_y
1 6722539.0142573295
4 1789304.9691806380
5 202826.5354400632
7 131631.8901586726
12 3189.2428575461
14 2676.3980914273
32 244.3603463549
37 53.5119529723
58 7.3827321530
59 12277.2421648004
evaluations raw_y
1 1426546.5874152130
4 129618.7416013143
6 45499.6455433766
30 46.5876323322
59 10425.9543430076
evaluations raw_y
1 1426546.5874152130
4 129618.7416013143
6 45499.6455433766
11 26611.9525757675
23 1896.5810326527
32 799.8023676740
44 40.7533540635
59 10785.5085862509
evaluations raw_y
1 1426546.5874152130
4 129618.7416013143
6 45499.6455433766
17 16.0515326675
59 186266.6144866529
evaluations raw_y
1 1426546.5874152130
4 129618.7416013143
6 45499.6455433766
28 2941.8435980558
59 185.6178941952
evaluations raw_y
1 1426546.5874152130
4 129618.7416013143
6 45499.6455433766
10 24134.9554444082
16 3322.3771254917
59 23852.1627668256
evaluations raw_y
1 428704.8962180158
2 3684.2486933527
27 390.7079292389
39 87.7623730415
59 3718.0081424289
evaluations raw_y
1 428704.8962180158
2 3684.2486933527
26 3501.7036706146
38 2323.9774418820
50 1125.9518229055
58 597.3234681810
59 86468.0810893846
evaluations raw_y
1 428704.8962180158
2 3684.2486933527
27 3623.4481113971
41 3562.2169863714
42 3538.7023691064
45 1813.9306736349
51 741.2679917153
59 41003.0615322951
evaluations raw_y
1 428704.8962180158
2 3684.2486933527
46 880.8432416960
59 381637.1553380459
evaluations raw_y
1 428704.8962180158
2 3684.2486933527
30 3333.2989451319
44 491.1406552497
55 409.1890328174
59 135.8362350017
evaluations raw_y
1 36499038.8351561576
2 462939.6159344808
14 98299.6102904814
15 29454.5284119471
20 418.4447271331
59 14902.4281863189
evaluations raw_y
1 36499038.8351561576
2 462939.6159344808
8 430131.8804816612
9 11769.5012626611
15 4418.2843267250
59 33131.7642229664
evaluations raw_y
1 36499038.8351561576
2 462939.6159344808
11 38713.5843045155
38 122.5155616092
59 19327.3003898361
evaluations raw_y
1 36499038.8351561576
2 462939.6159344808
37 15964.4641572428
43 1334.7511448982
59 320592.5144442440
evaluations raw_y
1 36499038.8351561576
2 462939.6159344808
15 172556.8207555906
16 64.0671351571
59 21868.8307271760
evaluations raw_y
1 26853376.2649151050
2 2454589.7359019904
5 1333056.1754221651
6 4346.6336340008
8 555.3829030807
58 18.7754962454
59 1531.4612647418
evaluations raw_y
1 26853376.2649151050
2 2454589.7359019904
5 1333056.1754221651
6 4346.6336340008
51 878.9818152507
59 115770.3890124945
evaluations raw_y
1 26853376.2649151050
2 2454589.7359019904
5 1333056.1754221651
6 4346.6336340008
15 284.5243477113
56 118.7599676407
59 1821.2788294940
evaluations raw_y
1 26853376.2649151050
2 2454589.7359019904
5 1333056.1754221651
6 4346.6336340008
16 276.1243032761
58 73.5243377662
59 89739.1522511912
evaluations raw_y
1 26853376.2649151050
2 2454589.7359019904
5 1333056.1754221651
6 4346.6336340008
17 367.0501564240
41 273.6910170636
49 90.1732127403
59 17007.4691570951
evaluations raw_y
1 6599895.9474162376
2 2680627.0210822350
5 136575.9559850589
6 94.3800034610
39 2.9808429732
59 10777.8521016650
evaluations raw_y
1 6599895.9474162376
2 2680627.0210822350
5 136575.9559850589
6 94.3800034610
23 44.3854104744
42 20.7429883465
54 20.0903199976
59 5434.7722702079
evaluations raw_y
1 6599895.9474162376
2 2680627.0210822350
5 136575.9559850589
6 94.3800034610
59 51211.5764791149
evaluations raw_y
1 6599895.9474162376
2 2680627.0210822350
5 136575.9559850589
6 94.3800034610
59 7735.8516416433
evaluations raw_y
1 6599895.9474162376
2 2680627.0210822350
5 136575.9559850589
6 94.3800034610
52 56.2809171747
59 1044.5398853971
evaluations raw_y
1 2267.7188530215
59 304318.6330025599
evaluations raw_y
1 2267.7188530215
30 927.5513797204
54 319.4760447915
59 12229.2973116357
evaluations raw_y
1 2267.7188530215
59 623846.5946742778
evaluations raw_y
1 2267.7188530215
59 1697.1695015263
evaluations raw_y
1 2267.7188530215
59 103067.5750005564
evaluations raw_y
1 3936033.6186450562
4 2694089.5091227251
6 318916.0162291618
19 127302.5771590913
22 55101.0144725653
30 23886.8859682877
41 2216.6370945659
55 24.5564337709
59 45383.4328200780
evaluations raw_y
1 3936033.6186450562
4 2694089.5091227251
6 318916.0162291618
7 44674.6635539488
11 288.3061907977
59 276.7009703352
evaluations raw_y
1 3936033.6186450562
4 2694089.5091227251
6 318916.0162291618
9 161.7405127451
51 32.8273349059
59 6.5368845508
evaluations raw_y
1 3936033.6186450562
4 2694089.5091227251
6 318916.0162291618
10 2685.2894981284
29 28.3689477223
59 7.6936212363
evaluations raw_y
1 3936033.6186450562
4 2694089.5091227251
6 318916.0162291618
10 27402.3446541982
12 25642.2082309528
27 127.1601033069
59 52698.5121088180
evaluations raw_y
1 20784624.9590830579
2 3740696.3561137370
4 1388995.0148240922
5 122389.0086705701
28 44781.8368120005
38 35133.8514123830
48 7533.6135459809
57 3441.7966472818
58 60.7638510722
59 10876.1901528238
evaluations raw_y
1 20784624.9590830579
2 3740696.3561137370
4 1388995.0148240922
5 122389.0086705701
9 92056.7120378594
16 28140.7752720600
17 4565.3385805515
48 3014.7126928975
49 2467.1262648126
51 107.0478223029
59 107004.1235060442
evaluations raw_y
1 20784624.9590830579
2 3740696.3561137370
4 1388995.0148240922
5 122389.0086705701
21 72600.0930400591
25 13377.6440973821
50 11777.0366928773
52 1400.5414852478
58 109.0678496874
59 3666.9772362333
evaluations raw_y
1 20784624.9590830579
2 3740696.3561137370
4 1388995.0148240922
5 122389.0086705701
8 49766.0948135389
11 43030.0568746446
12 12426.9453482811
46 10926.0413987812
48 32.7291217855
59 186620.3824881009
evaluations raw_y
1 20784624.9590830579
2 3740696.3561137370
4 1388995.0148240922
5 122389.0086705701
13 51983.0485552828
28 940.0774146576
59 193343.5222956869
evaluations raw_y
1 1072499.7912940583
4 409710.7718449442
18 201125.0818126895
25 159336.7169351805
35 7794.4649998153
53 477.2163002306
59 1033.2998413415
evaluations raw_y
1 1072499.7912940583
4 409710.7718449442
8 43444.9815155461
18 42226.3142978783
21 825.1321405196
28 0.0805569584
59 11060.5350071470
evaluations raw_y
1 1072499.7912940583
4 409710.7718449442
9 42457.1204216021
15 23172.5444575021
36 14881.0933160739
43 3016.8068207411
49 320.7407021418
59 62057.0813558074
evaluations raw_y
1 1072499.7912940583
4 409710.7718449442
8 263.4377935850
59 7615.1566612745
evaluations raw_y
1 1072499.7912940583
4 409710.7718449442
8 138051.8281006278
9 3528.9384186155
47 1567.4426925740
59 17696.0098002646
evaluations raw_y
1 9157133.4875650182
2 2596894.8993420671
3 2007806.6566536685
12 179763.5443908568
15 17605.2003261455
38 1930.2215240816
42 618.6804666991
49 603.7024590499
59 397.5688046588
evaluations raw_y
1 9157133.4875650182
2 2596894.8993420671
3 2007806.6566536685
7 474.4246997412
51 287.5618474362
58 106.5054946715
59 10097.0994889179
evaluations raw_y
1 9157133.4875650182
2 2596894.8993420671
3 2007806.6566536685
14 323042.9958347563
18 26516.7441115688
24 2350.3756257819
48 175.0577117257
56 151.7631466581
59 950.7443040236
evaluations raw_y
1 9157133.4875650182
2 2596894.8993420671
3 2007806.6566536685
7 145417.5089781363
13 90048.6308857132
19 4085.9795471235
33 2993.3363120690
46 1097.8904081457
51 309.4461339156
55 4.6547878457
59 3501.9574287700
evaluations raw_y
1 9157133.4875650182
2 2596894.8993420671
3 2007806.6566536685
7 85665.9530813891
21 1183.8257121243
43 105.0809898830
59 2424.5733471922
evaluations raw_y
1 25488059.4447891973
2 3287985.4317767425
4 3141154.0175806899
10 517489.6678968331
11 308128.3732549900
12 160306.8689884947
32 21847.8339523261
51 4293.7983165644
56 829.5859342213
59 18221.9117931844
evaluations raw_y
1 25488059.4447891973
2 3287985.4317767425
4 3141154.0175806899
8 1263728.9119960468
11 343227.0437154709
12 94137.6763795966
36 427.7748341461
59 509.2082575936
evaluations raw_y
1 25488059.4447891973
2 3287985.4317767425
4 3141154.0175806899
19 424803.6284039885
21 387108.0512601462
23 124961.5399889249
38 95289.2448714203
55 74682.9221556775
59 342844.5310682460
evaluations raw_y
1 25488059.4447891973
2 3287985.4317767425
4 3141154.0175806899
10 1527010.8821029970
13 708021.2564666636
14 4110.6489236081
37 2921.2474641993
59 221.7994692546
evaluations raw_y
1 25488059.4447891973
2 3287985.4317767425
4 3141154.0175806899
12 120009.8385639320
18 20563.1952703010
41 3352.1633204200
45 1051.6741142021
54 400.1528249888
59 86606.5488287353
evaluations raw_y
1 29116122.1776833646
2 58418.9405872510
8 27022.2324215235
33 26.5613997333
45 21.1275669919
59 200.8053994823
evaluations raw_y
1 29116122.1776833646
2 58418.9405872510
31 3776.5965433854
42 2159.1451682301
52 227.6612057561
59 357708.2901101104
evaluations raw_y
1 29116122.1776833646
2 58418.9405872510
12 35228.4503721561
13 2393.6159269757
59 1121.0832988065
evaluations raw_y
1 29116122.1776833646
2 58418.9405872510
37 2333.8564781054
59 738.2900009592
evaluations raw_y
1 29116122.1776833646
2 58418.9405872510
29 20032.2104287438
33 904.6304997570
40 81.8229306289
59 34730.8021011260
