evaluations raw_y
1 173889.2031362297
2 61888.0347250176
3 20020.4501633807
5 15154.8008427570
14 3104.0455362437
34 574.5274963378
44 133.5175427350
45 65.0041827408
46 10.7870980943
47 10.6695490566
62 4.6222002155
88 3.3901515552
97 3.3671759767
102 2.8018709090
107 2.7817857348
150 5.8579421789
evaluations raw_y
1 173889.2031362297
2 61888.0347250176
3 20020.4501633807
5 15154.8008427570
14 3104.0455362437
34 574.5274963378
44 133.5175427350
45 65.0041827408
46 10.7870980943
47 10.6695490566
62 4.6222002155
88 3.3901515552
97 3.3671759767
102 2.8018709090
107 2.7817857348
150 5.8579421789
evaluations raw_y
1 173889.2031362297
2 61888.0347250176
3 20020.4501633807
5 15154.8008427570
14 3104.0455362437
34 574.5274963378
44 133.5175427350
45 65.0041827408
46 10.7870980943
47 10.6695490566
62 4.6222002155
88 3.3901515552
97 3.3671759767
102 2.8018709090
107 2.7817857348
150 5.8579421789
evaluations raw_y
1 173889.2031362297
2 61888.0347250176
3 20020.4501633807
5 15154.8008427570
14 3104.0455362437
34 574.5274963378
44 133.5175427350
45 65.0041827408
46 10.7870980943
47 10.6695490566
62 4.6222002155
88 3.3901515552
97 3.3671759767
102 2.8018709090
107 2.7817857348
150 5.8579421789
evaluations raw_y
1 173889.2031362297
2 61888.0347250176
3 20020.4501633807
5 15154.8008427570
14 3104.0455362437
34 574.5274963378
44 133.5175427350
45 65.0041827408
46 10.7870980943
47 10.6695490566
62 4.6222002155
88 3.3901515552
97 3.3671759767
102 2.8018709090
107 2.7817857348
150 5.8579421789
evaluations raw_y
1 359.7817392467
39 2.7747986501
150 833.0661845733
evaluations raw_y
1 359.7817392467
39 2.7747986501
150 833.0661845733
evaluations raw_y
1 359.7817392467
39 2.7747986501
150 833.0661845733
evaluations raw_y
1 359.7817392467
39 2.7747986501
150 833.0661845733
evaluations raw_y
1 359.7817392467
39 2.7747986501
150 833.0661845733
evaluations raw_y
1 20766.1367017028
2 9366.9350898587
7 8320.2413282155
17 5683.1332857228
28 5415.4358620075
29 2210.6505166756
33 836.3891821743
57 15.6131728118
75 5.0586809331
83 2.8324126191
150 4.1890503657
evaluations raw_y
1 20766.1367017028
2 9366.9350898587
7 8320.2413282155
17 5683.1332857228
28 5415.4358620075
29 2210.6505166756
33 836.3891821743
57 15.6131728118
75 5.0586809331
83 2.8324126191
150 4.1890503657
evaluations raw_y
1 20766.1367017028
2 9366.9350898587
7 8320.2413282155
17 5683.1332857228
28 5415.4358620075
29 2210.6505166756
33 836.3891821743
57 15.6131728118
75 5.0586809331
83 2.8324126191
150 4.1890503657
evaluations raw_y
1 20766.1367017028
2 9366.9350898587
7 8320.2413282155
17 5683.1332857228
28 5415.4358620075
29 2210.6505166756
33 836.3891821743
57 15.6131728118
75 5.0586809331
83 2.8324126191
150 4.1890503657
evaluations raw_y
1 20766.1367017028
2 9366.9350898587
7 8320.2413282155
17 5683.1332857228
28 5415.4358620075
29 2210.6505166756
33 836.3891821743
57 15.6131728118
75 5.0586809331
83 2.8324126191
150 4.1890503657
evaluations raw_y
1 125153.8471921082
2 19258.9041592261
3 9160.7682926524
11 6047.6873293564
19 191.6996325076
37 13.3504047564
58 4.1100591788
86 3.7164543004
104 3.7096440123
112 3.0399953894
142 2.9128428491
150 3.9093585408
evaluations raw_y
1 125153.8471921082
2 19258.9041592261
3 9160.7682926524
11 6047.6873293564
19 191.6996325076
37 13.3504047564
58 4.1100591788
86 3.7164543004
104 3.7096440123
112 3.0399953894
142 2.9128428491
150 3.9093585408
evaluations raw_y
1 125153.8471921082
2 19258.9041592261
3 9160.7682926524
11 6047.6873293564
19 191.6996325076
37 13.3504047564
58 4.1100591788
86 3.7164543004
104 3.7096440123
112 3.0399953894
142 2.9128428491
150 3.9093585408
evaluations raw_y
1 125153.8471921082
2 19258.9041592261
3 9160.7682926524
11 6047.6873293564
19 191.6996325076
37 13.3504047564
58 4.1100591788
86 3.7164543004
104 3.7096440123
112 3.0399953894
142 2.9128428491
150 3.9093585408
evaluations raw_y
1 125153.8471921082
2 19258.9041592261
3 9160.7682926524
11 6047.6873293564
19 191.6996325076
37 13.3504047564
58 4.1100591788
86 3.7164543004
104 3.7096440123
112 3.0399953894
142 2.9128428491
150 3.9093585408
evaluations raw_y
1 7128.3994461736
8 2149.0965800728
25 1222.7654874695
27 875.7588823857
33 804.5684223883
41 42.0510881453
69 4.7384808991
70 3.8474444416
83 3.6105241524
97 2.8679500955
150 4.8223125631
evaluations raw_y
1 7128.3994461736
8 2149.0965800728
25 1222.7654874695
27 875.7588823857
33 804.5684223883
41 42.0510881453
69 4.7384808991
70 3.8474444416
83 3.6105241524
97 2.8679500955
150 4.8223125631
evaluations raw_y
1 7128.3994461736
8 2149.0965800728
25 1222.7654874695
27 875.7588823857
33 804.5684223883
41 42.0510881453
69 4.7384808991
70 3.8474444416
83 3.6105241524
97 2.8679500955
150 4.8223125631
evaluations raw_y
1 7128.3994461736
8 2149.0965800728
25 1222.7654874695
27 875.7588823857
33 804.5684223883
41 42.0510881453
69 4.7384808991
70 3.8474444416
83 3.6105241524
97 2.8679500955
150 4.8223125631
evaluations raw_y
1 7128.3994461736
8 2149.0965800728
25 1222.7654874695
27 875.7588823857
33 804.5684223883
41 42.0510881453
69 4.7384808991
70 3.8474444416
83 3.6105241524
97 2.8679500955
150 4.8223125631
evaluations raw_y
1 16350.3200931007
3 11932.1276742181
9 3452.7184402825
28 3071.4330778739
39 2110.2886123593
46 3.3984029351
72 2.5522369464
150 2.7325577449
evaluations raw_y
1 16350.3200931007
3 11932.1276742181
9 3452.7184402825
28 3071.4330778739
39 2110.2886123593
46 3.3984029351
72 2.5522369464
150 2.7325577449
evaluations raw_y
1 16350.3200931007
3 11932.1276742181
9 3452.7184402825
28 3071.4330778739
39 2110.2886123593
46 3.3984029351
72 2.5522369464
150 2.7325577449
evaluations raw_y
1 16350.3200931007
3 11932.1276742181
9 3452.7184402825
28 3071.4330778739
39 2110.2886123593
46 3.3984029351
72 2.5522369464
150 2.7325577449
evaluations raw_y
1 16350.3200931007
3 11932.1276742181
9 3452.7184402825
28 3071.4330778739
39 2110.2886123593
46 3.3984029351
72 2.5522369464
150 2.7325577449
evaluations raw_y
1 24344.5417389808
7 19724.6299268848
12 3893.3366492982
25 2770.9358175967
35 1502.3040186106
41 244.5520794680
43 202.7802570997
48 15.0865612402
82 5.0847245525
84 4.3528970243
89 3.6358949435
150 77.6579191749
evaluations raw_y
1 24344.5417389808
7 19724.6299268848
12 3893.3366492982
25 2770.9358175967
35 1502.3040186106
41 244.5520794680
43 202.7802570997
48 15.0865612402
82 5.0847245525
84 4.3528970243
89 3.6358949435
150 77.6579191749
evaluations raw_y
1 24344.5417389808
7 19724.6299268848
12 3893.3366492982
25 2770.9358175967
35 1502.3040186106
41 244.5520794680
43 202.7802570997
48 15.0865612402
82 5.0847245525
84 4.3528970243
89 3.6358949435
150 77.6579191749
evaluations raw_y
1 24344.5417389808
7 19724.6299268848
12 3893.3366492982
25 2770.9358175967
35 1502.3040186106
41 244.5520794680
43 202.7802570997
48 15.0865612402
82 5.0847245525
84 4.3528970243
89 3.6358949435
150 77.6579191749
evaluations raw_y
1 24344.5417389808
7 19724.6299268848
12 3893.3366492982
25 2770.9358175967
35 1502.3040186106
41 244.5520794680
43 202.7802570997
48 15.0865612402
82 5.0847245525
84 4.3528970243
89 3.6358949435
150 77.6579191749
evaluations raw_y
1 132205.4995415590
2 26871.9156390076
5 8686.4347770845
8 4845.8295403621
19 192.4166227271
28 4.5083232034
89 3.6011329854
94 3.4618231635
111 3.2005065521
118 3.0129730314
131 1.2777484328
150 175.1556036808
evaluations raw_y
1 132205.4995415590
2 26871.9156390076
5 8686.4347770845
8 4845.8295403621
19 192.4166227271
28 4.5083232034
89 3.6011329854
94 3.4618231635
111 3.2005065521
118 3.0129730314
131 1.2777484328
150 175.1556036808
evaluations raw_y
1 132205.4995415590
2 26871.9156390076
5 8686.4347770845
8 4845.8295403621
19 192.4166227271
28 4.5083232034
89 3.6011329854
94 3.4618231635
111 3.2005065521
118 3.0129730314
131 1.2777484328
150 175.1556036808
evaluations raw_y
1 132205.4995415590
2 26871.9156390076
5 8686.4347770845
8 4845.8295403621
19 192.4166227271
28 4.5083232034
89 3.6011329854
94 3.4618231635
111 3.2005065521
118 3.0129730314
131 1.2777484328
150 175.1556036808
evaluations raw_y
1 132205.4995415590
2 26871.9156390076
5 8686.4347770845
8 4845.8295403621
19 192.4166227271
28 4.5083232034
89 3.6011329854
94 3.4618231635
111 3.2005065521
118 3.0129730314
131 1.2777484328
150 175.1556036808
evaluations raw_y
1 62033.4221494517
4 43816.0822765755
6 16.6373103285
74 3.9752072260
79 2.1621696354
150 4.3884003769
evaluations raw_y
1 62033.4221494517
4 43816.0822765755
6 16.6373103285
74 3.9752072260
79 2.1621696354
150 4.3884003769
evaluations raw_y
1 62033.4221494517
4 43816.0822765755
6 16.6373103285
74 3.9752072260
79 2.1621696354
150 4.3884003769
evaluations raw_y
1 62033.4221494517
4 43816.0822765755
6 16.6373103285
74 3.9752072260
79 2.1621696354
150 4.3884003769
evaluations raw_y
1 62033.4221494517
4 43816.0822765755
6 16.6373103285
74 3.9752072260
79 2.1621696354
150 4.3884003769
evaluations raw_y
1 179017.6933994514
2 103341.6882697567
3 27895.3175110879
8 24287.3327193220
10 21676.9802752582
15 17846.7845323999
20 11013.9865570980
28 3071.4330778739
39 2110.2886123593
46 3.3984029351
72 2.5522369464
150 2.7325577449
evaluations raw_y
1 179017.6933994514
2 103341.6882697567
3 27895.3175110879
8 24287.3327193220
10 21676.9802752582
15 17846.7845323999
20 11013.9865570980
28 3071.4330778739
39 2110.2886123593
46 3.3984029351
72 2.5522369464
150 2.7325577449
evaluations raw_y
1 179017.6933994514
2 103341.6882697567
3 27895.3175110879
8 24287.3327193220
10 21676.9802752582
15 17846.7845323999
20 11013.9865570980
28 3071.4330778739
39 2110.2886123593
46 3.3984029351
72 2.5522369464
150 2.7325577449
evaluations raw_y
1 179017.6933994514
2 103341.6882697567
3 27895.3175110879
8 24287.3327193220
10 21676.9802752582
15 17846.7845323999
20 11013.9865570980
28 3071.4330778739
39 2110.2886123593
46 3.3984029351
72 2.5522369464
150 2.7325577449
evaluations raw_y
1 179017.6933994514
2 103341.6882697567
3 27895.3175110879
8 24287.3327193220
10 21676.9802752582
15 17846.7845323999
20 11013.9865570980
28 3071.4330778739
39 2110.2886123593
46 3.3984029351
72 2.5522369464
150 2.7325577449
evaluations raw_y
1 194379.5832633293
2 7447.1808016388
19 4030.3737405637
25 1119.1500095235
57 31.3572526014
72 30.6076792756
73 3.5615190148
89 2.5750650313
127 2.5061840647
150 23.3082751080
evaluations raw_y
1 194379.5832633293
2 7447.1808016388
19 4030.3737405637
25 1119.1500095235
57 31.3572526014
72 30.6076792756
73 3.5615190148
89 2.5750650313
127 2.5061840647
150 23.3082751080
evaluations raw_y
1 194379.5832633293
2 7447.1808016388
19 4030.3737405637
25 1119.1500095235
57 31.3572526014
72 30.6076792756
73 3.5615190148
89 2.5750650313
127 2.5061840647
150 23.3082751080
evaluations raw_y
1 194379.5832633293
2 7447.1808016388
19 4030.3737405637
25 1119.1500095235
57 31.3572526014
72 30.6076792756
73 3.5615190148
89 2.5750650313
127 2.5061840647
150 23.3082751080
evaluations raw_y
1 194379.5832633293
2 7447.1808016388
19 4030.3737405637
25 1119.1500095235
57 31.3572526014
72 30.6076792756
73 3.5615190148
89 2.5750650313
127 2.5061840647
150 23.3082751080
evaluations raw_y
1 9827.1445473490
4 4522.6192641274
27 1155.5194774844
49 93.9939709427
74 3.9752072260
79 2.1621696354
150 4.3884003769
evaluations raw_y
1 9827.1445473490
4 4522.6192641274
27 1155.5194774844
49 93.9939709427
74 3.9752072260
79 2.1621696354
150 4.3884003769
evaluations raw_y
1 9827.1445473490
4 4522.6192641274
27 1155.5194774844
49 93.9939709427
74 3.9752072260
79 2.1621696354
150 4.3884003769
evaluations raw_y
1 9827.1445473490
4 4522.6192641274
27 1155.5194774844
49 93.9939709427
74 3.9752072260
79 2.1621696354
150 4.3884003769
evaluations raw_y
1 9827.1445473490
4 4522.6192641274
27 1155.5194774844
49 93.9939709427
74 3.9752072260
79 2.1621696354
150 4.3884003769
evaluations raw_y
1 95281.1384551528
2 6597.2957766563
27 1155.5194774844
49 93.9939709427
74 3.9752072260
79 2.1621696354
150 4.3884003769
evaluations raw_y
1 95281.1384551528
2 6597.2957766563
27 1155.5194774844
49 93.9939709427
74 3.9752072260
79 2.1621696354
150 4.3884003769
evaluations raw_y
1 95281.1384551528
2 6597.2957766563
27 1155.5194774844
49 93.9939709427
74 3.9752072260
79 2.1621696354
150 4.3884003769
evaluations raw_y
1 95281.1384551528
2 6597.2957766563
27 1155.5194774844
49 93.9939709427
74 3.9752072260
79 2.1621696354
150 4.3884003769
evaluations raw_y
1 95281.1384551528
2 6597.2957766563
27 1155.5194774844
49 93.9939709427
74 3.9752072260
79 2.1621696354
150 4.3884003769
evaluations raw_y
1 168771.3379793775
2 6296.2532398038
17 5683.1332857228
28 5415.4358620075
29 2210.6505166756
33 836.3891821743
57 15.6131728118
75 5.0586809331
83 2.8324126191
150 4.1890503657
evaluations raw_y
1 168771.3379793775
2 6296.2532398038
17 5683.1332857228
28 5415.4358620075
29 2210.6505166756
33 836.3891821743
57 15.6131728118
75 5.0586809331
83 2.8324126191
150 4.1890503657
evaluations raw_y
1 168771.3379793775
2 6296.2532398038
17 5683.1332857228
28 5415.4358620075
29 2210.6505166756
33 836.3891821743
57 15.6131728118
75 5.0586809331
83 2.8324126191
150 4.1890503657
evaluations raw_y
1 168771.3379793775
2 6296.2532398038
17 5683.1332857228
28 5415.4358620075
29 2210.6505166756
33 836.3891821743
57 15.6131728118
75 5.0586809331
83 2.8324126191
150 4.1890503657
evaluations raw_y
1 168771.3379793775
2 6296.2532398038
17 5683.1332857228
28 5415.4358620075
29 2210.6505166756
33 836.3891821743
57 15.6131728118
75 5.0586809331
83 2.8324126191
150 4.1890503657
