evaluations raw_y
1 55.3013127562
8 13.5188186163
19 3.4312990451
20 0.8194930640
46 0.3151294312
60 5.2855341324
evaluations raw_y
1 55.3013127562
8 13.5188186163
19 3.4312990451
20 0.8194930640
46 0.3151294312
60 5.2855341324
evaluations raw_y
1 55.3013127562
8 13.5188186163
19 3.4312990451
20 0.8194930640
46 0.3151294312
60 5.2855341324
evaluations raw_y
1 55.3013127562
8 13.5188186163
19 3.4312990451
20 0.8194930640
46 0.3151294312
60 5.2855341324
evaluations raw_y
1 55.3013127562
8 13.5188186163
19 3.4312990451
20 0.8194930640
46 0.3151294312
60 5.2855341324
evaluations raw_y
1 108.9999840181
5 107.6471833107
6 75.4797132927
7 57.9599521348
10 43.5804213140
11 43.3446166957
13 21.7364297967
23 6.5854474725
50 4.6055252407
51 2.3058174757
60 15.0430253975
evaluations raw_y
1 108.9999840181
5 107.6471833107
6 75.4797132927
7 57.9599521348
10 43.5804213140
11 43.3446166957
13 21.7364297967
23 6.5854474725
50 4.6055252407
51 2.3058174757
60 15.0430253975
evaluations raw_y
1 108.9999840181
5 107.6471833107
6 75.4797132927
7 57.9599521348
10 43.5804213140
11 43.3446166957
13 21.7364297967
23 6.5854474725
50 4.6055252407
51 2.3058174757
60 15.0430253975
evaluations raw_y
1 108.9999840181
5 107.6471833107
6 75.4797132927
7 57.9599521348
10 43.5804213140
11 43.3446166957
13 21.7364297967
23 6.5854474725
50 4.6055252407
51 2.3058174757
60 15.0430253975
evaluations raw_y
1 108.9999840181
5 107.6471833107
6 75.4797132927
7 57.9599521348
10 43.5804213140
11 43.3446166957
13 21.7364297967
23 6.5854474725
50 4.6055252407
51 2.3058174757
60 15.0430253975
evaluations raw_y
1 110.6987002471
2 11.3211559697
8 0.4057665424
60 119.1124829578
evaluations raw_y
1 110.6987002471
2 11.3211559697
8 0.4057665424
60 119.1124829578
evaluations raw_y
1 110.6987002471
2 11.3211559697
8 0.4057665424
60 119.1124829578
evaluations raw_y
1 110.6987002471
2 11.3211559697
8 0.4057665424
60 119.1124829578
evaluations raw_y
1 110.6987002471
2 11.3211559697
8 0.4057665424
60 119.1124829578
evaluations raw_y
1 56.5688588305
3 27.8077272590
8 23.3895183964
19 19.3087947986
33 3.7266553351
60 52.8838990553
evaluations raw_y
1 56.5688588305
3 27.8077272590
8 23.3895183964
19 19.3087947986
33 3.7266553351
60 52.8838990553
evaluations raw_y
1 56.5688588305
3 27.8077272590
8 23.3895183964
19 19.3087947986
33 3.7266553351
60 52.8838990553
evaluations raw_y
1 56.5688588305
3 27.8077272590
8 23.3895183964
19 19.3087947986
33 3.7266553351
60 52.8838990553
evaluations raw_y
1 56.5688588305
3 27.8077272590
8 23.3895183964
19 19.3087947986
33 3.7266553351
60 52.8838990553
evaluations raw_y
1 45.3221162082
3 33.5137072170
14 15.5503084753
18 5.6023365351
31 0.1670925466
60 1.1272775381
evaluations raw_y
1 45.3221162082
3 33.5137072170
14 15.5503084753
18 5.6023365351
31 0.1670925466
60 1.1272775381
evaluations raw_y
1 45.3221162082
3 33.5137072170
14 15.5503084753
18 5.6023365351
31 0.1670925466
60 1.1272775381
evaluations raw_y
1 45.3221162082
3 33.5137072170
14 15.5503084753
18 5.6023365351
31 0.1670925466
60 1.1272775381
evaluations raw_y
1 45.3221162082
3 33.5137072170
14 15.5503084753
18 5.6023365351
31 0.1670925466
60 1.1272775381
evaluations raw_y
1 208.5309217471
2 126.7496766905
4 17.5785071172
15 16.4832734290
28 6.7917500680
39 2.7888198506
60 31.4726514974
evaluations raw_y
1 208.5309217471
2 126.7496766905
4 17.5785071172
15 16.4832734290
28 6.7917500680
39 2.7888198506
60 31.4726514974
evaluations raw_y
1 208.5309217471
2 126.7496766905
4 17.5785071172
15 16.4832734290
28 6.7917500680
39 2.7888198506
60 31.4726514974
evaluations raw_y
1 208.5309217471
2 126.7496766905
4 17.5785071172
15 16.4832734290
28 6.7917500680
39 2.7888198506
60 31.4726514974
evaluations raw_y
1 208.5309217471
2 126.7496766905
4 17.5785071172
15 16.4832734290
28 6.7917500680
39 2.7888198506
60 31.4726514974
evaluations raw_y
1 126.0179434932
4 17.3633231878
10 5.2121902898
25 3.7234843672
60 55.5737064530
evaluations raw_y
1 126.0179434932
4 17.3633231878
10 5.2121902898
25 3.7234843672
60 55.5737064530
evaluations raw_y
1 126.0179434932
4 17.3633231878
10 5.2121902898
25 3.7234843672
60 55.5737064530
evaluations raw_y
1 126.0179434932
4 17.3633231878
10 5.2121902898
25 3.7234843672
60 55.5737064530
evaluations raw_y
1 126.0179434932
4 17.3633231878
10 5.2121902898
25 3.7234843672
60 55.5737064530
evaluations raw_y
1 81.6740564799
2 74.4299291544
5 35.7722655425
6 30.1125768619
7 7.7186677900
20 6.1548341988
21 5.8529346222
31 3.6552073162
48 1.5940839697
60 44.8620760498
evaluations raw_y
1 81.6740564799
2 74.4299291544
5 35.7722655425
6 30.1125768619
7 7.7186677900
20 6.1548341988
21 5.8529346222
31 3.6552073162
48 1.5940839697
60 44.8620760498
evaluations raw_y
1 81.6740564799
2 74.4299291544
5 35.7722655425
6 30.1125768619
7 7.7186677900
20 6.1548341988
21 5.8529346222
31 3.6552073162
48 1.5940839697
60 44.8620760498
evaluations raw_y
1 81.6740564799
2 74.4299291544
5 35.7722655425
6 30.1125768619
7 7.7186677900
20 6.1548341988
21 5.8529346222
31 3.6552073162
48 1.5940839697
60 44.8620760498
evaluations raw_y
1 81.6740564799
2 74.4299291544
5 35.7722655425
6 30.1125768619
7 7.7186677900
20 6.1548341988
21 5.8529346222
31 3.6552073162
48 1.5940839697
60 44.8620760498
evaluations raw_y
1 63.0067633049
2 6.8148167487
28 5.3985542551
29 5.3513963737
38 3.6310139146
60 430.1359719521
evaluations raw_y
1 63.0067633049
2 6.8148167487
28 5.3985542551
29 5.3513963737
38 3.6310139146
60 430.1359719521
evaluations raw_y
1 63.0067633049
2 6.8148167487
28 5.3985542551
29 5.3513963737
38 3.6310139146
60 430.1359719521
evaluations raw_y
1 63.0067633049
2 6.8148167487
28 5.3985542551
29 5.3513963737
38 3.6310139146
60 430.1359719521
evaluations raw_y
1 63.0067633049
2 6.8148167487
28 5.3985542551
29 5.3513963737
38 3.6310139146
60 430.1359719521
evaluations raw_y
1 110.3997306219
2 50.5522369853
4 20.2859657306
18 15.7519044887
23 12.9352345550
52 12.7791517739
60 6.2957128621
evaluations raw_y
1 110.3997306219
2 50.5522369853
4 20.2859657306
18 15.7519044887
23 12.9352345550
52 12.7791517739
60 6.2957128621
evaluations raw_y
1 110.3997306219
2 50.5522369853
4 20.2859657306
18 15.7519044887
23 12.9352345550
52 12.7791517739
60 6.2957128621
evaluations raw_y
1 110.3997306219
2 50.5522369853
4 20.2859657306
18 15.7519044887
23 12.9352345550
52 12.7791517739
60 6.2957128621
evaluations raw_y
1 110.3997306219
2 50.5522369853
4 20.2859657306
18 15.7519044887
23 12.9352345550
52 12.7791517739
60 6.2957128621
evaluations raw_y
1 65.1667300998
2 42.9135400887
3 18.6122730485
26 17.6039306899
60 267.8170076306
evaluations raw_y
1 65.1667300998
2 42.9135400887
3 18.6122730485
26 17.6039306899
60 267.8170076306
evaluations raw_y
1 65.1667300998
2 42.9135400887
3 18.6122730485
26 17.6039306899
60 267.8170076306
evaluations raw_y
1 65.1667300998
2 42.9135400887
3 18.6122730485
26 17.6039306899
60 267.8170076306
evaluations raw_y
1 65.1667300998
2 42.9135400887
3 18.6122730485
26 17.6039306899
60 267.8170076306
evaluations raw_y
1 253.1435638220
2 33.1297553478
21 14.6353996924
28 12.0324375445
39 9.5772618420
51 5.6301645894
60 90.5721049253
evaluations raw_y
1 253.1435638220
2 33.1297553478
21 14.6353996924
28 12.0324375445
39 9.5772618420
51 5.6301645894
60 90.5721049253
evaluations raw_y
1 253.1435638220
2 33.1297553478
21 14.6353996924
28 12.0324375445
39 9.5772618420
51 5.6301645894
60 90.5721049253
evaluations raw_y
1 253.1435638220
2 33.1297553478
21 14.6353996924
28 12.0324375445
39 9.5772618420
51 5.6301645894
60 90.5721049253
evaluations raw_y
1 253.1435638220
2 33.1297553478
21 14.6353996924
28 12.0324375445
39 9.5772618420
51 5.6301645894
60 90.5721049253
evaluations raw_y
1 160.2679902656
2 17.8856046578
4 12.8202343308
19 6.5286732277
36 4.0633021924
60 179.7895010653
evaluations raw_y
1 160.2679902656
2 17.8856046578
4 12.8202343308
19 6.5286732277
36 4.0633021924
60 179.7895010653
evaluations raw_y
1 160.2679902656
2 17.8856046578
4 12.8202343308
19 6.5286732277
36 4.0633021924
60 179.7895010653
evaluations raw_y
1 160.2679902656
2 17.8856046578
4 12.8202343308
19 6.5286732277
36 4.0633021924
60 179.7895010653
evaluations raw_y
1 160.2679902656
2 17.8856046578
4 12.8202343308
19 6.5286732277
36 4.0633021924
60 179.7895010653
evaluations raw_y
1 98.6331286750
2 98.0101686595
3 46.1293848767
7 42.4830791834
9 16.0230443318
18 15.0527602685
26 0.8854724421
60 48.8372042912
evaluations raw_y
1 98.6331286750
2 98.0101686595
3 46.1293848767
7 42.4830791834
9 16.0230443318
18 15.0527602685
26 0.8854724421
60 48.8372042912
evaluations raw_y
1 98.6331286750
2 98.0101686595
3 46.1293848767
7 42.4830791834
9 16.0230443318
18 15.0527602685
26 0.8854724421
60 48.8372042912
evaluations raw_y
1 98.6331286750
2 98.0101686595
3 46.1293848767
7 42.4830791834
9 16.0230443318
18 15.0527602685
26 0.8854724421
60 48.8372042912
evaluations raw_y
1 98.6331286750
2 98.0101686595
3 46.1293848767
7 42.4830791834
9 16.0230443318
18 15.0527602685
26 0.8854724421
60 48.8372042912
