evaluations raw_y
1 10807.4197601290
11 29.3500383775
12 19.6966337121
24 14.4278555590
25 13.6892007284
27 3.2847265507
55 3.2503030820
58 2.4064993833
59 5.9323101695
evaluations raw_y
1 10807.4197601290
18 51.0515116301
20 44.8816767933
28 12.8467121533
30 12.1137207067
46 11.8508865487
55 5.0558287234
59 7.0978545029
evaluations raw_y
1 10807.4197601290
11 3.4477219448
28 3.3902324984
35 2.8392915591
53 2.7914151155
59 3.5709306802
evaluations raw_y
1 10807.4197601290
17 36.7733882347
48 9.1795814389
53 0.1656117401
59 3.4902525406
evaluations raw_y
1 10807.4197601290
20 55.1372125443
22 43.0163173997
28 23.5503276951
49 18.5546593196
53 12.8201524572
59 1896.7658011835
evaluations raw_y
1 529074.0652364212
2 59023.3995626931
3 17263.5862672118
11 119.8060835922
13 13.8410922529
18 6.6796186044
43 6.5448835063
48 2.5071767404
50 2.4201957579
53 2.0295554796
59 7.3702665591
evaluations raw_y
1 529074.0652364212
2 59023.3995626931
3 17263.5862672118
7 6610.8063635778
9 6467.7888812715
10 3686.1166237844
12 24.0373122199
14 10.1911797175
28 3.3328229452
59 587.9249892954
evaluations raw_y
1 529074.0652364212
2 59023.3995626931
3 17263.5862672118
7 9620.1227502914
8 208.5981178746
13 169.3692859129
17 107.8258297815
18 105.8816968130
20 56.4703876365
21 11.1321847582
49 2.0923714406
59 5.5754413982
evaluations raw_y
1 529074.0652364212
2 59023.3995626931
3 17263.5862672118
12 15602.5665175547
17 2517.5108657779
19 133.9242078286
20 7.3620819609
59 8.8221307477
evaluations raw_y
1 529074.0652364212
2 59023.3995626931
3 17263.5862672118
8 80.8534601045
9 11.8468900334
23 6.2392238843
30 3.5925197647
31 2.4076507971
51 1.5362428683
53 1.2438171048
59 6.3291687281
evaluations raw_y
1 44.0595110475
6 23.5415516691
21 12.6165030725
29 12.5057048070
34 5.5940787183
44 2.1020454134
58 1.4058054135
59 0.9030352193
evaluations raw_y
1 44.0595110475
6 23.5415516691
7 3.1139827305
36 2.7584577844
41 2.4829263288
45 1.4881862946
47 1.4320327520
50 1.3875165625
56 1.3768088681
59 2.3188222889
evaluations raw_y
1 44.0595110475
6 23.5415516691
24 2.8577264733
51 2.7114475152
56 0.2332120001
59 0.3636793722
evaluations raw_y
1 44.0595110475
6 23.5415516691
18 4.4634943044
47 4.3995507968
48 2.1891118556
50 0.2059338908
59 427.1362590041
evaluations raw_y
1 44.0595110475
6 23.5415516691
14 0.0091947795
59 1173.5902081650
evaluations raw_y
1 132.0861222634
4 52.8510677166
22 36.9420581698
29 12.3849564552
46 11.0304290167
47 9.2132640027
50 6.6456042707
53 2.2098933311
59 1799.7229494166
evaluations raw_y
1 132.0861222634
4 52.8510677166
11 32.1133561084
12 26.8842721378
20 7.1366626105
27 1.3610162217
29 0.2778239739
59 0.7121659499
evaluations raw_y
1 132.0861222634
4 52.8510677166
8 24.1861747240
17 23.2049043359
26 13.3648277255
40 11.2475771118
41 8.0934899094
45 7.0610708719
49 3.2530200623
50 2.4014704117
52 1.7672206217
53 1.3149627044
59 7.4314063384
evaluations raw_y
1 132.0861222634
4 52.8510677166
10 36.7694120659
16 12.7637407721
20 8.3729595731
21 7.1302480202
22 1.6582742018
26 0.2792349531
59 2550.7717925402
evaluations raw_y
1 132.0861222634
4 52.8510677166
10 48.4699854517
11 47.9927248839
23 8.6129843035
52 2.7965159984
53 0.1162122213
59 389.6013979461
evaluations raw_y
1 100226.0414807870
2 95091.6675684782
3 80.7222662938
4 51.1457162317
14 4.3967141328
26 1.5726713741
28 0.7397009460
51 0.3808138329
59 1922.3215942255
evaluations raw_y
1 100226.0414807870
2 95091.6675684782
3 80.7222662938
4 51.1457162317
8 42.4818275199
22 32.5764236060
26 31.3217585664
30 24.0999630374
32 23.9044847626
35 23.4430954190
37 23.0826876451
40 19.2361563321
41 13.6608691593
43 12.5967063794
44 8.0366668081
48 4.3912814158
54 2.4498747830
59 63753.2252191347
evaluations raw_y
1 100226.0414807870
2 95091.6675684782
3 80.7222662938
4 51.1457162317
8 7.3996739092
29 4.7101314712
37 2.9997771762
40 2.6900077299
41 1.3828113428
43 0.3676692455
59 3.1669377110
evaluations raw_y
1 100226.0414807870
2 95091.6675684782
3 80.7222662938
4 51.1457162317
12 47.0255278115
18 33.8274033435
23 33.2820496426
24 6.3855174305
50 4.8261637154
53 2.6915288607
54 1.2847714306
58 0.5915954611
59 6957.6378793532
evaluations raw_y
1 100226.0414807870
2 95091.6675684782
3 80.7222662938
4 51.1457162317
26 10.5202546834
49 10.3522052760
54 7.8007389303
59 1997.6903963222
evaluations raw_y
1 5.5742032881
5 1.7921236042
56 0.7304219384
59 1.5313538791
evaluations raw_y
1 5.5742032881
5 1.7921236042
43 1.3736946661
47 0.1941341158
59 1.3518250796
evaluations raw_y
1 5.5742032881
5 1.7921236042
46 1.5501933442
55 1.3848709860
57 0.1621938508
59 38.0141697936
evaluations raw_y
1 5.5742032881
5 1.7921236042
53 1.4444359508
56 1.3407854240
57 1.3316102356
58 1.2288483216
59 123.5950591309
evaluations raw_y
1 5.5742032881
5 1.7921236042
51 0.3886006632
59 109.9352974978
evaluations raw_y
1 190814.1851923359
2 18296.3371442756
17 5470.3422748928
18 2.6154535066
44 0.9101180862
45 0.1559284574
58 0.0418973452
59 94.0011553683
evaluations raw_y
1 190814.1851923359
2 18296.3371442756
10 17006.5984834868
11 34.6687669295
16 33.0720498602
17 23.6120068003
33 12.0133064266
51 7.6429446662
52 6.7113279190
55 3.6024617524
59 0.4024227904
evaluations raw_y
1 190814.1851923359
2 18296.3371442756
8 11411.5706781852
12 3881.9463899779
13 21.8836677598
17 19.8373644882
29 12.4380718414
44 12.2601149355
53 2.1128548652
55 1.2802459383
59 7.0993799273
evaluations raw_y
1 190814.1851923359
2 18296.3371442756
7 16490.3714044662
9 12053.7128535314
29 2457.5620017286
31 135.8245220899
32 8.7518995495
35 7.1525954710
41 2.0501145235
52 0.3947144949
59 6662.0428583052
evaluations raw_y
1 190814.1851923359
2 18296.3371442756
14 9275.1013054946
32 32.7755039414
48 25.3060465927
54 20.3987868874
55 16.4760057642
59 17.8821064375
evaluations raw_y
1 214.3523931068
2 68.9287525322
4 22.2388454166
10 12.8791631786
28 2.2002223418
41 1.9669959516
44 1.0371067911
59 2.8850229726
evaluations raw_y
1 214.3523931068
2 68.9287525322
4 22.2388454166
9 2.5827188132
15 1.3885073021
49 1.3125929566
51 0.4881355579
56 0.3260602300
57 0.1000041273
59 0.3416929368
evaluations raw_y
1 214.3523931068
2 68.9287525322
4 22.2388454166
18 20.9183826295
42 12.5962770281
53 12.5476284093
59 430.0615107718
evaluations raw_y
1 214.3523931068
2 68.9287525322
4 22.2388454166
12 12.9961005622
27 7.3377560346
34 7.1028735925
36 4.9645215329
38 4.5750662602
39 1.1397336985
59 3.3501242992
evaluations raw_y
1 214.3523931068
2 68.9287525322
4 22.2388454166
17 13.2705187615
20 4.9186502802
36 1.3279271239
48 0.8119202120
52 0.1498989724
59 117.9059490464
evaluations raw_y
1 66742.5415180300
11 2072.0777006722
12 37.5082713100
18 22.9513921901
30 6.1906093292
45 2.5263951904
57 1.4544120063
59 1.3606218755
evaluations raw_y
1 66742.5415180300
25 33980.2528090305
26 251.2206898483
27 12.5095080611
49 11.5410802421
54 3.7591590093
56 2.9922900551
58 2.2228077420
59 9903.6755875473
evaluations raw_y
1 66742.5415180300
7 63079.8492861109
9 62548.9994032644
14 62078.9277867220
18 58209.9953789521
19 17136.1331734389
24 70.6137031159
27 11.4390951481
51 6.7623477757
54 1.3048316742
59 26355.1597149473
evaluations raw_y
1 66742.5415180300
22 4673.7546033153
23 47.8819709703
49 24.0328512067
51 22.9154054639
59 40.0659025731
evaluations raw_y
1 66742.5415180300
17 64345.9605088042
20 11.6704549961
49 9.0010596058
58 0.7720645788
59 6468.3573843447
evaluations raw_y
1 194160.7734649119
4 129278.7860106252
5 28.1112294602
53 1.3448844625
59 1.4120209880
evaluations raw_y
1 194160.7734649119
4 129278.7860106252
5 28.1112294602
12 6.1270683788
17 3.8665848541
29 1.3605596953
41 0.6665429937
46 0.5701105956
59 1.1969919938
evaluations raw_y
1 194160.7734649119
4 129278.7860106252
5 28.1112294602
9 22.1742800212
13 6.5674958662
30 6.3346734716
40 2.2201057958
49 0.1623965662
58 0.0780394934
59 4222.7085057848
evaluations raw_y
1 194160.7734649119
4 129278.7860106252
5 28.1112294602
13 24.0638267119
17 12.6040971175
24 8.6973605286
32 6.7492003527
51 5.6648855771
52 3.5375913933
58 3.0511284924
59 7.6103113411
evaluations raw_y
1 194160.7734649119
4 129278.7860106252
5 28.1112294602
24 22.2326461439
44 6.7675768426
45 5.3947024689
59 16750.7675664243
evaluations raw_y
1 121320.4494961821
2 118.8241398796
6 19.4099152505
38 3.0803182950
39 0.8005834360
46 0.4917213649
50 0.3667344708
59 18.1808984357
evaluations raw_y
1 121320.4494961821
2 118.8241398796
6 19.4099152505
23 4.9570921511
41 0.7280482192
53 0.1946704194
58 0.1344718709
59 0.2300428201
evaluations raw_y
1 121320.4494961821
2 118.8241398796
6 19.4099152505
22 10.6022412021
28 8.5787680732
40 3.8654084774
56 1.5001824900
58 1.4699622939
59 7.3638583588
evaluations raw_y
1 121320.4494961821
2 118.8241398796
6 19.4099152505
27 13.8559045688
30 7.6047280114
36 6.1732637793
42 3.3388401548
48 2.6042718148
50 2.4518971238
51 1.7589735147
54 0.5131478914
59 2026.6937166116
evaluations raw_y
1 121320.4494961821
2 118.8241398796
6 19.4099152505
14 2.9288860717
42 2.5519390878
45 2.2855560681
48 2.1347890035
56 1.3259079093
59 2.1520154935
evaluations raw_y
1 109.4798367838
2 24.5523568063
8 6.6088417572
22 0.5512688785
53 0.4202239378
56 0.0966650880
59 0.1393399423
evaluations raw_y
1 109.4798367838
2 24.5523568063
15 24.1072022598
21 12.8858927018
31 12.5627216705
37 7.8946722515
38 3.9351833666
49 2.3018236320
59 13.5830351618
evaluations raw_y
1 109.4798367838
2 24.5523568063
7 22.5253986195
12 4.1286676387
39 2.7924089543
52 2.4309919772
59 2.7840373733
evaluations raw_y
1 109.4798367838
2 24.5523568063
7 4.1430379230
19 3.1428419709
29 0.0807410491
54 0.0799854934
59 0.1814282967
evaluations raw_y
1 109.4798367838
2 24.5523568063
21 5.5912387860
50 5.3932990611
52 4.0187006020
53 1.5122446389
54 1.1866703293
56 0.5598927435
59 43.7902809765
evaluations raw_y
1 29531.1269627230
4 22198.5113438281
8 6979.9081972743
15 1.5134488825
23 1.2816523978
44 0.2873955039
52 0.2714341928
59 0.7338964213
evaluations raw_y
1 29531.1269627230
4 22198.5113438281
16 7686.1624893075
20 13.3970119367
24 3.9542294332
59 1.3605018506
evaluations raw_y
1 29531.1269627230
4 22198.5113438281
8 15058.2098650175
10 456.1437629918
14 101.0839182307
17 74.4444051479
18 25.4997011291
51 23.3250207026
54 19.6540032146
55 12.6482471654
56 6.5249192212
58 3.1833455924
59 77.3019580479
evaluations raw_y
1 29531.1269627230
4 22198.5113438281
7 9400.6751714984
8 7673.2321846782
10 3.4648086664
35 2.2925229345
39 0.0427503247
59 0.9652773393
evaluations raw_y
1 29531.1269627230
4 22198.5113438281
11 3268.4361498834
14 21.4749052273
30 8.6010024740
36 0.5898091799
59 7181.8845042123
evaluations raw_y
1 286.7083103203
3 37.3079207994
4 8.5192389304
24 7.6540201681
26 5.5249091098
37 1.3924645642
58 0.0930190433
59 4.0757843535
evaluations raw_y
1 286.7083103203
3 37.3079207994
4 8.5192389304
31 5.8732080879
40 0.6275386810
59 1.8818183091
evaluations raw_y
1 286.7083103203
3 37.3079207994
4 8.5192389304
13 7.0672673859
44 4.1123470246
45 2.2543330907
59 3.0871031626
evaluations raw_y
1 286.7083103203
3 37.3079207994
4 8.5192389304
43 6.2619610089
47 0.3075255246
59 2007.2422203320
evaluations raw_y
1 286.7083103203
3 37.3079207994
4 8.5192389304
7 6.7590069411
16 0.1465783544
53 0.0922148892
57 0.0672305613
59 0.0371760304
