evaluations raw_y
1 15.2032601476
11 13.1275449302
16 5.1326456137
23 3.8812321585
28 0.4279683205
83 0.2443837970
84 0.1599698863
90 1.0507626383
evaluations raw_y
1 15.2032601476
11 13.1275449302
16 5.1326456137
23 3.8812321585
28 0.4279683205
83 0.2443837970
84 0.1599698863
90 1.0507626383
evaluations raw_y
1 15.2032601476
11 13.1275449302
16 5.1326456137
23 3.8812321585
28 0.4279683205
83 0.2443837970
84 0.1599698863
90 1.0507626383
evaluations raw_y
1 15.2032601476
11 13.1275449302
16 5.1326456137
23 3.8812321585
28 0.4279683205
83 0.2443837970
84 0.1599698863
90 1.0507626383
evaluations raw_y
1 15.2032601476
11 13.1275449302
16 5.1326456137
23 3.8812321585
28 0.4279683205
83 0.2443837970
84 0.1599698863
90 1.0507626383
evaluations raw_y
1 146.5563458216
2 61.3472509903
4 10.2442244231
17 6.8263891654
28 4.8816257344
30 2.9407192408
31 2.9143927418
34 2.7791207987
39 1.3886842743
44 1.0923880368
45 1.0323258126
47 0.3446318055
76 0.1711529228
78 0.0882529101
81 0.0774321316
82 0.0666911005
90 0.0085638736
evaluations raw_y
1 146.5563458216
2 61.3472509903
4 10.2442244231
17 6.8263891654
28 4.8816257344
30 2.9407192408
31 2.9143927418
34 2.7791207987
39 1.3886842743
44 1.0923880368
45 1.0323258126
47 0.3446318055
76 0.1711529228
78 0.0882529101
81 0.0774321316
82 0.0666911005
90 0.0085638736
evaluations raw_y
1 146.5563458216
2 61.3472509903
4 10.2442244231
17 6.8263891654
28 4.8816257344
30 2.9407192408
31 2.9143927418
34 2.7791207987
39 1.3886842743
44 1.0923880368
45 1.0323258126
47 0.3446318055
76 0.1711529228
78 0.0882529101
81 0.0774321316
82 0.0666911005
90 0.0085638736
evaluations raw_y
1 146.5563458216
2 61.3472509903
4 10.2442244231
17 6.8263891654
28 4.8816257344
30 2.9407192408
31 2.9143927418
34 2.7791207987
39 1.3886842743
44 1.0923880368
45 1.0323258126
47 0.3446318055
76 0.1711529228
78 0.0882529101
81 0.0774321316
82 0.0666911005
90 0.0085638736
evaluations raw_y
1 146.5563458216
2 61.3472509903
4 10.2442244231
17 6.8263891654
28 4.8816257344
30 2.9407192408
31 2.9143927418
34 2.7791207987
39 1.3886842743
44 1.0923880368
45 1.0323258126
47 0.3446318055
76 0.1711529228
78 0.0882529101
81 0.0774321316
82 0.0666911005
90 0.0085638736
evaluations raw_y
1 3.7498434244
20 1.5845973055
32 0.2761278598
54 0.2274811369
72 0.1236258806
76 0.1024792946
88 0.0281360042
90 4.1103606021
evaluations raw_y
1 3.7498434244
20 1.5845973055
32 0.2761278598
54 0.2274811369
72 0.1236258806
76 0.1024792946
88 0.0281360042
90 4.1103606021
evaluations raw_y
1 3.7498434244
20 1.5845973055
32 0.2761278598
54 0.2274811369
72 0.1236258806
76 0.1024792946
88 0.0281360042
90 4.1103606021
evaluations raw_y
1 3.7498434244
20 1.5845973055
32 0.2761278598
54 0.2274811369
72 0.1236258806
76 0.1024792946
88 0.0281360042
90 4.1103606021
evaluations raw_y
1 3.7498434244
20 1.5845973055
32 0.2761278598
54 0.2274811369
72 0.1236258806
76 0.1024792946
88 0.0281360042
90 4.1103606021
evaluations raw_y
1 22.1356000338
4 18.9299950372
18 2.9173479361
19 0.7905303842
63 0.6354151004
72 0.1843312381
90 1.2242968111
evaluations raw_y
1 22.1356000338
4 18.9299950372
18 2.9173479361
19 0.7905303842
63 0.6354151004
72 0.1843312381
90 1.2242968111
evaluations raw_y
1 22.1356000338
4 18.9299950372
18 2.9173479361
19 0.7905303842
63 0.6354151004
72 0.1843312381
90 1.2242968111
evaluations raw_y
1 22.1356000338
4 18.9299950372
18 2.9173479361
19 0.7905303842
63 0.6354151004
72 0.1843312381
90 1.2242968111
evaluations raw_y
1 22.1356000338
4 18.9299950372
18 2.9173479361
19 0.7905303842
63 0.6354151004
72 0.1843312381
90 1.2242968111
evaluations raw_y
1 11.0575402674
3 10.8270292524
5 2.3478030806
20 1.5840137018
21 0.8919570298
38 0.4223231005
72 0.3411009536
83 0.1817389787
85 0.1727226230
90 2.8596424594
evaluations raw_y
1 11.0575402674
3 10.8270292524
5 2.3478030806
20 1.5840137018
21 0.8919570298
38 0.4223231005
72 0.3411009536
83 0.1817389787
85 0.1727226230
90 2.8596424594
evaluations raw_y
1 11.0575402674
3 10.8270292524
5 2.3478030806
20 1.5840137018
21 0.8919570298
38 0.4223231005
72 0.3411009536
83 0.1817389787
85 0.1727226230
90 2.8596424594
evaluations raw_y
1 11.0575402674
3 10.8270292524
5 2.3478030806
20 1.5840137018
21 0.8919570298
38 0.4223231005
72 0.3411009536
83 0.1817389787
85 0.1727226230
90 2.8596424594
evaluations raw_y
1 11.0575402674
3 10.8270292524
5 2.3478030806
20 1.5840137018
21 0.8919570298
38 0.4223231005
72 0.3411009536
83 0.1817389787
85 0.1727226230
90 2.8596424594
evaluations raw_y
1 39.2309843454
2 3.2450698051
24 2.5752141599
27 2.0601657826
33 0.5228222750
42 0.1962758402
73 0.1545603083
80 0.1411925912
81 0.1333258607
90 0.1178301744
evaluations raw_y
1 39.2309843454
2 3.2450698051
24 2.5752141599
27 2.0601657826
33 0.5228222750
42 0.1962758402
73 0.1545603083
80 0.1411925912
81 0.1333258607
90 0.1178301744
evaluations raw_y
1 39.2309843454
2 3.2450698051
24 2.5752141599
27 2.0601657826
33 0.5228222750
42 0.1962758402
73 0.1545603083
80 0.1411925912
81 0.1333258607
90 0.1178301744
evaluations raw_y
1 39.2309843454
2 3.2450698051
24 2.5752141599
27 2.0601657826
33 0.5228222750
42 0.1962758402
73 0.1545603083
80 0.1411925912
81 0.1333258607
90 0.1178301744
evaluations raw_y
1 39.2309843454
2 3.2450698051
24 2.5752141599
27 2.0601657826
33 0.5228222750
42 0.1962758402
73 0.1545603083
80 0.1411925912
81 0.1333258607
90 0.1178301744
evaluations raw_y
1 27.8507390239
2 17.0347957090
15 14.4547308481
16 7.2609741014
21 6.4222516185
22 4.8513316919
30 2.8809629111
64 2.0533440322
67 1.3394810803
68 0.7919633849
69 0.3699214040
82 0.1224914060
90 6.2916407082
evaluations raw_y
1 27.8507390239
2 17.0347957090
15 14.4547308481
16 7.2609741014
21 6.4222516185
22 4.8513316919
30 2.8809629111
64 2.0533440322
67 1.3394810803
68 0.7919633849
69 0.3699214040
82 0.1224914060
90 6.2916407082
evaluations raw_y
1 27.8507390239
2 17.0347957090
15 14.4547308481
16 7.2609741014
21 6.4222516185
22 4.8513316919
30 2.8809629111
64 2.0533440322
67 1.3394810803
68 0.7919633849
69 0.3699214040
82 0.1224914060
90 6.2916407082
evaluations raw_y
1 27.8507390239
2 17.0347957090
15 14.4547308481
16 7.2609741014
21 6.4222516185
22 4.8513316919
30 2.8809629111
64 2.0533440322
67 1.3394810803
68 0.7919633849
69 0.3699214040
82 0.1224914060
90 6.2916407082
evaluations raw_y
1 27.8507390239
2 17.0347957090
15 14.4547308481
16 7.2609741014
21 6.4222516185
22 4.8513316919
30 2.8809629111
64 2.0533440322
67 1.3394810803
68 0.7919633849
69 0.3699214040
82 0.1224914060
90 6.2916407082
evaluations raw_y
1 82.4261395371
2 44.6575141637
5 43.5116632045
7 18.5738869731
23 18.4873383535
24 3.5730458379
29 3.5163212747
31 2.5186534629
33 1.0040308054
55 0.1568719719
90 6.7387445953
evaluations raw_y
1 82.4261395371
2 44.6575141637
5 43.5116632045
7 18.5738869731
23 18.4873383535
24 3.5730458379
29 3.5163212747
31 2.5186534629
33 1.0040308054
55 0.1568719719
90 6.7387445953
evaluations raw_y
1 82.4261395371
2 44.6575141637
5 43.5116632045
7 18.5738869731
23 18.4873383535
24 3.5730458379
29 3.5163212747
31 2.5186534629
33 1.0040308054
55 0.1568719719
90 6.7387445953
evaluations raw_y
1 82.4261395371
2 44.6575141637
5 43.5116632045
7 18.5738869731
23 18.4873383535
24 3.5730458379
29 3.5163212747
31 2.5186534629
33 1.0040308054
55 0.1568719719
90 6.7387445953
evaluations raw_y
1 82.4261395371
2 44.6575141637
5 43.5116632045
7 18.5738869731
23 18.4873383535
24 3.5730458379
29 3.5163212747
31 2.5186534629
33 1.0040308054
55 0.1568719719
90 6.7387445953
evaluations raw_y
1 8.8175146788
8 1.9442389841
38 0.7539590608
51 0.6846154423
52 0.4655560697
64 0.3253980978
84 0.2248425960
90 1.5748537640
evaluations raw_y
1 8.8175146788
8 1.9442389841
38 0.7539590608
51 0.6846154423
52 0.4655560697
64 0.3253980978
84 0.2248425960
90 1.5748537640
evaluations raw_y
1 8.8175146788
8 1.9442389841
38 0.7539590608
51 0.6846154423
52 0.4655560697
64 0.3253980978
84 0.2248425960
90 1.5748537640
evaluations raw_y
1 8.8175146788
8 1.9442389841
38 0.7539590608
51 0.6846154423
52 0.4655560697
64 0.3253980978
84 0.2248425960
90 1.5748537640
evaluations raw_y
1 8.8175146788
8 1.9442389841
38 0.7539590608
51 0.6846154423
52 0.4655560697
64 0.3253980978
84 0.2248425960
90 1.5748537640
evaluations raw_y
1 1.6416309342
43 1.0210731996
47 0.4777291747
48 0.2827543680
52 0.1612809149
65 0.0493560377
90 3.5313823665
evaluations raw_y
1 1.6416309342
43 1.0210731996
47 0.4777291747
48 0.2827543680
52 0.1612809149
65 0.0493560377
90 3.5313823665
evaluations raw_y
1 1.6416309342
43 1.0210731996
47 0.4777291747
48 0.2827543680
52 0.1612809149
65 0.0493560377
90 3.5313823665
evaluations raw_y
1 1.6416309342
43 1.0210731996
47 0.4777291747
48 0.2827543680
52 0.1612809149
65 0.0493560377
90 3.5313823665
evaluations raw_y
1 1.6416309342
43 1.0210731996
47 0.4777291747
48 0.2827543680
52 0.1612809149
65 0.0493560377
90 3.5313823665
evaluations raw_y
1 23.4731701153
3 20.0635654735
4 14.6366327654
21 11.5158602500
24 7.3629116486
26 6.4038892171
28 5.6115934453
31 4.9145878486
34 2.4607239997
39 1.6929215712
56 0.9558889445
60 0.5799089459
62 0.5598420145
66 0.5179395227
85 0.2806730483
86 0.1659000463
90 1.7383167588
evaluations raw_y
1 23.4731701153
3 20.0635654735
4 14.6366327654
21 11.5158602500
24 7.3629116486
26 6.4038892171
28 5.6115934453
31 4.9145878486
34 2.4607239997
39 1.6929215712
56 0.9558889445
60 0.5799089459
62 0.5598420145
66 0.5179395227
85 0.2806730483
86 0.1659000463
90 1.7383167588
evaluations raw_y
1 23.4731701153
3 20.0635654735
4 14.6366327654
21 11.5158602500
24 7.3629116486
26 6.4038892171
28 5.6115934453
31 4.9145878486
34 2.4607239997
39 1.6929215712
56 0.9558889445
60 0.5799089459
62 0.5598420145
66 0.5179395227
85 0.2806730483
86 0.1659000463
90 1.7383167588
evaluations raw_y
1 23.4731701153
3 20.0635654735
4 14.6366327654
21 11.5158602500
24 7.3629116486
26 6.4038892171
28 5.6115934453
31 4.9145878486
34 2.4607239997
39 1.6929215712
56 0.9558889445
60 0.5799089459
62 0.5598420145
66 0.5179395227
85 0.2806730483
86 0.1659000463
90 1.7383167588
evaluations raw_y
1 23.4731701153
3 20.0635654735
4 14.6366327654
21 11.5158602500
24 7.3629116486
26 6.4038892171
28 5.6115934453
31 4.9145878486
34 2.4607239997
39 1.6929215712
56 0.9558889445
60 0.5799089459
62 0.5598420145
66 0.5179395227
85 0.2806730483
86 0.1659000463
90 1.7383167588
evaluations raw_y
1 26.2413284784
4 6.2482111933
12 0.3456580409
32 0.3111746914
52 0.1867111495
53 0.0400927096
90 2.6870526434
evaluations raw_y
1 26.2413284784
4 6.2482111933
12 0.3456580409
32 0.3111746914
52 0.1867111495
53 0.0400927096
90 2.6870526434
evaluations raw_y
1 26.2413284784
4 6.2482111933
12 0.3456580409
32 0.3111746914
52 0.1867111495
53 0.0400927096
90 2.6870526434
evaluations raw_y
1 26.2413284784
4 6.2482111933
12 0.3456580409
32 0.3111746914
52 0.1867111495
53 0.0400927096
90 2.6870526434
evaluations raw_y
1 26.2413284784
4 6.2482111933
12 0.3456580409
32 0.3111746914
52 0.1867111495
53 0.0400927096
90 2.6870526434
evaluations raw_y
1 80.6330614242
2 24.4690623163
7 6.8752377287
21 3.4139155154
35 2.4534869210
36 0.6547419295
54 0.1768761848
90 2.5601612298
evaluations raw_y
1 80.6330614242
2 24.4690623163
7 6.8752377287
21 3.4139155154
35 2.4534869210
36 0.6547419295
54 0.1768761848
90 2.5601612298
evaluations raw_y
1 80.6330614242
2 24.4690623163
7 6.8752377287
21 3.4139155154
35 2.4534869210
36 0.6547419295
54 0.1768761848
90 2.5601612298
evaluations raw_y
1 80.6330614242
2 24.4690623163
7 6.8752377287
21 3.4139155154
35 2.4534869210
36 0.6547419295
54 0.1768761848
90 2.5601612298
evaluations raw_y
1 80.6330614242
2 24.4690623163
7 6.8752377287
21 3.4139155154
35 2.4534869210
36 0.6547419295
54 0.1768761848
90 2.5601612298
evaluations raw_y
1 27.9335035862
3 14.7358729849
6 3.8033137740
28 0.8827485818
31 0.3800948775
43 0.1910213636
71 0.1751632607
83 0.1550578026
90 20.1213020272
evaluations raw_y
1 27.9335035862
3 14.7358729849
6 3.8033137740
28 0.8827485818
31 0.3800948775
43 0.1910213636
71 0.1751632607
83 0.1550578026
90 20.1213020272
evaluations raw_y
1 27.9335035862
3 14.7358729849
6 3.8033137740
28 0.8827485818
31 0.3800948775
43 0.1910213636
71 0.1751632607
83 0.1550578026
90 20.1213020272
evaluations raw_y
1 27.9335035862
3 14.7358729849
6 3.8033137740
28 0.8827485818
31 0.3800948775
43 0.1910213636
71 0.1751632607
83 0.1550578026
90 20.1213020272
evaluations raw_y
1 27.9335035862
3 14.7358729849
6 3.8033137740
28 0.8827485818
31 0.3800948775
43 0.1910213636
71 0.1751632607
83 0.1550578026
90 20.1213020272
