evaluations raw_y
1 30.0925972032
2 8.9692397029
3 6.8125114944
44 6.6599976088
86 5.9655052992
87 4.5256342675
88 3.3191501400
89 14.5184656874
evaluations raw_y
1 30.0925972032
2 8.9692397029
3 6.8125114944
20 6.1639662865
46 4.7504605399
85 2.5279882455
89 29.2076632584
evaluations raw_y
1 30.0925972032
2 8.9692397029
3 6.8125114944
64 4.4379214085
89 8.2331588592
evaluations raw_y
1 30.0925972032
2 8.9692397029
3 6.8125114944
36 3.1165920676
89 17.4217244510
evaluations raw_y
1 30.0925972032
2 8.9692397029
3 6.8125114944
69 5.7956008710
89 39.0746467220
evaluations raw_y
1 35.8682684208
3 11.8243495554
7 5.1958154652
16 3.4216941729
89 9.3896418432
evaluations raw_y
1 35.8682684208
3 11.8243495554
7 5.1958154652
45 4.5602039801
73 3.7240856843
89 28.4670587441
evaluations raw_y
1 35.8682684208
3 11.8243495554
7 5.1958154652
63 4.7745192109
86 2.4854248656
89 41.5905009558
evaluations raw_y
1 35.8682684208
3 11.8243495554
7 5.1958154652
64 4.3174197452
89 19.5387792688
evaluations raw_y
1 35.8682684208
3 11.8243495554
7 5.1958154652
89 10.3291067411
evaluations raw_y
1 12.0612887761
5 6.4814740190
42 2.2409491244
89 32.8917206879
evaluations raw_y
1 12.0612887761
5 6.4814740190
86 3.4254962543
89 5.2959938431
evaluations raw_y
1 12.0612887761
5 6.4814740190
40 2.1783843433
89 15.2293288706
evaluations raw_y
1 12.0612887761
5 6.4814740190
58 3.5245931044
89 25.1087273884
evaluations raw_y
1 12.0612887761
5 6.4814740190
55 4.2470242260
89 41.0853164762
evaluations raw_y
1 15.9325438832
3 15.3712167999
7 10.5578938662
8 8.5253402997
39 7.0127811292
47 4.3388853271
89 11.1365299314
evaluations raw_y
1 15.9325438832
3 15.3712167999
7 10.5578938662
8 8.5253402997
79 7.5188383065
89 32.5783248317
evaluations raw_y
1 15.9325438832
3 15.3712167999
7 10.5578938662
8 8.5253402997
22 7.4147946922
32 4.4973297265
89 44.1741361653
evaluations raw_y
1 15.9325438832
3 15.3712167999
7 10.5578938662
8 8.5253402997
48 6.5501265652
54 6.3562691146
74 2.6375006649
89 48.2903782904
evaluations raw_y
1 15.9325438832
3 15.3712167999
7 10.5578938662
8 8.5253402997
86 8.4991628127
89 32.7355365474
evaluations raw_y
1 40.6262146306
4 35.3471713693
5 5.2281759016
53 4.3733394128
89 7.0120329797
evaluations raw_y
1 40.6262146306
4 35.3471713693
5 5.2281759016
88 4.5134546980
89 46.4518992944
evaluations raw_y
1 40.6262146306
4 35.3471713693
5 5.2281759016
54 4.5305747367
89 23.8001374433
evaluations raw_y
1 40.6262146306
4 35.3471713693
5 5.2281759016
61 2.8605830368
89 13.9881462104
evaluations raw_y
1 40.6262146306
4 35.3471713693
5 5.2281759016
56 4.5769870128
89 14.7408935947
evaluations raw_y
1 32.9072673726
2 19.5517869213
3 17.2554560763
4 11.6895787272
13 8.6992047543
16 4.5078727952
32 3.2768503730
89 16.7543565447
evaluations raw_y
1 32.9072673726
2 19.5517869213
3 17.2554560763
4 11.6895787272
38 4.9216750486
67 3.0502799668
72 3.2896636080
89 8.9871364113
evaluations raw_y
1 32.9072673726
2 19.5517869213
3 17.2554560763
4 11.6895787272
29 9.5552664360
35 4.9960372783
89 9.9430793597
evaluations raw_y
1 32.9072673726
2 19.5517869213
3 17.2554560763
4 11.6895787272
29 11.2738186109
30 8.5815175149
45 6.3829251579
71 2.3125943388
89 54.3795509313
evaluations raw_y
1 32.9072673726
2 19.5517869213
3 17.2554560763
4 11.6895787272
16 11.3434996565
19 8.4458979870
59 7.2610064659
65 6.2680924538
89 12.4170818951
evaluations raw_y
1 30.9866237763
2 29.1919481949
3 10.3932333970
10 4.1651019254
81 1.6706323354
89 11.9524138310
evaluations raw_y
1 30.9866237763
2 29.1919481949
3 10.3932333970
74 6.8789312191
89 8.9044127776
evaluations raw_y
1 30.9866237763
2 29.1919481949
3 10.3932333970
26 8.5577966818
29 7.2483029473
71 6.1756591557
89 40.5721481676
evaluations raw_y
1 30.9866237763
2 29.1919481949
3 10.3932333970
30 6.8042859633
41 3.7573489293
43 3.7521794109
89 39.6671821857
evaluations raw_y
1 30.9866237763
2 29.1919481949
3 10.3932333970
13 4.9884130354
78 4.5891415318
89 8.8905329856
evaluations raw_y
1 22.8084072418
3 8.8204007809
4 2.3033827659
89 21.3697008448
evaluations raw_y
1 22.8084072418
3 8.8204007809
4 2.3033827659
89 23.8291036900
evaluations raw_y
1 22.8084072418
3 8.8204007809
4 2.3033827659
84 0.9323130473
89 6.3207619537
evaluations raw_y
1 22.8084072418
3 8.8204007809
4 2.3033827659
89 26.1230450247
evaluations raw_y
1 22.8084072418
3 8.8204007809
4 2.3033827659
89 11.6569595288
evaluations raw_y
1 18.2126082746
2 10.6361890008
31 8.6374664363
44 7.6067064772
54 3.2762979702
85 3.2367940132
89 40.0173080852
evaluations raw_y
1 18.2126082746
2 10.6361890008
10 8.5456219618
13 4.3769103637
84 1.7721052936
89 3.5074676418
evaluations raw_y
1 18.2126082746
2 10.6361890008
16 1.3113676845
89 2.5694323733
evaluations raw_y
1 18.2126082746
2 10.6361890008
12 8.6852907958
19 6.2544627149
22 4.1459142380
73 2.8247013782
89 6.7059360693
evaluations raw_y
1 18.2126082746
2 10.6361890008
15 7.1834311850
41 4.0108802005
89 38.8738982106
evaluations raw_y
1 55.6379569234
2 5.2212558951
63 3.6927608213
89 12.3110697435
evaluations raw_y
1 55.6379569234
2 5.2212558951
27 5.1657589022
89 25.1549991362
evaluations raw_y
1 55.6379569234
2 5.2212558951
89 15.5733028755
evaluations raw_y
1 55.6379569234
2 5.2212558951
89 20.1251914661
evaluations raw_y
1 55.6379569234
2 5.2212558951
17 2.8195136509
89 41.7509224097
evaluations raw_y
1 27.2477328325
5 6.0698088486
38 5.7699398849
75 2.3570448553
89 53.6061645329
evaluations raw_y
1 27.2477328325
5 6.0698088486
13 4.2151133079
81 1.5981055647
89 6.5809668088
evaluations raw_y
1 27.2477328325
5 6.0698088486
36 4.3867036854
89 40.1467327631
evaluations raw_y
1 27.2477328325
5 6.0698088486
71 5.6521491022
89 11.7144394936
evaluations raw_y
1 27.2477328325
5 6.0698088486
83 5.8295951158
89 54.1025138304
evaluations raw_y
1 38.8597149672
3 38.6139304077
4 28.4078456776
5 21.9023439133
8 9.2144379388
24 7.2368713647
29 4.4952161945
54 3.2819444823
89 38.9242229706
evaluations raw_y
1 38.8597149672
3 38.6139304077
4 28.4078456776
5 21.9023439133
8 9.2144379388
13 5.3904666952
89 5.2696252910
evaluations raw_y
1 38.8597149672
3 38.6139304077
4 28.4078456776
5 21.9023439133
8 9.2144379388
35 6.3192637235
89 42.1492485670
evaluations raw_y
1 38.8597149672
3 38.6139304077
4 28.4078456776
5 21.9023439133
8 9.2144379388
11 5.3444940341
15 2.6494662191
89 23.5218318552
evaluations raw_y
1 38.8597149672
3 38.6139304077
4 28.4078456776
5 21.9023439133
8 9.2144379388
12 8.6959713384
15 6.4933243258
56 4.7341613385
58 1.4901660156
89 43.0424873530
evaluations raw_y
1 10.4310103978
6 3.1848102735
89 39.4538972275
evaluations raw_y
1 10.4310103978
6 3.1848102735
89 19.5299498461
evaluations raw_y
1 10.4310103978
6 3.1848102735
89 8.7530025360
evaluations raw_y
1 10.4310103978
6 3.1848102735
89 12.9148572727
evaluations raw_y
1 10.4310103978
6 3.1848102735
89 35.5198577418
evaluations raw_y
1 35.8574214597
2 34.8154404454
5 10.7485452495
47 7.2889054173
59 3.6128720083
81 2.0176732928
89 29.0844078196
evaluations raw_y
1 35.8574214597
2 34.8154404454
5 10.7485452495
23 8.7170254144
59 8.7109898752
64 8.5290838044
66 8.4709569100
82 6.6952652425
89 38.3567899675
evaluations raw_y
1 35.8574214597
2 34.8154404454
5 10.7485452495
11 5.9845885925
29 5.2929621406
37 3.3800718747
51 2.2204826253
89 28.3426375281
evaluations raw_y
1 35.8574214597
2 34.8154404454
5 10.7485452495
18 7.3897793108
23 5.9880561490
29 4.1951669765
31 3.9280923606
89 29.6551922862
evaluations raw_y
1 35.8574214597
2 34.8154404454
5 10.7485452495
16 4.3337561997
39 3.2027617285
89 24.1827751454
