evaluations raw_y
1 24193965.1466193870
2 3545477.9329161281
3 584198.5175673895
8 276353.9647271564
17 2595.2031599956
86 3559.8882052202
evaluations raw_y
1 24193965.1466193870
2 3545477.9329161281
3 584198.5175673895
8 276353.9647271564
21 5137.0745406176
72 1168.3159173858
79 186.4503524134
86 1053.2414336549
evaluations raw_y
1 24193965.1466193870
2 3545477.9329161281
3 584198.5175673895
8 276353.9647271564
17 88588.1997232487
30 37153.9892382922
49 7.4492658028
86 771104.6751874051
evaluations raw_y
1 24193965.1466193870
2 3545477.9329161281
3 584198.5175673895
8 276353.9647271564
11 90517.9243610459
24 3775.7019267072
58 3042.9006975051
61 2569.2117085115
62 2050.9914855131
86 15073.2281192199
evaluations raw_y
1 24193965.1466193870
2 3545477.9329161281
3 584198.5175673895
8 276353.9647271564
13 46625.7001966317
38 256.0085493191
79 243.8546492713
86 3694.6818985326
evaluations raw_y
1 8265046.5453058621
4 315569.4824452707
10 286170.2961946208
22 152397.2265650189
34 9694.4384427242
50 157.1675775943
86 128392.6589494900
evaluations raw_y
1 8265046.5453058621
4 315569.4824452707
20 314577.4547756427
21 27024.6422073497
29 9752.9598156323
55 4327.3241172501
61 2465.4601549052
65 11.3467463061
86 2823446.3908204581
evaluations raw_y
1 8265046.5453058621
4 315569.4824452707
40 69846.2944370264
44 12406.2933415850
65 4082.5480667384
81 2068.2360047628
85 495.9866415173
86 1810747.2637478309
evaluations raw_y
1 8265046.5453058621
4 315569.4824452707
10 34006.9709237411
19 2551.0169569706
86 7633.6202420267
evaluations raw_y
1 8265046.5453058621
4 315569.4824452707
13 176961.3845666881
21 1243.3191341805
36 27.4212049334
37 8.4677332272
86 70236.5081778190
evaluations raw_y
1 17703465.6203793027
2 2045978.6876939335
3 1884813.0981526203
6 6970.1083335403
61 2869.3705209625
74 1151.1585615102
86 67415.3647291356
evaluations raw_y
1 17703465.6203793027
2 2045978.6876939335
3 1884813.0981526203
6 6970.1083335403
39 111.8938248009
63 29.2587666823
86 115133.1373695458
evaluations raw_y
1 17703465.6203793027
2 2045978.6876939335
3 1884813.0981526203
6 6970.1083335403
11 6573.4624947437
45 4876.0430609407
74 2578.1198525134
83 466.7923995625
86 92365.1949322711
evaluations raw_y
1 17703465.6203793027
2 2045978.6876939335
3 1884813.0981526203
6 6970.1083335403
48 3279.6620814028
51 2118.0932402351
66 977.1669614059
82 88.9874032304
86 716385.7807535406
evaluations raw_y
1 17703465.6203793027
2 2045978.6876939335
3 1884813.0981526203
6 6970.1083335403
11 3657.0209167154
66 165.5883204938
86 15831.9779831375
evaluations raw_y
1 10764.6648292387
30 4158.3210417830
41 1778.2149022627
43 19.1028129385
86 154615.6272221375
evaluations raw_y
1 10764.6648292387
28 60.4932825082
86 56940.4307766554
evaluations raw_y
1 10764.6648292387
31 2068.9923765354
54 366.4738966256
66 156.3026439220
86 819090.6785692797
evaluations raw_y
1 10764.6648292387
16 32.1192154236
86 481942.7409506293
evaluations raw_y
1 10764.6648292387
18 575.7512470299
64 282.5676873733
82 153.3599109358
86 27.4884704326
evaluations raw_y
1 14946788.6971508190
3 182157.7772424614
18 145141.2001200931
26 1337.0990769497
57 182.1176740370
86 53967.3864766281
evaluations raw_y
1 14946788.6971508190
3 182157.7772424614
14 17460.8208239733
20 1430.2440671381
86 3661490.7492641066
evaluations raw_y
1 14946788.6971508190
3 182157.7772424614
10 29970.1006411881
17 24302.8581512278
31 19.9000084444
77 18.1506609560
86 33170.5565999599
evaluations raw_y
1 14946788.6971508190
3 182157.7772424614
10 96021.8646337106
12 24864.3401396003
38 18.7164908247
86 2133193.6574215866
evaluations raw_y
1 14946788.6971508190
3 182157.7772424614
23 98397.3971178819
33 17336.3139711031
38 270.8662652896
65 220.3682306258
86 726.9517803244
evaluations raw_y
1 8920850.1770976204
2 25580.2984836305
14 22537.0366055470
32 9856.7251307892
37 6648.6704527079
42 27.9547390655
86 32479.2142648449
evaluations raw_y
1 8920850.1770976204
2 25580.2984836305
20 22014.6373660139
37 1474.2394763243
86 355882.3464013104
evaluations raw_y
1 8920850.1770976204
2 25580.2984836305
37 3862.2858934122
63 358.6563876999
84 290.7190059265
86 743286.4253475359
evaluations raw_y
1 8920850.1770976204
2 25580.2984836305
40 6134.1492820379
50 3534.9122723404
70 648.4550507036
82 236.5592126447
86 288026.4736912443
evaluations raw_y
1 8920850.1770976204
2 25580.2984836305
48 20157.2258390308
52 11143.6945865533
59 2094.6774778326
63 1030.8770200669
73 191.4118438705
79 107.7140612308
86 97574.1729080676
evaluations raw_y
1 1772294.8887525585
2 962561.7827768018
3 200174.9034576564
14 103915.8779324663
18 233.1822284593
49 51.0234704050
86 6526594.6760922568
evaluations raw_y
1 1772294.8887525585
2 962561.7827768018
3 200174.9034576564
17 185070.7401853011
25 131848.1758020791
26 12539.2809162531
30 375.9790603780
86 10492.9605696593
evaluations raw_y
1 1772294.8887525585
2 962561.7827768018
3 200174.9034576564
13 3109.9848281582
40 607.6673414111
82 104.3295975081
85 38.0123404128
86 193207.1463550009
evaluations raw_y
1 1772294.8887525585
2 962561.7827768018
3 200174.9034576564
11 148580.3951976823
14 22993.7655403359
19 657.8316949317
86 305485.3440384451
evaluations raw_y
1 1772294.8887525585
2 962561.7827768018
3 200174.9034576564
29 114264.6992732865
33 82078.4121941819
35 695.3581539104
86 1510852.4181556022
evaluations raw_y
1 1860046.5173471053
2 710259.4312235726
10 22204.1301597647
42 17060.0626298981
51 16079.6132883648
62 10866.1972270477
86 684.8050380501
evaluations raw_y
1 1860046.5173471053
2 710259.4312235726
11 501068.4148384515
12 130830.4198421419
13 3281.9831105036
26 430.2996003515
82 396.2288385562
85 190.0036415931
86 14704.7500155120
evaluations raw_y
1 1860046.5173471053
2 710259.4312235726
10 76164.3202990858
15 41678.6824087058
28 13257.9541561546
30 1366.5364427370
60 119.4768970291
86 98407.5430536851
evaluations raw_y
1 1860046.5173471053
2 710259.4312235726
12 519.4410879254
86 1333605.9179492416
evaluations raw_y
1 1860046.5173471053
2 710259.4312235726
11 321.3617962774
14 167.2057966375
86 40131.9656116940
evaluations raw_y
1 7086503.5290917633
7 204100.3785492683
17 3316.6144789806
41 2258.2148241972
65 1182.2347838283
86 71048.9790762834
evaluations raw_y
1 7086503.5290917633
7 204100.3785492683
10 88402.2589374065
19 38640.2676207710
38 10744.7888537554
56 7379.7250092758
64 991.5943701618
86 485852.3689597545
evaluations raw_y
1 7086503.5290917633
7 204100.3785492683
22 18060.4262976448
29 64.7419243249
86 3038545.5402292991
evaluations raw_y
1 7086503.5290917633
7 204100.3785492683
24 118517.2341637664
27 1006.5823145617
72 42.3637691043
86 472857.7773839717
evaluations raw_y
1 7086503.5290917633
7 204100.3785492683
17 4931.3532502979
36 840.4101177574
50 114.5351907224
86 588.8519274582
evaluations raw_y
1 16935620.2543140315
2 99956.6268951793
41 24920.5292530670
59 14429.8170027744
75 10690.4410024532
81 3051.2045073520
86 15277.3331293631
evaluations raw_y
1 16935620.2543140315
2 99956.6268951793
16 24409.3076682816
26 17216.5921429268
30 1021.2428664607
36 61.9727603434
86 11097.9129124141
evaluations raw_y
1 16935620.2543140315
2 99956.6268951793
16 39853.5573943386
28 27881.0888249793
50 16358.4571251962
52 9868.4246455515
62 3830.4277017610
66 1936.4422138648
86 28.3471084829
evaluations raw_y
1 16935620.2543140315
2 99956.6268951793
12 67524.8979108078
16 7469.3517601762
46 522.8224012333
81 65.3956815247
86 138182.0806173138
evaluations raw_y
1 16935620.2543140315
2 99956.6268951793
14 90277.5914303832
22 86136.2095163280
25 3939.3972779446
36 96.5023704648
86 29485.4928716263
evaluations raw_y
1 755336.1180903134
9 237256.7524987884
12 2042.4256431772
28 79.1641392233
86 593463.7318946081
evaluations raw_y
1 755336.1180903134
9 237256.7524987884
10 23766.3228132944
19 2707.9619023614
86 608045.9620781100
evaluations raw_y
1 755336.1180903134
9 237256.7524987884
18 120354.9556743247
21 31096.4591139333
39 3287.9206938910
48 2496.9680584669
51 37.0479105398
86 17428.6332846796
evaluations raw_y
1 755336.1180903134
9 237256.7524987884
15 19437.1127311860
22 116.1685425828
86 596501.7169882108
evaluations raw_y
1 755336.1180903134
9 237256.7524987884
18 56122.0644617323
22 17900.4823069196
24 760.1475891378
72 117.2389340518
86 294476.5457430194
evaluations raw_y
1 4539727.8487332854
6 1176783.1824111571
12 665162.7742347321
19 129496.3753520836
20 393.7875126731
67 11.9669826504
86 67670.4995959253
evaluations raw_y
1 4539727.8487332854
6 1176783.1824111571
14 1032.8964314920
22 45.0324873019
86 260894.3998490084
evaluations raw_y
1 4539727.8487332854
6 1176783.1824111571
12 63337.8488501676
24 70.9868409857
73 15.8023161904
86 21096.2097832827
evaluations raw_y
1 4539727.8487332854
6 1176783.1824111571
10 559776.6357748748
17 75017.6798583340
18 20804.2539898830
37 1069.2090418021
64 982.0210522996
69 733.2627082149
77 116.8736491940
86 123415.0778782073
evaluations raw_y
1 4539727.8487332854
6 1176783.1824111571
10 309530.7820125802
11 150186.3523080077
22 23671.6931948165
71 21974.6947128800
76 1048.5099742033
86 3562.5741849290
evaluations raw_y
1 17786933.1518522874
4 5711352.2502984051
5 468705.5245146982
14 251075.5082655859
16 125117.4419527035
26 14466.4538896085
39 4251.5344022668
57 3707.4258650193
81 1967.0060066013
86 1684919.1799094239
evaluations raw_y
1 17786933.1518522874
4 5711352.2502984051
5 468705.5245146982
20 47126.4708132194
26 4425.3176752549
54 232.7826630590
86 485921.1507331505
evaluations raw_y
1 17786933.1518522874
4 5711352.2502984051
5 468705.5245146982
17 185720.9626827633
22 87883.7666315247
32 3356.3227207712
64 25.8610987891
86 6464.6503912496
evaluations raw_y
1 17786933.1518522874
4 5711352.2502984051
5 468705.5245146982
26 26441.6646723454
33 16878.9722368061
40 4253.0558545535
73 1457.9300289961
75 934.3645547848
83 22.9778142065
86 70744.0484785631
evaluations raw_y
1 17786933.1518522874
4 5711352.2502984051
5 468705.5245146982
13 227453.7314330804
21 65504.3157212590
33 50819.6069348073
52 15869.7336925907
68 646.0632985448
86 1137368.3610580920
evaluations raw_y
1 1611030.3923779782
3 1411994.9543559432
8 423384.7513695479
10 344741.1076428553
11 4340.7561687020
32 886.2881472228
58 268.7287152544
86 4691.2383359083
evaluations raw_y
1 1611030.3923779782
3 1411994.9543559432
8 423384.7513695479
11 186516.2686684430
15 156485.7468096674
16 81237.1745433906
23 5407.5812906419
69 620.3208688756
80 153.6151344903
86 502816.2490180323
evaluations raw_y
1 1611030.3923779782
3 1411994.9543559432
8 423384.7513695479
13 16300.3559833267
21 14682.1733734495
25 1026.9014139969
67 430.0478764093
71 358.0396648391
86 527912.9049305477
evaluations raw_y
1 1611030.3923779782
3 1411994.9543559432
8 423384.7513695479
32 252468.6579341581
37 18760.6056239634
48 4316.5093666534
60 3033.2598475449
64 272.1881902156
86 360244.1355964014
evaluations raw_y
1 1611030.3923779782
3 1411994.9543559432
8 423384.7513695479
10 339629.4759975875
13 175332.2596396071
15 64739.9091534354
16 309.5512632450
42 27.2778916108
86 641834.0397262281
