evaluations raw_y
1 344.0388108798
3 231.7466331330
4 161.5915707947
9 53.9237290663
30 43.6049979913
90 150.9767501596
evaluations raw_y
1 273.3475909502
2 36.9445610868
90 597.6244290880
evaluations raw_y
1 305.2592321888
2 174.7425399021
3 78.4526488491
10 44.5363868427
78 27.9804070897
90 107.5269547245
evaluations raw_y
1 100.1395549953
6 31.5147917031
90 2062.5704092785
evaluations raw_y
1 272.2889624494
2 77.9391516926
12 62.2102276522
90 145.5993894202
evaluations raw_y
1 171.4435768004
2 163.2978645947
5 70.0533383707
13 55.7301060876
50 46.5704787310
61 35.1797832697
90 383.8533113200
evaluations raw_y
1 127.0313628759
6 76.1234282260
7 40.3218383953
90 6276.8542962274
evaluations raw_y
1 259.1695447681
2 78.9701818809
34 60.2391370802
54 56.4397557386
61 50.8653748864
70 24.3291131973
90 251.7125868115
evaluations raw_y
1 2124.7373161751
2 219.9701019702
4 180.2373731922
6 158.8358285636
8 78.4970181477
16 45.2908878940
90 156.4260641225
evaluations raw_y
1 1108.5375726155
3 142.1885507660
7 97.9284312152
12 85.7487949431
13 67.6677137213
19 63.3609918817
59 54.8574812142
90 10198.8522305947
evaluations raw_y
1 168.0859746857
2 81.4141797051
67 37.1711572174
68 15.1677641416
90 104.8042748847
evaluations raw_y
1 184.5125354898
2 107.0674913340
7 93.9374045217
13 92.6056386400
25 84.6437036084
27 49.7806913605
61 45.7061586784
81 25.6691218498
90 2127.2622626907
evaluations raw_y
1 956.4654893882
2 487.9283323021
4 95.8879108220
8 44.5527328176
47 34.9283762194
82 26.5637394779
90 397.6564752446
evaluations raw_y
1 177.1814577096
4 156.8494650979
7 147.9775034140
8 133.5465481316
19 117.8807210094
20 74.3526215061
27 58.8694765346
54 49.3484798788
87 36.8381205831
90 98.2167144923
evaluations raw_y
1 18285.0687873117
2 141.3693064642
3 137.5485319325
10 55.5657611357
90 246.1210127301
evaluations raw_y
1 225.2599509917
6 107.1958521369
7 50.2029923217
12 34.1376434273
90 3084.5506699857
evaluations raw_y
1 650.2391810799
2 217.7378481625
6 188.0692329775
8 59.7151990930
16 57.1347579487
39 49.5967479946
42 48.3920570191
64 44.2575525416
88 39.6518290520
90 266.8603894360
evaluations raw_y
1 353.9794223295
2 340.3334572076
3 196.0749462907
8 162.3604645492
12 41.8697979625
48 20.5744804241
90 261.1256897451
evaluations raw_y
1 190.9951298609
3 124.9814683424
13 101.9562037568
25 81.3014079549
27 31.8818889752
90 592.1465050522
evaluations raw_y
1 282.1082029781
2 71.0748395059
3 36.3438254968
90 261.6972950628
evaluations raw_y
1 402.7162689794
2 141.3827046609
5 112.3134727899
7 24.1812022051
12 23.7612712500
90 65.5855101803
evaluations raw_y
1 97.8906145533
4 51.0117123634
16 46.3856376631
90 1400.8451956809
evaluations raw_y
1 1282.2189215041
2 266.9640797474
3 174.9290379901
5 138.0839733627
7 72.6001251467
25 29.2090195014
90 468.0068993124
evaluations raw_y
1 504.6983323660
2 229.6983324175
3 90.9474458905
15 79.3768179847
29 72.5084256816
59 67.2348290889
73 64.9963177474
90 312.7613357376
evaluations raw_y
1 669.1199037142
2 338.3834152683
6 133.7941019477
7 98.3793948827
10 94.6458791579
21 78.5161904417
25 69.5503736792
66 63.9169762076
90 447.6224093118
evaluations raw_y
1 329.8439599424
2 139.2742505971
4 112.1982308037
6 98.7428949503
28 67.7413359200
90 124.4064746800
evaluations raw_y
1 446.6987544482
2 406.3073500356
3 296.0744264819
6 271.6111928532
7 263.7611028545
8 219.5328868647
12 45.8719616818
90 314.3972589507
evaluations raw_y
1 489.3459786197
2 241.6897788298
3 205.8858036979
8 143.1049308640
20 129.8544835782
21 81.7279529355
29 64.3672687279
35 61.2245536784
36 49.2395609444
90 199.4048619749
evaluations raw_y
1 620.7722640992
2 58.8498243282
14 53.2972467061
75 51.3866023893
90 91.8642276864
evaluations raw_y
1 221.5689641219
4 177.5720000998
18 144.3752908612
24 129.4095406183
26 77.0377807622
40 62.0342418907
73 52.5748100546
76 40.4628258803
90 4079.9512738771
evaluations raw_y
1 38.2478642144
14 31.3517321076
90 244.4815814970
evaluations raw_y
1 22879.0187384249
2 8352.7559200289
3 2316.8343390944
5 252.8033547490
7 63.3089765812
36 56.1542042227
90 1091.5285058091
evaluations raw_y
1 15371.5159653207
2 177.5638957104
3 157.9749581821
5 85.8553685914
24 60.3777819410
65 44.6664813126
90 69.2334609233
evaluations raw_y
1 218.7967567520
2 64.5988984992
22 37.7661828741
90 78.3174402232
evaluations raw_y
1 319.4258131938
3 151.2431936255
4 137.3245731359
8 67.4804122811
52 54.4778625487
90 57.5402683254
evaluations raw_y
1 7007.5161039719
2 134.9849050162
6 114.5383239991
8 41.8424593474
69 17.7959602439
90 304.5878649480
evaluations raw_y
1 4125.0541362634
2 131.0873413492
8 65.4589786705
14 49.6417194699
50 49.0540984693
56 41.2466694765
86 9.4843130877
90 6601.3573970586
evaluations raw_y
1 8259.0266281465
2 1961.4461060855
4 125.9701512667
7 39.6450694001
90 328.2260267177
evaluations raw_y
1 20427.8427073981
2 221.5257570036
4 114.8630322986
7 61.4756906504
25 27.0837934087
90 329.0746130112
evaluations raw_y
1 31.3540087670
90 7653.9224629351
evaluations raw_y
1 2084.6712792000
2 518.2062551047
3 118.7543691748
16 95.9629578839
23 76.8266573564
88 64.5681284944
90 441.0793757683
evaluations raw_y
1 224.9441524794
8 193.5349011058
27 77.6712450086
42 44.6924810000
90 135.9923019179
evaluations raw_y
1 33.0828355947
90 1315.6488249702
evaluations raw_y
1 356.5157425679
3 114.0631962295
27 48.4157778718
30 44.1696545053
44 38.8470211498
90 558.5869666490
evaluations raw_y
1 7102.5000303161
2 529.3667083062
3 326.5789988233
4 42.9473146466
83 27.5132457442
90 7923.2651229253
evaluations raw_y
1 57.5885860867
75 34.9508276780
90 3153.7831770963
evaluations raw_y
1 350.7443224565
2 99.5994654462
3 57.0479521526
73 46.2037095927
90 299.5849384793
evaluations raw_y
1 273.9912208847
3 229.1445490282
4 222.0959503531
9 147.0667719433
10 97.1603615033
26 40.4877581926
73 18.9592704866
90 2308.7316074062
evaluations raw_y
1 168.3437674683
2 154.2873058113
4 104.8138893737
8 89.5918856909
11 66.3459654849
25 46.3615065469
47 42.7782677835
90 66.2885812508
evaluations raw_y
1 480.7071617800
2 184.8078395510
3 133.2500516059
13 102.1660540808
15 96.5829456830
22 76.2061165341
23 42.7715004994
51 24.7772817793
90 258.4841266269
evaluations raw_y
1 1195.5464873151
2 475.3876590956
3 112.7592326100
4 56.2084887740
83 50.1292125777
90 250.4230959456
evaluations raw_y
1 448.1085853279
5 374.4842647061
8 122.0799037983
14 120.1039563018
19 47.0037840149
90 71.7637652908
evaluations raw_y
1 138.3635971287
6 89.0219664765
15 27.6895387944
90 591.8716894144
evaluations raw_y
1 5206.5035344390
2 588.2322075901
4 195.9907375534
10 98.2295796940
13 46.3838673992
56 37.7897710135
90 33.0215648086
evaluations raw_y
1 113.1185525923
2 54.0790651935
4 41.6839754644
23 17.8203175792
90 226.6230291136
evaluations raw_y
1 390.4994171061
3 177.3391920617
6 93.4814654348
13 76.9305370604
39 26.4234995421
90 342.7203532143
evaluations raw_y
1 78.8954286167
3 76.2816423613
23 35.9250329004
90 221.4174409823
evaluations raw_y
1 213.4486221852
6 54.4773380972
52 34.3622822903
90 926.4466699397
evaluations raw_y
1 72.4488150897
45 56.1048973020
66 35.6798400675
90 903.7017933753
evaluations raw_y
1 533.8806105785
3 460.4158213404
4 50.2695529671
30 41.4526954135
90 507.0562458602
evaluations raw_y
1 413.0109379370
2 370.2480753480
4 355.5156210029
5 158.8298278355
6 105.1262015373
47 58.1329996771
62 55.6762889801
90 64.2878849066
evaluations raw_y
1 831.1890301090
2 141.4129999065
16 22.4085201413
90 803.5804828931
evaluations raw_y
1 515.8148471886
2 67.8465207630
8 66.3712936409
14 54.9577075683
17 37.3574512130
90 434.5223960137
evaluations raw_y
1 177.7151330177
10 128.2058169371
18 109.6658768550
27 89.9863212665
29 28.5677332228
56 14.2110481486
90 469.5589920977
evaluations raw_y
1 645.6242961518
2 417.1024385597
3 234.9790956018
8 23.1541068514
90 320.7710919241
evaluations raw_y
1 13422.7547133443
2 2808.3621426475
3 313.3302150640
4 67.2628948290
9 67.2232725053
17 35.9196587905
90 244.0106194744
evaluations raw_y
1 213.4461950444
3 176.2448339556
13 152.0140131444
20 133.8169695900
30 50.1600915987
90 117.7078662708
evaluations raw_y
1 68.8281602675
21 43.9074270023
90 132.9409211777
evaluations raw_y
1 157.7615183752
4 93.4959727530
20 90.0084170361
31 88.7910011281
33 80.4102742317
49 76.4428740767
63 65.3128392551
76 53.8823413642
90 184.8543831892
evaluations raw_y
1 378.5749876416
2 288.1025937215
8 204.2142472661
10 111.2209596063
12 49.1287561533
90 8708.0834526717
