evaluations raw_y
1 813.9516769134
9 359.2455551360
62 319.6895619947
77 280.9573587834
90 273.6859006055
94 268.7154488177
97 177.3758818279
111 159.4091653676
128 147.0039804662
137 140.1999840212
138 134.2370257997
139 131.2800456323
175 124.3163156636
176 119.0991972466
189 114.9875026495
190 112.6876954229
192 111.0240006300
195 107.5201035572
200 107.2013313261
206 106.8593136047
208 106.2210525659
218 106.1699440460
249 105.9111294358
251 105.7300586539
266 105.6318339376
268 105.4168239706
271 104.9030529942
281 104.3400283898
297 103.8999399555
299 103.5769419235
evaluations raw_y
1 813.9516769134
9 359.2455551360
53 219.6830896905
69 198.8089965540
78 166.4889039630
89 51.6755504716
105 51.3105225868
106 46.3381737963
118 41.4514518736
120 29.5067933846
142 25.8072218664
146 21.4772226487
147 19.0235674689
169 13.8741947094
209 13.8048649921
213 13.7017984993
216 13.5994802541
233 13.5640765715
234 13.5461599987
239 13.5457305357
299 13.5461599987
evaluations raw_y
1 813.9516769134
9 359.2455551360
33 313.6408642437
39 213.2755555778
50 124.2594105467
77 103.4864484106
95 94.2215746528
111 85.6280562818
124 75.5566380444
129 72.3533452192
131 54.7273046475
135 52.2004751302
162 48.6121374439
172 46.6149405505
175 45.5501692488
203 45.4519211665
217 45.0679808737
222 42.2664086048
234 42.0275103812
237 41.8975955657
243 41.8679105855
256 41.8447856270
258 41.8342567770
259 41.7829822142
271 41.6992331806
297 41.6883965288
299 44.8084608006
evaluations raw_y
1 813.9516769134
9 359.2455551360
41 311.5265869300
66 308.3311590624
87 276.0776246387
97 226.1078837226
99 208.5932732565
102 190.5937468098
106 143.0425677182
119 129.4755122428
135 115.3788195913
138 80.4935543455
141 80.2062282529
144 62.6081457589
159 62.4080460677
160 52.8922007088
163 42.2167422904
176 41.7391650699
190 36.1374350679
201 33.4725041158
212 31.1412964842
227 30.1819911915
233 29.8669380963
246 29.6555276304
254 27.8931844883
256 26.2446066580
259 25.9384057813
260 25.9309665494
278 25.9104076418
283 25.8827303361
296 24.2485049869
299 27.3453188683
evaluations raw_y
1 813.9516769134
9 359.2455551360
70 250.5492851184
72 245.7159055642
73 159.5465543606
104 143.2667571172
111 134.4767230484
122 120.6368726764
125 104.4109100254
131 82.9665264839
136 68.5091378062
143 50.1573411757
157 49.6849685419
158 48.1487709559
160 41.7533278070
177 40.8040113559
179 37.2565178994
180 31.0923615732
194 30.3686566804
204 25.6365412382
226 24.1864567503
251 24.1058627377
271 24.0794225479
282 24.0620833051
292 24.0151171607
297 24.0090450031
299 25.7570332293
evaluations raw_y
1 1463.9624763033
4 930.9967531577
5 817.3851263926
6 610.1736549426
8 357.9565153977
16 301.5364403155
39 297.2692246003
43 180.9858072581
53 158.1315560545
79 155.7886451481
83 118.7855806728
118 112.2110277259
124 106.5726937067
140 104.2684075875
142 92.1068957323
148 87.0350429858
149 78.2451153891
154 72.1827635639
158 64.6933989797
162 58.9297453147
165 54.8131241359
170 50.0858595136
177 49.9717950211
185 43.9139488075
189 41.7574442677
190 36.9348420704
207 35.2745467746
214 29.5822694483
238 27.7590452178
239 25.2002488553
243 23.2633292793
245 22.9089711956
249 22.2851886843
251 16.3764394148
265 16.0894564692
299 24.2666253926
evaluations raw_y
1 1463.9624763033
4 930.9967531577
5 817.3851263926
6 610.1736549426
8 357.9565153977
16 301.5364403155
37 286.2466418391
45 213.6503155570
63 180.0982868530
113 151.4906513169
115 142.6918678172
117 116.9319971430
118 113.9613703192
124 97.4702727380
130 76.9264437336
144 57.3908043949
155 49.4412992554
163 47.8166160413
176 45.3677126910
178 44.0930011001
179 40.3411269519
186 39.6506903764
187 38.9329099859
192 38.4039730593
204 26.0368428085
213 24.4213652274
227 22.3261017495
240 19.8292723364
251 19.1573934685
257 18.3410782479
292 18.3063881304
299 18.5799953166
evaluations raw_y
1 1463.9624763033
4 930.9967531577
5 817.3851263926
6 610.1736549426
8 357.9565153977
16 301.5364403155
33 187.2782262137
68 174.2853910435
79 146.6842449938
89 143.2399105293
97 122.6324983615
99 122.6320069048
109 112.5965347717
111 109.8611411047
124 107.3856461903
126 103.7556176552
127 94.9645874940
148 83.7594519278
152 66.6516158849
153 57.3844674975
154 56.4124913531
170 51.1358219604
172 49.9866505790
186 45.7944877947
187 43.2533782372
199 42.5181207863
202 42.2301494116
207 39.0568783467
212 38.7427727910
221 37.5664934160
227 37.4919249284
244 35.3029036544
246 32.3836129283
248 27.7046985729
253 27.4892856413
265 25.3173429485
276 23.8489264089
278 22.9711895093
279 22.9487197945
287 17.5099458087
299 18.9224496755
evaluations raw_y
1 1463.9624763033
4 930.9967531577
5 817.3851263926
6 610.1736549426
8 357.9565153977
16 301.5364403155
34 285.8621985829
38 199.4081167118
62 121.3092609621
81 118.0826532775
114 95.3453761266
116 93.4026583152
125 81.8027872651
126 77.1574983152
136 75.6487567432
161 74.6158473246
212 74.5821076846
220 74.5747126595
222 74.5492519947
223 74.5059656437
228 74.4764755749
230 74.4741147468
243 74.4128879361
247 74.4117915264
259 74.4094408644
268 74.3899757401
294 74.3813004040
299 74.3862847025
evaluations raw_y
1 1463.9624763033
4 930.9967531577
5 817.3851263926
6 610.1736549426
8 357.9565153977
16 301.5364403155
45 274.2658982442
52 206.4936019750
79 199.6692128612
83 147.0605299967
85 139.9061226479
86 109.1016476070
90 97.6696933099
117 87.5076549994
126 53.1601727275
151 45.4723936795
162 44.1807658467
164 40.2174642339
175 32.7982406198
201 30.7169687265
202 30.0653285907
211 30.0402613685
299 30.0402613685
evaluations raw_y
1 340.2910336884
24 260.1819289070
45 182.0294340018
46 83.2224995794
69 70.9532635270
75 47.3314994172
103 40.0932259228
122 38.9780670443
146 38.9385089021
151 37.0860982404
165 35.4767023004
166 33.5404304951
170 31.3102155089
182 28.2498361969
187 26.1730898702
200 25.2610272804
204 24.1441581910
212 24.0669631838
213 22.1333846529
217 22.0405640472
231 20.2904962626
248 20.2783663735
299 20.3325273891
evaluations raw_y
1 340.2910336884
24 260.1819289070
59 211.9193248975
69 137.2021748626
86 61.3435334411
105 50.8731033224
108 35.3477001247
124 24.4359879658
147 22.4414570753
152 16.2832542885
154 15.0147383152
173 12.9811392205
174 12.2050094923
179 11.8655395262
187 11.6396890959
203 11.0589140642
299 11.0589140642
evaluations raw_y
1 340.2910336884
24 260.1819289070
66 171.1000707278
96 161.8734609749
102 150.8094699617
103 116.3469155698
123 105.2555952326
129 91.3544532073
133 84.5657134602
148 79.6541758406
158 76.2346900607
164 75.3222520566
185 73.0453049282
186 72.2790597933
187 66.9508842310
197 63.8490548014
205 58.8517672696
218 58.5417791495
221 58.5399064402
222 50.7173506724
234 50.5306790748
237 50.5196619759
242 46.4575254893
243 44.9888201310
257 43.6646099796
258 41.6617076275
261 40.4112887494
282 40.3957823672
285 37.0381942629
287 36.5916301227
294 36.4493939631
296 34.8311546303
299 36.4493939631
evaluations raw_y
1 340.2910336884
24 260.1819289070
31 213.5548743390
35 211.8993615352
44 95.6541704132
53 59.4183510232
91 38.4602937545
97 27.1073387493
103 22.7410370396
125 22.5123641230
184 21.2230608568
185 17.9713059192
191 17.6073415929
196 16.2005461778
198 16.0171789826
199 15.6747093065
205 15.5430220495
209 15.1245093289
210 14.9323021506
211 14.7899682013
214 14.2028364420
215 13.4337642420
258 13.2497211942
283 13.1213223588
299 13.3034603055
evaluations raw_y
1 340.2910336884
24 260.1819289070
57 204.5072847898
68 148.5386749481
69 129.9746984485
100 122.7222570938
101 118.4499040965
104 104.4392876658
110 98.6895151388
122 85.0737649038
129 74.1482339635
131 58.8612963941
151 54.4567999660
162 43.3522156446
177 39.9020009789
178 39.3293778516
187 39.2353381352
190 37.0115138855
194 36.3152159042
214 36.1294733167
225 35.3021759631
230 35.0550907123
236 29.2064300180
237 29.0134035406
239 27.7948874941
250 26.6816064151
258 26.0572836015
264 26.0307538713
299 26.0307538713
evaluations raw_y
1 548.6372857825
3 333.2863702457
5 238.5323657448
28 155.1276141436
68 148.5621033858
82 146.5357195758
84 136.5408693955
96 110.3537600873
104 83.5325229944
106 76.2933929617
111 72.6771544198
112 67.5093999305
117 67.1272907379
118 45.6422977680
123 26.7978093393
127 20.5848580460
169 18.2812248525
186 17.1060980258
199 14.9699479542
208 14.3326857166
209 14.2014133977
210 14.1172333292
219 13.5216151721
221 12.7150533380
224 12.1980237862
228 11.9402291650
251 11.5344530948
266 11.4462860598
270 11.3540216613
279 11.3516036848
299 11.3516036848
evaluations raw_y
1 548.6372857825
3 333.2863702457
5 238.5323657448
28 155.1276141436
83 133.7790025302
85 129.8156690998
108 102.9372664079
115 86.2439732380
117 74.8756604580
132 72.0176098486
133 69.6395858556
134 65.7335194503
135 58.1650553028
138 56.1531871562
141 33.4928700763
145 23.5015677928
147 21.5169796098
183 18.3787844123
188 17.7554266561
190 17.2120317693
193 17.0401654248
202 16.6648280646
203 14.6848714102
210 14.6217953579
218 13.8105855008
247 10.7126984612
262 9.9782347555
269 9.7504662411
283 9.7229772429
299 10.1740338063
evaluations raw_y
1 548.6372857825
3 333.2863702457
5 238.5323657448
28 155.1276141436
73 124.8367420649
103 104.3453437544
113 95.7289441400
138 87.7736570861
143 81.5581806773
156 79.9087753866
159 73.6742375712
170 73.1323014139
171 73.0274329210
187 72.5957903494
189 72.4861182661
192 68.4290219785
196 68.3053206082
197 67.2398860678
198 65.4307419750
200 65.3962078936
215 64.2382568443
225 64.1869063935
227 59.8831567188
231 59.8243824087
232 59.4978981768
240 58.3580610139
267 58.0069620973
269 57.4572547345
275 57.0066121288
278 56.2438899666
279 55.0780048892
296 54.7586962280
298 54.7213233401
299 57.6807688084
evaluations raw_y
1 548.6372857825
3 333.2863702457
5 238.5323657448
28 155.1276141436
37 109.0283129003
52 108.9092896009
65 96.5233754398
81 62.4747409782
106 55.2646090116
108 46.3179750575
155 46.0772478513
156 46.0390652233
166 45.6339709092
189 41.4967990100
299 41.4967990100
evaluations raw_y
1 548.6372857825
3 333.2863702457
5 238.5323657448
28 155.1276141436
127 137.0575215063
139 94.6993125269
144 93.6382410454
147 79.6496251190
168 76.0740887355
171 65.4343394614
174 52.2381884550
176 40.3793067383
180 40.3694186812
187 38.9720546379
189 36.0677787652
190 33.4822031531
195 21.9037828684
221 18.1259101671
223 17.8833598625
226 16.6674457667
235 11.1323811942
250 10.2643962593
277 9.1504157723
280 8.9577911614
283 8.4738799630
299 17.2611513112
evaluations raw_y
1 1564.3139609524
3 1182.9702965118
4 945.2841232092
11 681.2877608754
14 374.7157983379
20 326.7440608551
29 285.2380189562
77 253.2601565416
78 217.9104947408
95 208.7049499612
97 132.6588920307
110 121.5778303892
117 110.8221982276
121 108.6145080754
128 100.3276038517
132 99.2952970002
140 60.5660438588
153 52.7688839797
179 46.1850326803
220 45.9511553394
245 45.7804398679
247 45.7804093353
252 45.5225067925
258 45.3008433671
284 45.1154190591
299 45.1154190591
evaluations raw_y
1 1564.3139609524
3 1182.9702965118
4 945.2841232092
11 681.2877608754
14 374.7157983379
20 326.7440608551
29 285.2380189562
47 203.5175023740
97 174.5784832932
99 133.8487468809
101 125.8017737445
105 106.0187455966
108 105.2702683656
109 96.8227836842
112 90.8324040974
115 78.3573196217
131 49.3909957505
151 47.2509939118
153 45.7667710338
155 35.0747748137
161 34.0951486671
171 32.7906984931
186 26.9574204317
191 18.7996952947
197 16.7210153806
204 16.3252915879
206 13.9325632160
226 13.5830081021
232 10.6225876416
237 9.7124922543
239 8.4711346743
241 8.4357022936
278 8.0863791111
285 7.6541532842
292 7.4694603548
297 7.4583204953
299 8.5308760110
evaluations raw_y
1 1564.3139609524
3 1182.9702965118
4 945.2841232092
11 681.2877608754
14 374.7157983379
20 326.7440608551
29 285.2380189562
69 255.1332863529
70 183.4756392299
95 162.2418105586
99 134.9578693675
103 132.8110827182
120 115.4548171041
122 102.4126386142
129 84.2747863076
131 83.4473101296
133 77.0837509061
134 48.6612903162
141 36.8838788803
155 36.1287967132
160 34.8182780546
163 31.9941735694
170 28.5979699108
185 23.4727283203
189 22.9666857396
208 22.1410784174
209 21.1358621652
215 18.0931991653
228 16.7188127707
233 16.5248838436
238 16.2897431798
259 15.1167447836
270 14.6794843997
283 14.3955519716
299 15.1943422640
evaluations raw_y
1 1564.3139609524
3 1182.9702965118
4 945.2841232092
11 681.2877608754
14 374.7157983379
20 326.7440608551
29 285.2380189562
33 144.8789148107
78 140.8914361278
80 122.6761079790
85 119.8749095819
86 108.6537040482
111 95.3004431559
113 85.7730623975
118 68.6213013947
162 64.4748758354
171 60.1071124585
179 59.6508530083
180 58.6804046674
182 56.0950545016
193 54.4974994771
196 54.2937721161
197 51.8126760824
199 47.5018918816
201 47.2215047107
205 46.8276341668
207 46.1608932007
214 45.8263704728
243 45.6078854819
250 43.5646232595
253 40.0434338848
264 36.5116800298
265 36.4220955860
277 36.3615205765
280 36.3299550013
288 36.3273988603
299 45.3185146816
evaluations raw_y
1 1564.3139609524
3 1182.9702965118
4 945.2841232092
11 681.2877608754
14 374.7157983379
20 326.7440608551
29 285.2380189562
54 138.5189640153
61 84.9388956906
84 64.9076298323
89 61.4881940532
105 57.3549187406
107 54.9865559082
108 47.2775450629
113 35.3088768364
133 32.1095009982
136 20.3244740211
154 18.9953953296
155 15.5497068091
156 15.5272024227
160 13.9142269068
165 13.6783815281
168 6.8683747487
176 5.8231405445
205 4.9124119676
221 4.9057780649
234 4.8633625223
255 4.7777973141
269 4.2791914623
280 4.2517098452
287 4.0946736448
289 4.0890746024
292 4.0704630456
293 4.0259820749
294 4.0178802381
296 3.9557695646
299 4.8387804514
evaluations raw_y
1 1250.1605683727
4 1219.1289305881
5 799.4230117920
6 529.2126369573
11 264.5157220628
70 256.8265299505
72 235.1691326556
81 179.5028821795
94 72.4544473164
117 66.8835716283
132 44.8827995144
137 41.2140391826
140 38.0371145742
155 36.3513738669
165 32.6668912698
172 29.1978360753
173 24.8699304784
175 20.2645125332
187 18.3122496637
247 17.5820019201
256 17.5721349620
265 17.5686873041
299 21.5202813506
evaluations raw_y
1 1250.1605683727
4 1219.1289305881
5 799.4230117920
6 529.2126369573
11 264.5157220628
100 205.5410849936
106 121.7086601167
144 117.7678550314
148 112.5943510412
172 112.2385229061
181 112.1937322267
184 109.7670216788
187 105.4314565200
192 104.9499540745
206 100.5400423360
218 100.5400151785
220 97.5768006388
224 97.5747383450
226 97.5565461084
236 96.4646106335
242 96.4618605609
244 96.4202961889
246 96.3653765640
280 96.3391635214
282 96.3283697071
299 100.5602951380
evaluations raw_y
1 1250.1605683727
4 1219.1289305881
5 799.4230117920
6 529.2126369573
11 264.5157220628
69 95.8149787085
95 83.7953870243
105 70.5416900999
106 60.7333329216
109 39.9105230952
122 36.1111226520
140 29.3160792017
163 27.7942293965
166 21.5600149823
184 20.3199074381
206 20.2994385715
216 20.2868347607
219 20.2867458402
228 20.2423992545
242 18.8733020358
299 18.8733020358
evaluations raw_y
1 1250.1605683727
4 1219.1289305881
5 799.4230117920
6 529.2126369573
11 264.5157220628
69 234.0076023467
82 180.2096852102
85 164.5378935134
94 153.8322482147
97 127.4553658030
103 106.3857663543
116 90.9786092829
123 73.9404563655
143 55.5929747814
154 50.1368131832
158 48.9408636988
161 46.3130763772
174 41.7708772869
178 37.9261514293
194 28.9737689537
200 27.6281924765
205 25.3832048757
213 22.9213733826
226 20.3137171710
233 20.0119226584
234 18.7933944383
238 16.7939331044
252 16.2525205317
259 16.0924854554
263 16.0609190926
266 15.2196220446
299 15.2258494697
evaluations raw_y
1 1250.1605683727
4 1219.1289305881
5 799.4230117920
6 529.2126369573
11 264.5157220628
46 250.6826956322
52 147.2479513771
64 120.5701549470
66 66.7967901927
86 22.4100930748
98 20.9714907946
99 18.8166894408
117 11.5596895269
144 6.0034721766
176 4.5154222622
181 4.3836562501
189 3.8879399097
211 3.7891534395
213 3.7435429675
220 3.6991766956
223 3.6688363636
260 3.6680047611
264 3.6285586980
267 3.6259535294
273 3.5968274439
276 3.5792774942
299 4.9549255623
evaluations raw_y
1 1489.2511984780
3 1235.6358328764
5 867.8222152426
8 681.2981114023
9 629.6780472201
11 380.8378211464
19 303.6269342974
30 235.5141822400
55 219.0776347719
58 170.4361827252
66 166.5927569621
77 149.7583307353
85 131.2544460843
89 94.5222197637
98 90.8599088756
121 79.5385882775
125 70.8904152913
128 56.0803310784
137 52.7227801438
138 33.0902765572
142 32.9518556644
144 32.6873128895
149 32.4300296919
160 24.0622518740
174 23.0710350194
195 20.0435280536
205 18.4770893703
217 17.8012707889
233 14.2033331955
237 13.5922470452
247 13.2154853439
253 12.9890361637
262 12.8137497852
288 12.4489362616
299 12.4489362616
evaluations raw_y
1 1489.2511984780
3 1235.6358328764
5 867.8222152426
8 681.2981114023
9 629.6780472201
11 380.8378211464
19 303.6269342974
30 235.5141822400
63 215.0268075851
81 199.5032176459
83 177.4363687818
87 154.3074672093
94 146.1490055440
98 102.1724557360
137 91.7377455604
143 89.2691240719
153 86.0044655926
156 82.9779982074
158 71.7928772118
159 70.1800048879
164 69.0835272437
165 67.3780578235
175 59.2419731796
181 56.0023557133
196 54.3161909211
199 53.3443168637
201 42.5171342687
211 41.7352573658
213 35.3333424881
220 31.4065291062
222 25.3947645792
224 24.4278011988
226 21.1266865261
245 19.6079779348
246 18.4621968715
264 17.2309972628
271 16.2905565958
274 16.2403856923
299 30.4641736243
evaluations raw_y
1 1489.2511984780
3 1235.6358328764
5 867.8222152426
8 681.2981114023
9 629.6780472201
11 380.8378211464
19 303.6269342974
30 235.5141822400
94 232.2613865501
103 220.5319069234
104 210.1105166951
105 207.2560310103
112 160.2581215394
128 133.1774491907
133 118.4319978209
141 115.4388087200
144 114.1936455754
147 55.5683335936
202 55.2896999142
205 44.1927385625
210 44.1386120082
218 43.7633468081
231 43.3137482109
233 42.8805519939
246 42.6470096267
261 42.3485999983
262 41.8525942625
264 41.7888727010
271 41.7696206851
275 41.4547010149
279 40.0479576926
298 39.9826102736
299 44.6978649148
evaluations raw_y
1 1489.2511984780
3 1235.6358328764
5 867.8222152426
8 681.2981114023
9 629.6780472201
11 380.8378211464
19 303.6269342974
30 235.5141822400
81 160.0060557822
82 124.1853281630
83 112.2049187206
91 101.4752175388
103 86.2839734619
128 80.7613756641
134 79.1828548808
137 78.6934647998
139 67.3304519403
140 60.1667197369
142 58.2248941269
144 41.2177797697
180 39.9222139753
183 38.8495496293
187 37.9896879455
191 35.6702726485
192 32.1435676224
199 21.2267546252
202 16.2756357575
215 14.9829275511
219 12.1891569350
226 11.3792992993
228 9.1844897160
231 5.8622576046
251 4.5216279472
286 4.2777266871
288 4.2320392335
299 14.1934019150
evaluations raw_y
1 1489.2511984780
3 1235.6358328764
5 867.8222152426
8 681.2981114023
9 629.6780472201
11 380.8378211464
19 303.6269342974
30 235.5141822400
37 197.5185855164
58 159.8441440309
69 150.2282471813
74 83.2692456141
93 52.8256544765
99 27.5155472908
104 24.4462114757
132 14.4251643077
143 13.7616539929
145 13.5623846650
147 12.7409659228
196 11.8611241059
207 11.6979280459
216 11.4880967283
219 11.4589419515
221 11.2989465637
223 11.0616388466
237 10.9059078298
251 10.9027348083
252 10.8682232114
254 10.8422843950
269 10.8245462613
283 10.7996823865
286 10.7567476105
293 10.7562973431
296 10.7277999733
299 10.7197863107
evaluations raw_y
1 1678.8331693832
2 352.6945540211
4 309.6587101672
15 159.1051402870
70 152.5347575359
84 142.7509766319
94 98.0027485413
96 70.1953122661
110 64.7146578131
133 42.6299179211
135 25.5665219461
152 17.1162199472
160 13.8213248127
185 13.8136267183
187 13.3975179540
194 12.6257409546
199 10.9599544716
213 10.2177670702
221 10.0579995384
222 9.9168911349
224 8.3379112948
225 7.5459136466
268 7.5267268649
271 7.5228442594
278 7.2171058156
283 7.2110420051
294 7.1952721154
295 6.9589399443
297 6.9412829957
299 6.9694100444
evaluations raw_y
1 1678.8331693832
2 352.6945540211
4 309.6587101672
15 159.1051402870
106 152.8281101726
108 132.6804026062
115 132.2380822559
127 117.6256047923
128 106.9790650543
129 104.0061327480
131 96.6466260409
135 96.2225752587
144 95.5746052103
147 64.6767866541
149 44.8117027738
153 36.9225797636
154 29.3207299757
155 24.4146670270
192 16.8162214565
195 15.9194718622
204 14.0710075647
209 13.9560475267
217 13.5739545119
232 12.8388372093
252 12.4534406516
257 12.3904101249
299 12.3670254973
evaluations raw_y
1 1678.8331693832
2 352.6945540211
4 309.6587101672
15 159.1051402870
63 153.2429406746
80 122.4213447482
97 118.6111463475
103 84.2138691524
104 83.5168643138
110 67.9981708690
113 59.6121195419
134 43.0458086756
146 42.5461371052
152 38.6832796422
169 36.4329278336
171 33.9968203458
172 33.2672232168
176 29.3067601530
200 28.3051776037
204 26.6860762497
205 25.2655574410
216 22.7975151105
231 21.4612333524
238 18.6571583826
299 18.6571583826
evaluations raw_y
1 1678.8331693832
2 352.6945540211
4 309.6587101672
15 159.1051402870
83 151.4688410892
85 144.7344232155
89 118.2539696087
110 89.0306544565
128 81.4650251925
131 75.6211069839
132 75.3375358865
136 43.3809418470
168 40.9063981330
172 36.7069998099
179 35.3407517088
180 33.7828981292
188 32.2917407825
189 32.0289489609
208 31.4389065478
211 24.0809736791
215 23.7597673793
216 19.5202025356
229 18.9535224140
240 18.4620341590
282 17.9176954518
286 17.8835047158
294 17.8654660889
295 17.8635795711
299 17.8635795711
evaluations raw_y
1 1678.8331693832
2 352.6945540211
4 309.6587101672
15 159.1051402870
44 141.7411827819
50 109.2626682832
77 44.0590893818
96 41.9392271677
102 30.4483985467
105 27.9544460520
119 17.2028436941
132 14.2047709899
133 12.7049894606
146 9.8687882154
154 9.6128624219
171 8.4670536891
181 6.4037292750
183 6.0355883360
185 2.5918950813
214 2.0994266684
215 1.9706967717
225 1.5631211520
232 1.5003582424
237 1.3057322168
243 1.1476001649
248 1.0727072759
250 1.0340235900
251 0.9160746148
273 0.8454959123
282 0.7802788316
299 1.5749475988
evaluations raw_y
1 1102.9954076923
3 962.1207320197
4 526.3563047838
17 407.0092880024
28 240.6601941575
53 239.8669117377
60 228.9389667922
68 218.2438197228
80 214.9343257461
86 199.9814228066
87 165.9993158798
93 144.7982136197
115 129.8769416115
116 126.9943693802
141 122.5570582423
145 117.3167302242
150 115.0920285879
152 96.0674012333
154 82.2698186623
158 79.3456238843
168 76.2261867156
176 72.5552967446
179 66.8240124547
191 62.5265329149
193 57.0837898334
204 43.4202230167
208 42.3973686018
218 41.6407812174
221 36.9184268549
252 35.6566609403
264 34.9560569325
283 34.7058104384
293 34.4976253153
299 42.3421272124
evaluations raw_y
1 1102.9954076923
3 962.1207320197
4 526.3563047838
17 407.0092880024
28 240.6601941575
33 199.1323597515
47 128.9586735472
59 95.8772183171
65 85.5321659766
90 49.7563552322
93 34.1243079233
146 30.3857112827
153 27.7756797875
154 27.6286179569
157 23.5495805028
166 16.6267161532
167 15.6734014473
202 15.5977470706
203 15.4348807116
237 15.4100072320
299 15.4100072320
evaluations raw_y
1 1102.9954076923
3 962.1207320197
4 526.3563047838
17 407.0092880024
28 240.6601941575
40 190.2414611902
52 92.9552931810
96 88.4213645504
113 84.2258232767
123 80.7864086471
153 73.9560268923
169 73.6699738728
178 73.6387065513
189 73.5233701599
192 73.4479585703
214 73.4390324852
222 73.4334025137
228 73.4041041181
231 73.3758927578
254 73.3753194929
270 73.3744138426
271 73.3677755635
272 73.3658162967
273 73.3426187541
274 73.3418835330
281 73.3243355417
282 73.3131250536
299 77.9555048438
evaluations raw_y
1 1102.9954076923
3 962.1207320197
4 526.3563047838
17 407.0092880024
28 240.6601941575
34 155.1872255536
35 83.8929994126
79 59.2206144490
94 48.6935404097
101 44.8333834669
136 40.3614285012
145 38.0197393748
146 35.1426373951
148 34.8789301794
151 33.1579104932
154 28.7588581800
218 28.7002365407
232 28.6929944781
233 28.6883662775
237 28.6852415632
241 28.6843811167
249 28.6820068752
250 28.6746360467
267 28.6739686830
295 28.6737868635
299 28.6737530778
evaluations raw_y
1 1102.9954076923
3 962.1207320197
4 526.3563047838
17 407.0092880024
28 240.6601941575
51 227.2345465648
73 193.1172326265
92 104.7813372163
121 103.4614161894
125 83.6959234107
126 81.5101941520
144 68.2994740052
197 66.4882183426
214 66.3667756593
228 60.6100657969
239 60.5627305575
299 60.5627305575
evaluations raw_y
1 1255.7462089620
2 787.4488026751
7 366.8910308364
20 340.0625479667
61 262.9249083262
63 199.1041920631
65 134.8586693511
66 113.1971170933
83 89.2779947405
94 79.0405482809
113 45.7983881830
133 30.8586162216
134 27.2319409515
143 25.8156774117
150 23.0508396512
159 20.1563359944
162 17.9431586476
166 13.5865704241
196 12.3798369851
203 10.5817046400
208 10.5528608006
212 9.8324936493
218 6.7877556606
221 5.7943751787
222 5.7022695766
223 4.1098885010
235 3.9768659628
253 3.4789385092
256 3.3675051258
266 3.2528863892
279 3.1575636685
299 9.1661648075
evaluations raw_y
1 1255.7462089620
2 787.4488026751
7 366.8910308364
20 340.0625479667
40 299.2776353408
53 272.8696511424
59 196.9385708778
65 172.2008420819
72 142.7532580003
96 78.9577675856
114 64.3784278464
125 49.2585407757
148 44.3218269882
174 38.9887566067
181 37.9415728998
190 37.8273736118
220 35.9634201743
221 35.8364545666
223 33.5246613452
225 31.4471195411
229 30.8520798444
248 30.4551165230
252 30.4321565234
262 30.2862706015
263 26.7323031718
277 26.6996416434
299 30.3251056274
evaluations raw_y
1 1255.7462089620
2 787.4488026751
7 366.8910308364
20 340.0625479667
42 323.1588385237
67 218.5247140929
79 178.5747818040
82 158.4470700969
87 144.4563700762
90 130.3947860920
96 122.3850624338
109 86.4373208759
123 78.9592117933
131 77.0922471103
133 71.7133326585
140 48.6506419118
161 43.5813485660
174 42.1281738123
175 37.1592911681
180 30.3060553645
187 29.4759893989
190 26.3405675597
197 21.4557314676
201 20.7177030680
202 19.0780359340
203 16.5244701673
208 15.7993238973
215 13.6313459161
232 11.6375946439
235 10.7821786478
245 10.0123174901
265 8.3397537496
272 6.9062448112
286 6.3549400812
289 6.1180773277
296 5.2503434704
299 6.3098690985
evaluations raw_y
1 1255.7462089620
2 787.4488026751
7 366.8910308364
20 340.0625479667
38 184.0216280966
85 171.7629231684
86 155.5395585815
98 139.5878676729
102 135.2584194336
110 134.4098694480
112 129.4171216685
116 112.9414746278
124 94.1952378269
125 89.4366147807
146 84.8731611131
147 74.8926491949
150 74.3384497463
152 66.6701221308
155 59.8244189417
183 54.0302571530
185 45.7344218308
194 39.7481992629
198 39.5896816477
202 37.5744354776
210 34.3109609357
225 32.6495547845
231 29.5202543322
288 29.2737600381
292 29.1206688152
299 31.9714677816
evaluations raw_y
1 1255.7462089620
2 787.4488026751
7 366.8910308364
20 340.0625479667
35 291.2821775136
45 210.5022532927
67 194.9050581086
80 122.8126786725
95 117.4939426873
96 105.6563727507
98 101.3463015825
101 82.5040853667
124 78.7200487538
126 64.2750071730
156 62.1078042816
161 61.5898820123
165 57.1154274567
166 53.4071584271
173 53.2985779550
185 46.1727284901
192 43.5122117506
197 42.0668320265
208 41.8344843826
228 41.7531055170
238 41.4960666080
240 41.4266496342
254 41.2225123539
262 41.2061858800
271 41.1341719998
273 40.7367859220
276 40.6760186034
289 40.3985787350
299 40.4895006490
evaluations raw_y
1 2844.6641830813
2 1283.7591598087
10 264.2403267564
82 238.6431532119
94 176.2571966377
100 173.5947509848
102 135.1810585416
105 107.9695710238
125 105.3634651624
136 101.7191195508
139 101.7181075226
162 94.3096113377
167 89.2851346467
169 89.2291533095
171 86.9960478025
173 82.3577309631
192 80.9286028000
193 79.1379593156
195 65.2156127845
206 61.4548511140
208 60.5960259505
221 58.3743368894
243 58.3204061603
246 55.8772709007
247 55.3829068224
261 52.2750492827
262 49.3746718387
264 49.3224078351
269 48.9422466710
286 47.5562282864
291 47.3522619819
299 48.4298560442
evaluations raw_y
1 2844.6641830813
2 1283.7591598087
10 264.2403267564
101 234.7087810667
125 219.7601483064
127 158.0092701032
131 143.5204591322
133 124.3615524841
136 104.8590157058
137 86.9505342388
145 83.5338880042
158 68.8134985331
160 66.4574544952
178 36.7281532409
186 33.5580578937
191 21.6656410030
192 19.9340669078
193 17.4064063575
196 16.3687349402
216 6.7690910691
235 4.7801410949
249 4.3982004938
270 4.3661020362
273 3.5866079210
276 3.1318213729
280 2.8958315629
289 2.4780275000
299 3.5057694181
evaluations raw_y
1 2844.6641830813
2 1283.7591598087
10 264.2403267564
73 258.5985826865
81 234.4647056738
92 169.3202862644
113 157.3841659776
130 146.7601954297
133 121.8593239214
134 102.8560048943
158 98.2984648199
160 97.6108827052
167 89.6464876976
170 85.3443722350
172 84.4099192089
179 76.6014644603
180 76.3061799231
194 75.7859793256
211 70.2844995884
213 69.6012496680
217 68.6092778477
233 64.6871216282
278 64.4379924582
279 64.1852766105
284 64.0555530855
285 63.9915925604
286 63.8156654145
295 63.6987700662
299 67.0820134463
evaluations raw_y
1 2844.6641830813
2 1283.7591598087
10 264.2403267564
89 208.1396915444
93 116.8228928258
96 83.5328231638
122 60.9169045805
130 57.0538352985
138 49.9548247619
140 48.5651599180
155 39.5996153680
164 39.3934030373
167 39.3004605055
182 33.6163982990
203 29.0140730349
213 26.5427983283
299 26.5427983283
evaluations raw_y
1 2844.6641830813
2 1283.7591598087
10 264.2403267564
44 213.4446911791
75 167.6314136156
79 147.8185075974
81 107.9236303480
88 72.1692049141
102 70.7514694026
109 57.1467349234
120 55.5730489963
128 52.0999861522
130 45.2543745829
133 42.9310092298
147 40.5516817293
157 40.0616718780
162 39.3629618268
170 37.9415571416
188 21.5951159775
231 21.4342784329
233 18.8593955167
247 18.8303724686
250 18.8200998425
252 18.8167677429
257 18.8163408981
259 18.8161460911
273 18.1869828710
283 17.8816153409
299 18.0286043832
evaluations raw_y
1 1691.3759128751
2 642.2648850146
21 200.5714994365
97 174.3671296552
105 156.6197427090
106 133.3625408354
108 112.4189365190
112 55.1982238597
116 48.5637210961
117 37.0263428583
157 26.9778837643
159 20.3180765167
161 17.7276730483
165 14.6022205046
192 14.4873592706
196 12.7829626197
204 12.0329391426
229 11.0572741087
243 11.0076086286
251 10.9942217321
261 10.9802439587
299 10.9942217321
evaluations raw_y
1 1691.3759128751
2 642.2648850146
21 200.5714994365
110 118.7873460100
111 115.2415046913
113 96.6502410377
129 90.1682627146
133 75.6973943400
137 70.4426111151
150 67.5761741556
156 65.1303325891
157 51.9244314366
158 47.1887633717
159 42.2286883337
170 39.6945961793
173 36.8454407768
181 34.3647008684
184 26.2862285674
208 23.8337496041
243 22.2815219515
268 21.6488360678
283 21.6172857617
289 21.1889671407
293 21.0346179739
299 21.2740743788
evaluations raw_y
1 1691.3759128751
2 642.2648850146
21 200.5714994365
91 154.2529353535
94 108.7955978370
107 107.3964016984
117 88.7524622828
121 64.9764533647
126 33.1351162017
137 29.6136356556
155 15.1447850696
182 11.8087943913
183 10.9790360953
185 6.7659106254
191 6.4179324062
193 6.2997331018
230 5.4383214301
235 3.9596259616
237 3.7738403749
253 3.6768438308
299 3.7271033998
evaluations raw_y
1 1691.3759128751
2 642.2648850146
21 200.5714994365
54 182.3647188989
74 160.7047442569
82 155.6928343204
93 99.2892975280
119 98.3603537226
126 74.5698706117
130 52.2343697340
136 51.6746448495
143 48.9655779076
153 39.3828355696
158 38.8919046798
159 38.7813399392
171 22.8106196627
193 20.2430585109
231 20.0656300653
232 20.0488323193
246 19.9723538697
248 19.9349594367
252 19.8899896510
257 19.8744480731
260 19.8104012051
261 19.7896783813
284 19.7418674590
294 19.7387714994
299 19.7095800453
evaluations raw_y
1 1691.3759128751
2 642.2648850146
21 200.5714994365
69 199.0527046385
82 176.1920647587
92 170.3135862357
99 160.3127613714
125 151.5264360097
127 151.4533548512
132 151.3587818254
139 137.2008676565
153 137.1594308103
169 135.4330560208
173 133.1723787305
176 127.3304447349
180 125.7132518358
189 116.5047803838
220 116.4496335726
227 116.1813082657
229 115.8049185920
256 115.5456275913
261 115.4258093986
266 115.4020656036
269 115.2568113652
299 116.3164149483
evaluations raw_y
1 810.1642112199
5 530.3012822585
7 398.3813322453
8 344.1046551094
15 185.2675174360
69 164.3246496428
89 120.9967779137
92 107.7659354151
93 103.4604696648
94 45.7383367121
113 28.3257239645
134 20.4747490965
163 19.9784324258
164 17.3128035736
166 15.5475622034
174 13.5863587365
201 13.2224750357
205 12.8239570237
237 12.4339203652
240 12.4213257943
255 12.3550338365
257 12.3404489876
258 12.3334135807
270 12.3080404467
299 12.3618850900
evaluations raw_y
1 810.1642112199
5 530.3012822585
7 398.3813322453
8 344.1046551094
15 185.2675174360
36 173.6653739690
82 163.2196990247
83 128.6781035942
108 118.5731029469
110 108.8545779592
111 91.8560205139
119 80.5136437291
122 79.6995848647
129 66.9277815990
137 46.8528067402
160 46.6060882727
185 45.5409401153
190 44.8940565683
193 43.1821176047
197 41.2485688669
206 40.8071660485
299 41.2485688669
evaluations raw_y
1 810.1642112199
5 530.3012822585
7 398.3813322453
8 344.1046551094
15 185.2675174360
58 101.2574000913
78 64.3782550192
96 58.2494712512
143 56.3774485302
170 56.3116079796
173 56.1244373539
176 55.5199104936
180 52.5483855052
193 52.4655976472
206 52.2966284859
235 52.1923047535
240 52.1792646547
242 52.1225791575
246 51.9845497432
268 51.9271235441
291 51.9270152423
294 51.9061526517
295 51.8944119664
299 51.8377798787
evaluations raw_y
1 810.1642112199
5 530.3012822585
7 398.3813322453
8 344.1046551094
15 185.2675174360
36 34.9761593409
72 28.7922096120
94 22.6354807263
100 22.6152484554
121 22.3773382892
122 16.3736164958
133 14.6830174682
142 12.4403718017
163 11.4068140927
299 11.4068140927
evaluations raw_y
1 810.1642112199
5 530.3012822585
7 398.3813322453
8 344.1046551094
15 185.2675174360
45 179.1090998964
62 148.9626247947
75 78.3133111994
122 78.2057025402
139 75.4755920422
141 70.8645398767
143 64.1011804968
154 63.9285206347
168 63.0856265055
176 63.0096915640
179 62.9625953491
205 62.9443378609
221 61.6229354441
235 61.4887565321
255 61.3834163469
268 61.3069148883
299 61.3069148883
evaluations raw_y
1 827.1104036083
2 759.4112308727
3 176.1052577144
86 169.2762939862
93 144.0577958155
96 127.1897762264
102 51.4091681868
158 47.8368373271
179 37.2947748381
188 37.1566706394
209 37.1482467163
221 37.1430383735
222 36.8984248827
228 36.8566567442
229 36.7492100374
239 36.6518002526
242 36.6447880166
245 36.6214036453
250 36.5678496380
277 36.5494365891
282 36.5273170809
284 36.5241033015
286 36.5159414428
291 36.5125539328
298 36.5054401755
299 36.5070951763
evaluations raw_y
1 827.1104036083
2 759.4112308727
3 176.1052577144
110 143.6469557330
114 135.6664218149
122 128.5186281144
125 86.8563211071
144 83.4200714850
157 77.7026052661
162 74.2200799945
165 73.6533363963
175 73.2343019121
179 70.1896081467
181 59.0403989200
191 57.3308289543
195 52.7605552250
256 49.7916144942
262 49.7269153374
264 49.6728204126
268 49.5877902214
271 49.4165317530
272 49.3530510343
273 48.9646280979
277 48.9573470877
280 48.8773179511
281 48.8732988265
284 48.8488878488
285 48.8397351388
286 48.6577123499
288 47.2171503900
299 50.6547828527
evaluations raw_y
1 827.1104036083
2 759.4112308727
3 176.1052577144
119 159.0696180400
133 154.7051566454
134 140.3876589115
142 125.2215813557
144 114.5220039176
147 110.0968511729
157 95.0895426862
162 94.4487994658
184 84.2780766335
188 74.3649854303
241 74.2626207604
248 73.5452101788
262 73.0943899263
269 72.9411857312
277 72.8518478200
279 72.5664202663
287 65.9005503693
299 69.1949524331
evaluations raw_y
1 827.1104036083
2 759.4112308727
3 176.1052577144
105 173.5270370988
109 166.6441786192
112 134.3675052768
115 44.5669657849
135 44.3803310499
138 29.5118792238
148 26.0522114065
166 19.8134516187
174 14.1709561351
205 14.0060233616
206 12.5382149230
209 12.0944049980
217 11.2888197105
222 10.7108791272
230 8.3935051039
258 8.2359193049
260 8.1730442503
298 8.1659566108
299 9.5316272724
evaluations raw_y
1 827.1104036083
2 759.4112308727
3 176.1052577144
139 101.3049938475
150 75.7195159036
152 61.5491115543
170 60.7723209062
173 39.9863977983
178 30.4113278811
202 30.0147636009
248 29.4412960660
250 29.2901869963
252 29.0211169692
271 28.9399823810
299 28.9620506710
