evaluations raw_y
1 3011.1770234146
2 2092.8842759301
3 1491.8854664492
4 1225.2709810624
63 1061.6532123403
75 972.0701938968
79 891.4833324903
83 857.0679442761
105 776.9586581570
109 749.6072585287
117 709.5972342370
120 632.0856949286
124 594.5743864544
129 504.2934959524
144 464.6896744637
157 436.1389490263
161 353.9882849000
177 343.1052406270
193 339.5886019576
197 337.8925394860
199 324.9446277159
201 309.0991498998
202 293.1007385270
206 277.5787037488
208 226.8002938755
227 162.5056417927
237 161.4184417950
243 154.9382644394
244 153.3192585023
248 140.6496400264
255 117.8078324766
256 89.0136617143
260 82.4652675149
277 79.5132410908
297 69.8156900276
299 75.3089197003
evaluations raw_y
1 3011.1770234146
2 2092.8842759301
3 1491.8854664492
4 1225.2709810624
96 1088.7636468330
99 951.3938547270
104 873.8054501061
105 786.1840327563
146 779.6049740998
150 743.8045308961
152 731.7811792306
153 709.8519050890
157 620.7193383019
166 566.8080798274
170 543.3086404270
175 539.2747149559
181 476.3232745631
186 414.7248858918
200 365.7752648335
202 247.4303406889
206 232.5036145489
224 227.4348952921
229 208.8288753957
232 208.7630145442
238 141.2585171144
258 121.8136589561
274 107.8916284996
286 94.1632564519
292 83.0292341170
299 124.7206927937
evaluations raw_y
1 3011.1770234146
2 2092.8842759301
3 1491.8854664492
4 1225.2709810624
51 1035.8218371955
62 865.0275575459
77 639.5238212532
100 596.6222444730
103 521.1393180533
108 509.7075983707
110 474.0721996283
111 465.7810313524
130 456.5287292299
134 454.5602216392
140 377.1147778021
151 338.8048977858
153 279.2386795348
185 253.9634566981
186 248.8569090939
191 217.4488870976
192 215.3783899340
201 193.0029399186
222 151.9017986850
224 145.1524786127
226 135.6444463470
228 125.2653761988
241 119.7316054864
243 111.1472967433
244 109.5052363584
253 104.7283104305
256 91.8902177009
262 88.2814534534
272 68.8599893408
285 57.4746189309
296 33.1543584956
299 46.8566223882
evaluations raw_y
1 3011.1770234146
2 2092.8842759301
3 1491.8854664492
4 1225.2709810624
71 1022.9037340779
85 949.6226242716
87 863.4407836830
89 847.0512969228
93 787.8998559654
98 711.4236516457
101 585.3443286398
128 537.7292301315
130 526.0582923272
131 517.2565026528
170 508.4247574383
172 505.0088566023
175 461.9493841801
182 442.0823721745
189 434.7695135830
190 432.3056567322
195 367.2622820922
198 314.4735264210
201 290.8045660324
203 248.4776288117
224 226.9589685614
232 207.1223143768
233 201.9985986040
251 194.1654370600
254 182.9385994330
263 171.2145793117
267 153.8974122405
283 148.9826617486
292 134.6571399466
298 120.2177053003
299 160.0119757490
evaluations raw_y
1 3011.1770234146
2 2092.8842759301
3 1491.8854664492
4 1225.2709810624
53 1224.3661210588
68 1147.8562230126
74 1111.2348271997
77 1058.5299499339
78 1018.5746817460
91 953.5398999646
94 888.3888467332
103 810.6851690224
116 754.9409563908
121 736.5921239025
134 619.7107524833
138 545.9806711004
141 508.4169356098
152 439.8726838171
171 431.3622557557
172 430.7749395100
178 385.3697361933
183 328.8407674875
185 323.5131407337
196 313.5486499701
200 241.4183406981
214 222.9962330848
215 211.6473593367
229 191.5319524115
238 189.2164823231
248 154.2923592137
249 123.4531673977
267 115.1281832706
270 104.1896847970
276 102.1721525915
292 96.8712173111
293 71.6415121397
297 59.4207274490
299 97.8117076030
evaluations raw_y
1 1557.6475278028
3 1193.4148371151
52 1175.4803107360
72 915.9811138781
73 788.3879103480
82 663.0104041389
91 644.0135353012
94 631.4503314591
96 532.8984766615
118 398.9117535207
139 377.9906019615
151 370.7432331111
152 352.0329337232
157 330.3529193451
162 277.3911754528
170 201.1933138606
187 164.8941424123
188 122.3750014162
202 114.4723535770
210 113.9215335119
223 111.0344547863
226 103.6837274546
243 93.0017862643
253 82.0560656452
257 79.0737875796
263 73.0965680425
274 64.3681878524
299 63.4908309663
evaluations raw_y
1 1557.6475278028
3 1193.4148371151
100 1086.4522456440
112 1012.6408980077
114 895.5589629589
134 823.2897106352
135 788.2926930472
150 764.8661473293
151 741.3961373260
156 735.7622016507
160 726.0375725798
161 628.5843375959
162 569.8735391084
165 521.0708353000
167 515.3329267999
172 501.7809561975
174 488.8747735223
176 368.9203678563
202 330.9891165334
216 304.4051552582
218 291.7703851745
228 284.5185635307
234 282.3198629031
235 255.8727731166
242 216.9809107272
264 194.9986715116
274 189.3542456903
286 163.1124792927
294 155.2200742668
299 192.7556275735
evaluations raw_y
1 1557.6475278028
3 1193.4148371151
107 1110.1894732251
119 1034.9401010942
121 628.5361570254
134 586.4121101154
138 542.4617255889
139 522.0250736760
140 490.5878616916
143 481.3085235020
161 469.1154847455
187 418.0564751673
188 417.3126741552
201 400.8991194444
204 398.5208489188
206 386.5829614839
208 379.7254745396
215 352.2209037314
219 311.8354863390
220 307.6286820887
225 268.6412772816
227 187.0235035730
270 153.0308117382
273 146.5038648897
298 145.8669793100
299 132.0707372530
evaluations raw_y
1 1557.6475278028
3 1193.4148371151
56 911.4143827572
80 906.4392516591
83 865.4697763029
84 795.6263689609
101 746.3121939144
113 621.4198383982
115 458.8967586391
131 440.7423562262
141 431.8747548044
144 382.2896780356
152 313.8228525519
156 303.3785689667
166 287.9703903070
185 284.1415664173
188 274.9681677713
190 268.4341117351
198 268.2364886461
199 260.1304661380
210 241.5998950457
217 229.2045702320
228 221.6039106224
237 197.2415741621
240 195.7024262054
241 187.2740055977
244 176.9679947471
247 172.0121011050
256 152.5766984651
258 149.6047985041
264 146.7645295807
267 132.4624644710
299 145.7850152885
evaluations raw_y
1 1557.6475278028
3 1193.4148371151
92 763.5410027317
127 716.9403807895
143 710.1881771063
147 685.9075491295
149 682.9388878390
151 678.9025886209
152 651.3485836094
160 646.5988859094
162 482.9839822535
180 444.5720243201
181 420.7259358209
188 414.9900201616
190 394.3292314658
198 359.8859742209
210 356.9518587351
212 316.4420119828
213 302.0958652578
229 294.4475476646
231 293.2424547438
234 232.1055837286
237 213.6160781437
257 195.6398505184
261 144.7816261213
280 108.9041922244
283 107.3154978702
299 113.7784525145
evaluations raw_y
1 1941.3312313353
2 1773.8790566813
8 1716.6425976666
14 1679.6347149417
21 1588.7804109255
31 959.9860897763
51 904.7292173125
56 796.7733338893
67 691.7754396546
68 621.6110646790
95 549.3232738460
100 499.3560736213
105 484.2558965998
107 456.9393585091
113 343.6460453831
128 247.1781880399
149 246.5472633553
153 218.4790811354
161 198.1892580299
162 167.2595970931
183 162.4194930931
184 134.5209136924
196 126.8564359997
213 119.2999562348
216 116.7956433293
219 101.1677712057
234 78.1394472755
238 71.0382916155
247 58.1163892223
259 51.0022238494
261 50.7505576378
272 41.8005146578
281 41.4265605927
283 33.9222087169
294 33.6207656103
299 49.1799048728
evaluations raw_y
1 1941.3312313353
2 1773.8790566813
8 1716.6425976666
14 1679.6347149417
21 1588.7804109255
40 1424.0797949690
42 1414.9313134466
61 1369.3445466211
81 1199.1446323960
82 1199.0891116973
94 1134.1002417307
102 1097.5589285890
105 1050.4559911673
107 911.6645467327
108 859.6901512257
118 808.6103336310
122 736.0153662919
128 670.9624365580
130 561.2815390710
142 463.2493464529
155 457.7915701849
158 414.5287621303
182 409.1626373781
186 402.9414317881
189 401.6968620067
196 396.9125633285
197 369.7342411588
198 331.5807347545
203 320.4859642465
205 280.8463852538
221 261.5252549570
242 253.7453200823
247 199.0470581211
250 193.8005503423
258 180.0119395605
267 179.1976098926
271 176.6339303226
278 173.6053365434
299 187.6259044936
evaluations raw_y
1 1941.3312313353
2 1773.8790566813
8 1716.6425976666
14 1679.6347149417
21 1588.7804109255
31 1547.9770972200
53 1389.3967400161
57 864.4695886370
65 797.2806338621
71 793.8946263149
72 738.7008930305
74 728.1997331733
83 584.1854121119
88 486.3415631666
104 396.0398181498
135 379.9968917521
153 371.9496700767
158 367.3429239444
159 352.8780979194
166 312.4594926865
171 283.2614801874
173 266.5105747039
182 222.7473437025
183 184.8584970135
190 181.8916116405
206 181.1445433481
208 174.3029462782
230 160.2847494654
234 154.0788299404
240 149.4120063846
242 147.5299340798
244 122.7276731252
252 114.9446146289
273 113.7235127799
278 106.8681850140
286 106.5936599663
288 102.6443484948
291 95.8621582785
295 89.3818334540
299 104.7372643855
evaluations raw_y
1 1941.3312313353
2 1773.8790566813
8 1716.6425976666
14 1679.6347149417
21 1588.7804109255
31 1544.2241236361
39 1369.5451305954
40 1311.5641325033
50 1230.2421682124
53 733.0939654371
81 586.8935000439
95 579.8087027602
98 561.9181048107
105 520.6994440683
110 475.4835860571
119 443.1019827573
127 408.6964376672
133 406.5039500366
134 364.7586589456
142 360.2931741509
156 350.9763974304
159 307.6827156149
163 217.6679049385
169 195.9314409671
199 195.0561764638
207 139.5408476512
211 104.4236618431
234 68.7229730029
249 67.4174819969
250 63.4235217812
259 56.7064945359
264 47.6717646213
273 46.0715055557
287 41.3275357204
288 39.3916181311
298 36.7486372271
299 44.0690612592
evaluations raw_y
1 1941.3312313353
2 1773.8790566813
8 1716.6425976666
14 1679.6347149417
21 1588.7804109255
42 1514.4323245703
70 1287.5040207202
78 1103.2376368093
79 831.5085309402
115 743.4886453510
127 714.0648260205
128 713.4922080708
131 682.7426508695
135 652.5378480683
139 579.9655462376
143 527.8531979041
144 487.9028453008
172 476.2459092578
177 400.4350899674
181 400.0571970979
199 396.1197345163
207 375.9010622510
212 361.3287964532
228 353.5704499394
230 333.4952707942
236 310.8613287953
238 307.3996943438
240 306.0964991966
257 299.4179741434
275 280.0275191886
276 275.4529645034
289 270.2427891025
290 260.8306519429
292 253.9531020157
296 243.9648520384
299 272.1918389430
evaluations raw_y
1 2485.2754922965
2 2329.7991492586
4 1768.5116846625
10 1271.7013555337
22 1146.3586959271
23 951.0917717024
58 399.2915275471
100 311.2442302066
105 249.7758764398
117 235.0005861413
137 198.7576820675
140 185.0451512022
141 173.6709069381
151 148.3710042478
165 135.3715815594
167 128.7806950857
178 99.3482047894
181 94.7929182659
188 75.7671780986
194 72.5140268193
208 56.4517740008
243 53.0428176371
246 51.9766051961
249 50.4311976093
254 47.6309534464
255 43.0721826960
271 42.7856063320
272 41.7101781494
273 38.1747835727
274 36.7190944542
290 36.0461404148
294 30.8504952274
296 30.3874352528
299 30.5876355816
evaluations raw_y
1 2485.2754922965
2 2329.7991492586
4 1768.5116846625
10 1271.7013555337
22 1146.3586959271
23 951.0917717024
83 939.6578416279
85 742.6117511360
100 697.1860185024
105 606.1520729486
108 576.7345196365
113 525.7904248663
136 463.2898611642
140 447.7174073202
149 335.9412729109
157 252.4353138659
195 238.9335566900
198 234.3134256410
199 225.5593760016
200 191.8122677680
206 162.2755102118
237 158.8812502523
239 152.6581028977
241 148.6117709885
251 142.7185662739
257 135.6199690274
267 131.0428397505
270 129.5889607489
287 128.9538315639
290 124.5933202754
291 117.7196072553
292 117.4943001065
296 114.8002285260
299 128.0174730988
evaluations raw_y
1 2485.2754922965
2 2329.7991492586
4 1768.5116846625
10 1271.7013555337
22 1146.3586959271
23 951.0917717024
67 862.5584868561
72 638.6520536595
77 443.1019906854
89 418.7678743989
102 361.2222259097
136 357.3501833367
141 346.3262872889
142 340.1827979395
145 330.0582478862
158 325.6324842996
164 314.8121205397
171 293.0082089534
173 274.0596343933
174 242.7525753324
177 242.2389269298
178 213.4828950039
179 194.0375733059
185 190.4664372611
189 178.2930449357
192 168.4399244663
201 138.5416809266
205 121.6248687080
230 93.4617435136
247 88.2440926277
260 76.6477467779
261 74.4557824296
262 60.4602785797
264 48.7432640225
299 50.2180025452
evaluations raw_y
1 2485.2754922965
2 2329.7991492586
4 1768.5116846625
10 1271.7013555337
22 1146.3586959271
23 951.0917717024
78 845.8109700975
83 712.9344771668
101 691.8310213424
105 680.9632044750
106 669.2325093214
117 605.9565860159
119 572.7828670989
121 490.9381688449
123 480.3364549340
152 477.8006039087
154 475.2858534320
161 410.8360553421
172 376.3520985299
181 346.1799593891
188 326.7004094525
195 275.7652696983
198 240.0862174938
203 217.9121452490
204 210.9207491324
217 208.5554966605
219 205.9544030682
234 193.1302921016
247 170.5517832462
248 161.4505843045
259 155.7832732102
266 147.6165543060
269 144.1101629392
278 128.4184502921
299 159.2322124654
evaluations raw_y
1 2485.2754922965
2 2329.7991492586
4 1768.5116846625
10 1271.7013555337
22 1146.3586959271
23 951.0917717024
44 666.8726468435
68 665.2037578526
75 654.8273259971
77 641.2754791806
85 612.6122405728
87 567.6269666884
107 541.9214386415
108 498.5004723153
117 479.7259182721
124 458.8506897682
131 430.5574013885
150 425.1849027798
162 386.7475398324
166 351.4049755410
167 318.5371479342
169 274.1017798853
172 244.2748122752
182 221.0355241990
207 220.1863284290
225 215.6487964048
233 212.0753416091
235 204.5212412469
237 185.0080220147
243 183.5457791482
246 180.3648845637
250 157.1321075277
251 153.4514709877
261 137.5611541057
298 126.6270235639
299 139.0060390563
evaluations raw_y
1 1958.1543993176
3 1411.3750314008
22 599.0115398267
114 571.0454889597
142 538.7626007758
144 533.8205640213
147 533.2562208724
149 526.1753688788
150 505.8326488849
152 484.7960499567
160 449.1048394395
172 425.8846168426
187 416.6363626134
190 409.1275185133
196 348.4834804675
202 319.0222710692
203 304.0879263231
206 239.9929770884
210 206.0974021746
211 188.7871377606
212 168.0787805683
239 160.4870561181
254 159.8119907745
259 147.6145017203
264 135.2368599453
268 130.0082526085
270 112.3647305204
283 111.9912546545
289 92.7861905860
299 91.1113017736
evaluations raw_y
1 1958.1543993176
3 1411.3750314008
22 599.0115398267
115 593.9011018130
119 478.7101450774
120 448.2011714562
143 347.7923751276
153 343.4160249785
154 338.6113481406
160 324.0029655879
162 300.7996278742
171 300.3752464452
189 265.2858586372
197 246.1144398393
202 217.5273668756
210 194.7793405885
214 183.6338025479
225 182.3513694819
226 145.0207039155
227 118.4656874650
243 76.5755384074
280 70.6376670671
283 69.1664286777
285 64.2934007733
296 60.7372004848
299 59.1769729354
evaluations raw_y
1 1958.1543993176
3 1411.3750314008
22 599.0115398267
100 531.6784483716
116 516.3964667653
133 440.4438992789
136 418.6393323209
137 410.8712623810
139 384.8961889607
145 351.9314524631
159 325.8176931722
160 319.9063943430
161 291.7479910537
163 237.8410180531
164 223.3161707000
219 198.1530520707
227 169.0900653536
228 152.0229160165
229 108.9675156275
236 99.1278492155
245 86.9160741248
258 86.6668113580
259 76.3748139160
275 74.2131199895
282 70.8995123152
285 59.5225545087
291 58.4570521504
299 57.1996774092
evaluations raw_y
1 1958.1543993176
3 1411.3750314008
22 599.0115398267
92 564.3918219126
100 521.4833794560
102 451.1545626163
105 332.4262420776
126 258.7011731133
146 228.7117927242
150 203.9696442118
167 178.6216162179
168 154.5218935317
177 132.6090048548
182 89.6802819150
222 83.2201612669
226 79.5259042216
228 78.8341980289
230 72.9624093499
232 66.8913506797
240 66.6918955616
244 51.8522515772
257 48.9400464283
280 47.8129587634
292 46.1946255860
299 58.3883501365
evaluations raw_y
1 1958.1543993176
3 1411.3750314008
22 599.0115398267
151 521.3446466153
152 467.1148418978
168 445.6136671880
185 413.1134358042
192 363.4573233628
194 359.6033842748
206 341.1971636192
210 335.8092169159
211 326.5982768250
212 317.9008034712
214 315.8720437740
222 310.4223508791
223 282.1015628764
226 236.8187351941
253 204.7250957811
255 186.3394204202
256 174.7424720066
278 130.0909664735
289 105.0222626312
299 143.9227617817
evaluations raw_y
1 1401.0410108076
11 1293.7877306034
31 1280.0710873664
34 1089.2285872912
53 1080.4719843387
57 1050.5527487875
60 1016.3178979248
64 1002.5657407548
65 656.4257069440
98 615.3969377372
106 593.3439805150
111 527.4719766906
136 515.0483535579
138 471.7883973409
139 432.5599178930
145 398.4070023671
150 330.3581151374
153 318.6292545569
169 289.8894229852
174 264.5765620456
176 253.3964097587
177 232.4478223959
188 204.8871177712
193 161.3355765470
194 152.3036989723
206 143.6011094816
230 114.7013329792
231 108.8397289604
244 107.3345979670
252 98.6616124045
257 96.1651091241
259 93.1617691110
275 81.5954317238
291 76.7677236282
295 75.0978139556
299 79.3512673743
evaluations raw_y
1 1401.0410108076
11 1293.7877306034
31 1181.1894348881
52 1164.0410725054
55 840.8996589881
61 802.8770102672
67 790.9259875410
85 775.9300839287
86 764.6930990625
92 737.2278373359
104 706.0447846552
105 698.3621037755
106 692.1349560495
109 561.9545527630
133 557.9566575759
134 516.0596941833
159 495.4087563898
160 495.1226415236
167 491.1378740309
170 489.1048759068
171 459.4797765850
176 406.2689363174
180 332.8985018656
186 274.0717101522
218 252.9720221746
223 225.5752583943
226 214.8857450852
234 204.7890754077
237 187.5203460571
244 165.3252544829
257 145.3416832120
282 135.5599695579
285 127.0593109555
298 119.4441305649
299 128.4817426302
evaluations raw_y
1 1401.0410108076
11 1293.7877306034
68 1082.2260702747
79 1037.4269801070
95 952.2754834228
107 942.6112134246
111 894.7897085560
112 893.1751876428
120 872.1481826033
124 758.8699526725
125 694.9112258093
139 685.9470729900
140 576.1484549969
146 546.6088368225
160 502.8663761013
175 500.2218719258
180 486.4899717227
182 450.8943729400
184 422.4066693868
186 417.0369199059
193 368.1269707124
194 356.9660811112
196 350.1447342887
199 337.7658955411
216 309.2335634578
225 275.3125927052
253 224.9917949814
254 223.4998374384
255 219.3620964364
257 206.6611544657
258 179.3025854673
266 177.4633209225
287 176.2853230458
297 173.3822381685
299 195.0413743993
evaluations raw_y
1 1401.0410108076
11 1293.7877306034
42 1044.7836304953
60 981.0543089589
65 791.5522687661
75 582.0845314856
86 563.2987537255
104 454.3700262307
113 338.8917454302
125 336.9074742860
126 267.6820221571
127 240.5104916188
166 239.3800729948
168 233.9895444644
172 214.5863932686
178 198.4197268135
180 181.3137691672
186 166.3921502667
190 163.8512419960
196 144.8515388525
197 119.3738507325
212 108.7829432775
236 100.3759752192
241 86.5859341830
242 75.6206433191
268 65.2464154204
270 64.1803775795
272 62.7638918094
275 60.6309144272
279 57.2084786494
282 52.1093194186
286 52.0804512212
287 49.5813640823
299 75.5846301402
evaluations raw_y
1 1401.0410108076
11 1293.7877306034
56 903.2396702307
57 637.7114954965
91 513.0050957303
99 483.8474191770
109 460.3726815483
112 434.0985350498
130 421.3357173606
133 406.2920416484
135 385.0946876166
152 381.6645609697
155 366.0429097528
159 236.7559110409
161 209.3851043064
165 187.6409803821
178 163.0306176333
187 157.9787783148
221 156.5077109638
225 155.4845321428
232 152.3920684750
233 121.7256690891
238 119.8012248980
239 119.7416472346
244 114.8048728613
251 98.3518182964
273 93.4513595144
279 89.7201915160
281 86.5825539883
286 80.2556023885
287 80.2265145290
294 76.7076736452
295 73.8770374912
299 85.6400111576
evaluations raw_y
1 1447.3624201897
16 1180.0873991264
34 1064.9163255699
35 969.8307421188
68 824.1824018933
70 800.3488713339
73 621.1988350532
80 591.1848968396
100 474.3524790177
111 435.5534099939
130 434.1552080004
142 409.9649107940
145 366.4255088164
146 341.5576534167
148 341.3946038470
151 341.2072950920
152 313.8208832411
153 291.4422957261
173 241.9988453304
177 201.0300922130
180 194.6162727225
184 189.5177191443
191 187.0673628949
210 173.6562815934
222 162.6161633643
226 134.3725902812
232 129.8009821764
233 128.1189747064
237 116.8268963388
238 109.4818359203
260 108.7739183014
272 106.6585901800
274 104.6557293206
277 62.3196125030
283 47.8507648156
299 80.5391803127
evaluations raw_y
1 1447.3624201897
16 1180.0873991264
31 1166.7417916073
47 1090.0712436260
49 1065.1243791112
50 972.9790899861
52 969.5843485047
71 968.8118652543
77 856.6094128638
83 799.9156330478
86 607.5464111538
88 577.2822952066
101 464.1227603629
118 453.1150133650
122 450.7291958797
138 428.5656295229
140 425.7771209473
149 345.0981157085
164 305.6197533249
176 293.6694032333
181 272.8833469604
193 231.3999863159
196 225.0140307327
199 199.5677201637
219 196.3569170989
223 196.0873248976
227 190.1457967455
229 163.8323239992
230 153.5847419757
236 146.3851189447
243 142.6024393242
252 131.1585276512
253 125.5796147316
258 106.7028232328
281 90.9380672487
290 90.4719188010
299 106.2251480385
evaluations raw_y
1 1447.3624201897
16 1180.0873991264
70 1115.0008112880
72 1046.6302175973
82 986.4728049738
96 817.8781578725
111 749.5275858520
116 678.5808693613
119 518.4314847409
120 432.5473769266
128 371.3299121034
140 358.4569305713
154 271.9999856992
172 228.7838053288
175 209.8132631658
180 163.4274770714
205 141.1141555020
212 114.1413506278
223 104.5506916791
229 96.2114908432
239 86.2891659410
243 78.4780013195
248 55.7108507074
268 46.5011662544
291 42.6500304524
296 39.8941846010
299 43.4764625550
evaluations raw_y
1 1447.3624201897
16 1180.0873991264
35 872.6094693627
38 839.0941989367
76 743.7646300048
81 660.9009347714
89 591.7955967831
93 582.4251167129
106 579.9426112846
110 576.5949879947
112 570.8840900368
113 476.4647884434
125 363.9010978907
153 320.1601087188
154 279.7696053236
162 274.5202868532
176 221.6458411595
195 220.7673235385
197 215.7112969680
199 194.0143110797
201 179.6582253935
213 164.5377967024
220 164.4974935750
229 164.2282975275
250 144.4901255963
255 141.5544283018
259 134.9923715619
262 131.2768683992
274 128.5056096661
277 125.1699688704
281 106.0322744596
282 94.0832451060
283 88.6140129398
286 82.8658933993
293 77.8577364219
296 55.4825420130
299 88.3675077378
evaluations raw_y
1 1447.3624201897
16 1180.0873991264
31 1149.6058572900
39 1076.5220864260
44 1034.7648770562
47 909.2421752486
77 889.5446038786
79 790.3084592222
89 739.3005710732
121 734.0036673089
131 725.5964572747
132 621.5056348678
135 611.3970047110
136 572.8556641896
137 450.3166349878
144 445.6374309310
145 394.2994820879
157 357.1324679509
172 334.4898420370
195 298.5313035375
201 284.3723474630
205 274.1209213522
208 224.6621828198
209 219.6406075999
211 212.5480282886
217 186.2505065315
246 159.7982739869
250 136.4558835454
254 134.8611553280
265 126.6437606496
269 120.8484420721
274 97.9875012129
278 94.1465324603
282 84.7460325753
284 70.2014457607
292 68.3991197647
299 91.1123943296
evaluations raw_y
1 1771.2148330288
3 1132.4846365599
22 1078.4464943829
57 994.1576380120
96 839.1083713981
103 836.5936171783
105 834.6564563773
107 684.5045795175
116 566.5278797954
117 521.1025917976
138 507.6318836267
152 470.8415445348
154 459.1355252982
169 447.5010468842
171 434.4593958913
172 429.3084741042
174 386.9216083794
195 381.8170128273
199 370.2462377271
205 319.8639046588
206 314.9703648104
211 294.0514088893
212 273.6046938230
213 268.1536591913
215 245.2302181923
221 177.1560453168
265 168.3376956273
269 149.6316519102
270 146.4055429999
274 145.7767856914
276 113.3209994778
286 99.5815674061
289 77.3541719098
299 110.8909495792
evaluations raw_y
1 1771.2148330288
3 1132.4846365599
22 1078.4464943829
90 1029.9226355860
94 981.2885288758
97 623.5759896441
106 600.8348823937
119 449.3414873982
138 430.1799396375
141 428.7301314437
145 375.1068619608
157 255.9364614234
185 223.8918968501
186 215.4518587873
189 208.8094039802
202 204.3056506400
210 197.5443723267
222 187.3805477553
227 184.8231253721
231 172.4745872978
242 166.6899650294
245 163.1092874622
248 150.5681561449
251 141.1185897631
263 135.0946514292
267 129.5446256043
276 120.4630217118
293 119.0686642528
299 138.4244768476
evaluations raw_y
1 1771.2148330288
3 1132.4846365599
22 1078.4464943829
67 868.1549543112
97 715.8893504017
113 708.2045682680
136 652.3514129282
143 624.1800578037
144 618.6800179589
147 598.5474146555
150 581.8549704208
155 553.9304814693
157 540.5152442938
168 429.9958728881
172 393.3981139599
174 391.2484764595
175 385.0609284360
176 334.6565485776
181 329.0382397316
191 327.4238362955
194 295.9103542108
200 236.0184663918
203 211.8585378126
223 200.3818404206
236 173.2147376032
240 135.4421767683
254 127.0711873816
261 93.1038433803
268 91.9514782684
295 76.5588698908
299 68.6651295579
evaluations raw_y
1 1771.2148330288
3 1132.4846365599
22 1078.4464943829
93 815.1353688452
131 609.5100234916
137 524.8206323864
140 486.7514887819
143 478.2463848306
158 356.4583032752
167 254.0966744334
179 226.3975733962
199 215.3377464846
217 198.1560857973
218 184.6027646901
231 162.6438291368
233 160.1221144354
242 145.2894519277
245 142.5754455115
247 132.7834405513
252 104.3619850358
254 101.9618146575
267 90.5744069044
275 86.2077965838
276 83.2307714045
287 77.9735764615
288 70.9218014927
295 50.7852153476
299 79.9493918483
evaluations raw_y
1 1771.2148330288
3 1132.4846365599
22 1078.4464943829
73 1062.2821894860
78 973.6249401073
82 937.8758069047
87 892.3821749429
107 797.6106897483
124 720.4500215838
131 631.6194062814
141 628.7652028498
144 572.6011353919
148 546.1761651245
151 471.1369928693
153 419.3950833378
155 380.1432456734
156 257.7103036882
188 222.6296530772
194 206.6838104700
206 199.2847025897
208 186.7543953146
209 170.6685088634
218 109.3142451920
222 104.1959659146
264 100.1825495569
280 93.4646561183
286 84.3009130855
288 83.7116616512
293 80.5948487958
295 80.4336916773
299 96.7592693530
evaluations raw_y
1 2520.0649884630
3 1999.7594362234
4 1885.2188799816
5 1556.3018019109
14 996.8130370969
67 960.2984459517
77 926.7798891020
84 917.0437631471
106 883.2388274727
115 846.9254817053
123 845.3726822689
132 770.6478652306
137 747.7123038037
141 695.9276053399
148 598.0977487669
149 486.7330348969
154 371.7151476250
161 363.7286825967
172 335.7671108652
190 326.4193484239
194 317.5028684631
201 305.7885990127
207 259.8704170827
211 250.5136848920
212 231.1317776357
222 222.7419520511
226 218.3943060590
227 202.2479888955
250 171.3302199289
253 149.1652366095
267 142.2118797840
271 129.5834321204
276 129.3732227587
291 125.2013390817
293 122.3182477313
299 161.6752535800
evaluations raw_y
1 2520.0649884630
3 1999.7594362234
4 1885.2188799816
5 1556.3018019109
14 996.8130370969
66 978.2231354342
89 785.3232242009
90 697.7191063751
113 621.9542049075
116 546.0577860800
121 545.4720291707
126 428.4960454821
128 413.3459644880
132 320.2148497111
135 289.9873445665
142 202.9535742448
168 201.8093418672
181 173.9389038872
193 173.3329633334
197 143.4047370506
202 136.3292330122
213 132.3205695655
217 113.5607949836
222 96.5091566326
226 92.2604821106
233 83.1463677580
237 76.6038557128
259 75.7514749244
264 58.6074220737
274 57.9309657186
295 57.0053969119
299 56.0286251902
evaluations raw_y
1 2520.0649884630
3 1999.7594362234
4 1885.2188799816
5 1556.3018019109
14 996.8130370969
58 908.6307226842
75 701.7623126327
87 676.5909377511
95 476.9538639221
103 395.8049188031
120 395.3876070605
123 360.7926067762
137 347.5477291533
139 292.7054150739
140 248.9912170324
143 207.3208719739
168 167.3824645157
179 157.6331326760
180 120.8302481083
182 100.1240495775
184 81.1698242823
210 77.8882358239
226 75.3374893165
251 74.7800090701
255 67.2742939952
261 61.4410978060
262 60.6881101192
264 58.0366647493
270 52.9578068165
284 51.3877130485
286 38.3221334954
288 36.1966270710
289 29.0207139037
293 29.0128940596
295 21.6755653487
299 57.6237816573
evaluations raw_y
1 2520.0649884630
3 1999.7594362234
4 1885.2188799816
5 1556.3018019109
14 996.8130370969
81 839.3961338604
82 755.9072641776
83 540.1526608550
127 512.9704005569
131 443.0180745524
141 407.4771604889
145 373.4914250048
146 350.5323889674
147 349.6209834425
156 303.6097095297
165 258.8634522491
166 228.6041424771
182 223.7192297802
189 179.6071121248
199 152.8775102298
205 149.4366299930
208 119.5823521267
241 109.5256133755
245 101.9851350852
256 89.7098721912
274 88.0010164773
278 86.2250290559
280 82.7847564354
283 81.0743538236
284 77.1809704254
290 75.6712586820
293 73.3578939094
299 69.6808391491
evaluations raw_y
1 2520.0649884630
3 1999.7594362234
4 1885.2188799816
5 1556.3018019109
14 996.8130370969
47 788.0942079724
74 770.2922615426
75 709.4779972046
80 686.9350804761
83 680.6018487604
84 619.5805988718
85 501.1717561724
125 448.4527083833
131 412.1725370978
135 402.4695083160
140 398.8388301632
141 363.2785475978
145 305.5830285683
151 287.7126452414
153 264.2760680231
177 261.6408368578
186 243.0451481610
202 210.1794607412
215 192.9368464306
218 190.3099894056
221 183.7903598910
222 174.6293506163
223 160.6959570026
225 133.8562192685
226 115.2310960681
230 111.2457912855
246 83.5837527146
268 64.5348261967
269 49.2815598484
289 42.4801755419
299 51.9938693105
evaluations raw_y
1 1646.8251129276
22 1001.9785696917
67 816.2862031448
84 784.8122215371
87 755.3461637321
97 555.1345523353
104 457.1355261547
133 364.9209655004
140 348.8237697170
144 340.1265844113
145 335.1235223639
156 310.7412894779
163 306.8495495321
167 284.0520162815
168 279.8059311026
182 250.4348773257
186 220.5210834543
195 193.4425361823
201 176.1398068819
206 173.8963553278
207 164.7185122373
232 156.3873404163
254 150.0735566062
261 149.5654228768
262 114.8763291082
265 97.3538694314
287 93.9907751575
289 90.8215742557
290 88.9614106566
291 88.8196052309
296 81.6553317878
298 71.9515371796
299 73.0888887914
evaluations raw_y
1 1646.8251129276
22 1001.9785696917
60 934.7598885112
71 905.9812419159
83 887.4814514173
86 643.6382448614
87 546.2725494998
93 522.0890629986
135 508.9978337538
140 472.1260979851
154 471.9717979947
159 455.1377833378
166 452.8167891782
167 448.4418653628
169 430.1964825931
171 423.7061774956
175 415.6849051297
183 411.0606582158
184 400.1608364140
185 335.4515764284
188 334.0405349758
189 322.4075908339
192 317.0503820758
224 307.6493537939
234 291.9549956742
235 267.6664520758
240 266.2149255075
243 265.9163569397
244 261.0131606803
256 256.8619576011
278 255.8894296935
279 246.0700663192
280 244.5106462380
281 214.4300444459
292 207.8819605849
299 210.1064933459
evaluations raw_y
1 1646.8251129276
22 1001.9785696917
59 799.1867934169
68 750.4696710220
92 634.7174015424
96 569.8112300704
99 516.9796513794
104 502.0005337996
117 432.3217292434
122 417.0802508334
131 376.9610217107
153 376.0223251685
155 291.7534116995
159 226.9034365946
164 192.4008718209
171 160.9482449202
183 145.5199460854
213 126.0827965670
220 124.0621940338
226 108.6979245371
228 103.7505905780
230 79.1963815150
235 78.9576633742
254 67.4151090623
261 59.7444323223
268 58.5639387146
278 50.9268313333
289 43.1585790017
299 60.2091112233
evaluations raw_y
1 1646.8251129276
22 1001.9785696917
76 992.5327721484
82 968.1770166587
93 904.8648296618
95 808.3046160573
98 784.9029167105
103 597.4380743054
121 539.3165139050
134 526.6979394696
136 468.5233494675
144 468.1773667045
146 441.0089060753
149 435.6228014421
151 423.6478783155
161 410.4756985832
169 355.8038482303
179 338.0730416764
182 285.8506072261
199 261.2416726395
207 241.8232349716
213 233.5235317848
215 228.4322404332
225 222.6952594953
232 187.8756332196
238 186.8618652116
243 155.4318499020
250 146.3909784779
263 145.4123267154
264 134.4694686953
265 125.1250328979
272 121.7772378958
273 106.3701882345
281 102.5127764985
295 97.6304124541
299 127.9500329690
evaluations raw_y
1 1646.8251129276
22 1001.9785696917
74 836.7413278317
79 823.4197700007
87 609.0636102083
110 535.9596332122
116 445.5730671164
129 343.9189402534
143 300.7563180700
158 300.3542684170
162 210.4725668669
185 208.2954067584
191 197.5957994294
200 147.7088253521
209 147.5310361335
219 146.5018841756
220 138.1047370843
222 131.5480089081
226 126.7679829852
234 125.3372840736
239 108.1571820840
240 100.9343965893
250 91.4158509698
251 79.0864204994
265 77.4815115419
277 74.3913269910
279 68.7791632537
296 67.3773446874
299 71.1402529197
evaluations raw_y
1 2667.6781655184
3 2544.6293494741
4 2534.2732222029
7 1551.1587943366
25 1357.9872902161
27 1167.9009816473
47 939.1321318680
82 714.5329478843
99 650.0026855880
106 622.1776251918
117 582.4013543146
126 578.3849635580
134 570.0713172626
135 552.1570885659
140 519.5007617687
142 487.1147254587
146 477.6013457824
156 420.2266958716
172 346.8139775242
176 317.2719292655
184 309.8523555483
197 304.2550134967
210 284.9471249767
212 267.6176783570
220 243.1494242612
221 219.1881414745
229 206.6583925960
230 189.3075418828
232 181.4324450907
240 162.7173284570
252 144.3033036063
256 138.8244103939
266 136.2062710565
278 135.3587458132
281 127.7057743966
288 126.9602929731
289 111.3211640995
291 108.5301708310
296 95.9301179286
297 88.5585235102
299 179.6166988176
evaluations raw_y
1 2667.6781655184
3 2544.6293494741
4 2534.2732222029
7 1551.1587943366
25 1357.9872902161
27 1167.9009816473
49 1058.0336480375
68 946.3825667615
72 770.6892953255
74 662.5956617429
100 627.6367408027
101 626.4226619686
102 495.3601709301
115 396.7903461800
117 222.8827652753
138 215.7618689306
157 215.4189416044
162 203.6005016788
167 187.4560154663
172 181.7722510794
175 145.1414864107
182 98.9415575600
212 92.0239753107
218 85.4471999171
220 70.0554013870
221 54.2615011351
239 52.2850790691
243 44.9530268031
259 44.8082279739
278 38.7302157150
279 38.2435891879
288 37.3152862976
296 34.2837499506
299 43.0952498094
evaluations raw_y
1 2667.6781655184
3 2544.6293494741
4 2534.2732222029
7 1551.1587943366
25 1357.9872902161
27 1167.9009816473
49 1072.8566796261
67 1055.0824776657
90 1011.6418942937
100 835.4844111740
102 698.4097244858
103 670.6453988948
107 607.8344224286
114 534.7412250774
130 466.9253604194
139 428.8768147446
153 370.7685755548
166 362.9143936451
180 347.8464164333
181 335.6977765778
182 311.1377202647
185 293.0548502050
190 286.9442012620
192 284.0265926764
195 280.6838583093
199 210.6649234233
208 193.3969593129
214 172.3513597727
219 166.9930055682
233 141.2680216132
239 133.8702651676
256 113.0092933605
263 103.9180185806
266 95.9987212457
291 95.6352588749
299 105.7775924749
evaluations raw_y
1 2667.6781655184
3 2544.6293494741
4 2534.2732222029
7 1551.1587943366
25 1357.9872902161
27 1167.9009816473
85 1093.0221222118
112 1042.1631978669
125 980.4212096092
129 949.6590312956
134 928.2369300290
135 859.6151032825
136 808.8031854884
141 789.2282266694
146 753.7166334322
148 715.4147979119
156 708.2890398186
161 695.2069048610
169 690.0631374752
186 676.4955755390
189 642.1054887012
190 641.2500065502
193 581.8421304058
198 536.9797725950
199 498.4826523526
211 465.4670687919
222 421.0078696998
224 407.0461747800
240 284.2770694437
259 266.3450080487
265 262.0215105842
279 227.9516465184
282 211.0724291114
286 205.0181669890
297 182.4797930301
299 214.4435364270
evaluations raw_y
1 2667.6781655184
3 2544.6293494741
4 2534.2732222029
7 1551.1587943366
25 1357.9872902161
27 1167.9009816473
37 1145.5201832372
38 928.3819966326
76 925.4786583155
87 730.9712889268
94 709.5998835848
97 584.1249236402
113 498.1197673056
120 479.3229837498
122 460.3047947523
125 446.7153118702
130 357.2975398835
138 335.5157012842
142 323.6197323664
145 209.6896735336
192 199.5180935529
194 167.7350898358
203 164.9786006364
206 164.0124764080
217 133.6680105377
222 118.8427906066
228 104.2713861779
239 75.9670343330
252 69.3997267482
253 66.2716304049
262 61.7522819057
266 56.3908048759
280 50.6458998292
282 35.2568136887
299 52.5004626560
evaluations raw_y
1 2347.3880678773
2 2161.5807728712
6 1525.8414075688
19 1505.1050016234
26 1043.7333411354
113 950.7671386939
115 929.5250457447
119 926.4820511509
120 917.8072324074
126 899.2994431331
140 734.5279224451
151 576.4791517053
176 555.2602048042
185 541.4599065541
191 464.4202792733
193 379.5319493024
203 310.6152692526
206 282.7145929179
211 267.8478640309
227 267.6403540333
243 251.8348123652
246 250.3626083640
247 237.7453101071
254 233.8358217715
259 198.4021449754
263 187.4926208071
268 182.4889455296
269 172.3712005262
295 137.3559345389
299 154.2082695354
evaluations raw_y
1 2347.3880678773
2 2161.5807728712
6 1525.8414075688
19 1505.1050016234
26 1043.7333411354
99 981.5421950020
102 791.1532617916
106 679.3883545249
116 494.0661842799
159 478.1437343163
160 456.4836651770
161 436.5156865133
175 403.3053144224
177 332.0014804666
189 275.5431479855
192 232.1132005857
203 214.9410909024
214 177.6898684507
221 167.5386236043
229 144.3236785855
232 128.9204929582
251 121.4545524487
266 115.7189630074
275 111.7675895540
276 106.4543685956
278 104.7504380924
284 104.5925366721
286 102.3754544706
290 91.4081661309
295 91.3563985563
299 126.1262466954
evaluations raw_y
1 2347.3880678773
2 2161.5807728712
6 1525.8414075688
19 1505.1050016234
26 1043.7333411354
78 980.3994710026
89 950.3664563014
104 740.5032250701
117 727.9056724486
118 687.6611031332
122 529.3064849534
141 490.5163282271
156 489.9984324177
167 464.3605038683
175 461.6271574723
177 442.4410607199
182 434.2948685094
193 434.0332598653
195 421.9899221600
204 411.9780608709
209 400.3326321587
217 391.7854034132
218 381.7185817545
230 360.5152430194
231 358.6823745604
237 346.8875845944
239 313.3788903641
243 308.0255064691
246 287.8397526111
253 286.1449257487
262 278.4702224528
263 253.4726339878
265 167.6373514106
295 157.3241789996
299 182.2618016516
evaluations raw_y
1 2347.3880678773
2 2161.5807728712
6 1525.8414075688
19 1505.1050016234
26 1043.7333411354
44 972.2221860190
64 938.1236554796
72 803.3277797343
75 779.8046229484
88 602.2336557687
91 598.9647103796
95 461.7393540471
104 443.8614924239
109 424.7437840964
122 325.8636664049
125 271.4745452741
163 268.3951485177
166 229.4329964182
170 209.9355077843
183 197.7815619792
190 197.0080715501
196 194.2741369771
199 185.7601837370
206 180.0156826241
211 160.6942829673
223 159.9276607740
227 157.3704835833
231 140.6883209519
232 112.5624127420
234 107.1552796510
235 96.4485227497
253 54.8000782763
270 53.6684026956
277 41.2809433535
295 40.8002251419
296 36.1761951552
299 61.3112021560
evaluations raw_y
1 2347.3880678773
2 2161.5807728712
6 1525.8414075688
19 1505.1050016234
26 1043.7333411354
76 979.2059938464
86 976.2441044238
107 753.3711688744
131 684.2564454901
135 587.1766101673
142 563.5864962155
145 491.0382615371
156 451.5562353499
160 448.0115224782
163 422.5690122962
164 420.5309063890
169 365.2301266766
187 363.5785374747
215 358.6182919609
216 345.0602043682
219 332.2363429268
220 316.5844130530
240 298.1666170308
251 281.8734377281
254 281.5159756574
257 280.9863217562
265 276.1821055135
266 268.2054759792
268 257.6796137225
273 253.9634913470
281 252.3637665133
283 249.8716974420
288 244.2466182794
293 240.1854908956
294 236.8262825385
297 235.6963730810
299 230.2845918330
evaluations raw_y
1 2270.2904196048
2 2068.1728207440
6 1277.6644273120
16 1138.3440178198
38 878.8559971372
81 654.7988276849
102 616.9415807994
104 593.7305908760
107 552.3749119423
111 535.8505192797
118 500.3102751462
119 486.9307798081
141 468.4713359591
149 457.8848988568
155 423.5343437523
158 402.6742293113
167 332.7555983142
172 308.2655385782
174 281.0806349135
175 253.4760576659
193 224.0744293630
199 211.2281468872
208 188.9014925770
209 167.7009905803
211 149.9478418180
235 148.5842435134
237 143.4402460346
260 142.6094278388
265 141.3836524640
275 137.3294110249
278 134.6690740766
287 124.2135901005
297 117.9212498000
299 118.5847496673
evaluations raw_y
1 2270.2904196048
2 2068.1728207440
6 1277.6644273120
16 1138.3440178198
64 934.3237920318
71 933.1463959475
80 809.1261434745
81 802.6560985099
83 591.0981780100
94 575.2525765758
108 563.5183827288
112 509.8703072938
114 465.3985107840
118 431.7520921330
126 317.7079330187
134 288.8466234560
138 194.3298246185
170 134.5113499101
191 133.8444231301
209 111.2060400446
211 104.3581419463
216 99.2724512586
221 97.6877402694
236 93.3333179061
240 86.2272180546
248 80.9794267477
255 80.0193087941
262 76.9830753203
267 74.6603405257
270 74.2707650797
273 70.2631350613
276 67.5906269671
283 60.4532931624
287 54.3332587545
289 54.2237494066
295 49.9221901098
299 66.1067980674
evaluations raw_y
1 2270.2904196048
2 2068.1728207440
6 1277.6644273120
16 1138.3440178198
38 951.9550660300
62 703.2797704873
83 586.4310134704
84 460.1225408563
100 379.0483358308
111 289.5861443844
116 244.0735091153
131 205.5331663173
136 157.5626315473
157 122.1961440448
167 114.2455259874
180 104.8314621395
186 96.3069890527
190 90.8560325181
196 84.2387702990
208 68.0483808474
209 65.6110186780
210 37.8552787156
235 34.5500165754
244 31.7557643793
268 29.4499309511
279 28.9265048987
281 26.5435198904
287 25.8425585344
299 25.7429192825
evaluations raw_y
1 2270.2904196048
2 2068.1728207440
6 1277.6644273120
16 1138.3440178198
81 1066.4103981288
90 880.9153496437
96 805.0813378823
98 652.0615351945
108 637.6750033595
117 625.2182763550
119 602.9654728435
123 505.6319786118
129 459.8398533853
165 435.9972166071
172 421.3965045236
183 372.3454878485
188 350.9618618597
197 328.2811563991
200 320.2662432439
201 311.3289681353
202 303.8622063738
203 295.9982228639
208 288.6704829515
222 285.0191254720
236 272.8499990333
238 260.6659657615
242 240.9758156579
243 235.3270388238
251 162.1477997201
254 139.8188603643
290 127.8674068557
292 106.6626805332
293 102.2159557738
299 135.1170923136
evaluations raw_y
1 2270.2904196048
2 2068.1728207440
6 1277.6644273120
16 1138.3440178198
49 1111.6619459464
53 880.7557977387
55 858.7359749613
60 733.5646929015
85 489.1296904796
90 404.7866392784
124 372.4032171736
126 359.3106587486
130 315.9892592728
132 243.5907769246
140 241.0442203770
143 238.6775181395
160 236.1059559696
165 226.9585471009
172 212.5907686496
175 207.4608049213
184 206.8344168967
192 181.4013388849
207 174.7053370775
214 149.5332410592
215 148.4333996363
216 117.9477618187
222 117.1673142850
228 100.9725896305
238 83.4785367616
262 81.5278456140
268 77.4033890898
269 75.5518770484
293 68.6556471173
296 68.3292105383
299 72.3332490918
evaluations raw_y
1 2031.8186063473
4 2006.6409187695
8 1549.8145222301
10 1305.5936490705
16 1189.8001183770
67 1159.3227790204
68 854.9054777000
79 719.6925463442
88 695.7599706577
104 512.6680351440
108 450.5162333853
128 415.1076605977
146 389.1216592008
148 380.3940360726
151 349.0466395876
155 324.5273928267
159 284.6992706699
162 281.9576791242
169 238.1893207872
179 237.0851165846
181 208.4852180046
202 201.6664539613
208 180.1103757199
224 169.1735852794
226 168.4355515489
227 158.8430917819
231 156.0625152952
242 155.1944139225
244 155.0853817318
247 127.9812913753
253 116.0082658856
258 110.9229081690
269 93.9978487807
270 79.8514799011
291 74.2032787576
296 61.7360902736
299 102.5813251976
evaluations raw_y
1 2031.8186063473
4 2006.6409187695
8 1549.8145222301
10 1305.5936490705
16 1189.8001183770
67 973.6408607340
78 860.5228152672
83 757.3223513458
101 663.6913262916
119 604.1457843849
124 499.6212969409
128 449.1637873350
130 420.8346128490
131 369.0081700851
149 330.7602067955
155 286.7745715059
167 258.3189633549
178 195.8651020699
188 183.3762741186
196 157.1686333714
206 133.6588783571
214 127.1785505452
215 122.4611676870
239 100.9334142675
243 87.5127966968
249 83.1851211413
258 81.1614540505
259 69.7128721766
263 62.6685339684
266 60.7973093137
272 60.5427795173
275 42.1386676022
299 57.7313892461
evaluations raw_y
1 2031.8186063473
4 2006.6409187695
8 1549.8145222301
10 1305.5936490705
16 1189.8001183770
67 1047.2888813042
73 1016.4956819162
92 905.9692207118
101 799.2423099647
121 649.5051243803
127 629.6052615755
130 531.5491221502
137 354.8178396372
142 337.7136209360
145 274.6667259439
168 204.7271723715
178 156.1991066666
182 139.0128640225
196 117.8200841700
218 104.9904968469
222 102.9810169651
224 102.0910494157
230 94.7775657544
231 84.2053060061
244 83.2102692909
245 71.3088976814
263 60.8630128455
264 51.3392204869
265 41.7478876140
299 68.7073239384
evaluations raw_y
1 2031.8186063473
4 2006.6409187695
8 1549.8145222301
10 1305.5936490705
16 1189.8001183770
31 998.5434601040
47 917.3023619191
48 875.1667183175
63 661.2045267320
80 653.7601205990
90 617.3950608001
97 579.7912258242
99 527.1545222184
102 468.5500914676
115 467.3705802582
118 432.6469975854
126 404.6220196790
127 374.6718601358
131 333.6425169293
137 292.5988644816
140 269.1771691277
170 195.6828850109
172 157.0037885412
198 150.9349400629
199 147.9881806822
204 128.3419405514
217 113.0727226816
228 112.2069899166
238 97.5342259802
242 77.9660791308
262 68.6829374500
266 66.9307770755
267 65.6076277253
268 61.5727389954
271 60.8127228276
282 60.7280248857
283 58.7000579680
286 57.1193080601
299 71.9924857384
evaluations raw_y
1 2031.8186063473
4 2006.6409187695
8 1549.8145222301
10 1305.5936490705
16 1189.8001183770
91 1156.1858749983
93 1058.3299640421
102 874.3715620585
105 711.2387882752
108 664.2537373292
114 596.5924458560
126 577.6049255737
133 506.6291144613
134 488.5429214904
140 373.4550576281
166 321.4117485705
175 297.0071458064
177 202.9824365531
205 199.2182703666
220 191.9388401378
225 191.2891511108
228 186.0216774212
229 169.4802653917
233 138.4728043370
243 122.1193713843
254 119.2096982758
268 110.6003522995
274 95.8179046742
284 76.6062512191
290 76.1353766861
299 99.2327015726
