evaluations raw_y
1 81.4459933403
2 15.1548562835
4 1.5898249518
51 0.8736417869
60 5.1796220084
evaluations raw_y
1 81.4459933403
2 15.1548562835
4 1.5898249518
51 0.8736417869
60 5.1796220084
evaluations raw_y
1 81.4459933403
2 15.1548562835
4 1.5898249518
51 0.8736417869
60 5.1796220084
evaluations raw_y
1 81.4459933403
2 15.1548562835
4 1.5898249518
51 0.8736417869
60 5.1796220084
evaluations raw_y
1 81.4459933403
2 15.1548562835
4 1.5898249518
51 0.8736417869
60 5.1796220084
evaluations raw_y
1 10.5099933314
4 7.7996027780
11 6.2048221210
18 2.4018872738
49 1.3695915290
60 2.6687678431
evaluations raw_y
1 10.5099933314
4 7.7996027780
11 6.2048221210
18 2.4018872738
49 1.3695915290
60 2.6687678431
evaluations raw_y
1 10.5099933314
4 7.7996027780
11 6.2048221210
18 2.4018872738
49 1.3695915290
60 2.6687678431
evaluations raw_y
1 10.5099933314
4 7.7996027780
11 6.2048221210
18 2.4018872738
49 1.3695915290
60 2.6687678431
evaluations raw_y
1 10.5099933314
4 7.7996027780
11 6.2048221210
18 2.4018872738
49 1.3695915290
60 2.6687678431
evaluations raw_y
1 27.0729356776
6 20.4315061476
7 12.8692212715
10 3.3278971241
25 1.7574641435
27 1.4118766575
28 0.5287172775
29 0.4284705740
48 0.3273702965
60 1.3550249521
evaluations raw_y
1 27.0729356776
6 20.4315061476
7 12.8692212715
10 3.3278971241
25 1.7574641435
27 1.4118766575
28 0.5287172775
29 0.4284705740
48 0.3273702965
60 1.3550249521
evaluations raw_y
1 27.0729356776
6 20.4315061476
7 12.8692212715
10 3.3278971241
25 1.7574641435
27 1.4118766575
28 0.5287172775
29 0.4284705740
48 0.3273702965
60 1.3550249521
evaluations raw_y
1 27.0729356776
6 20.4315061476
7 12.8692212715
10 3.3278971241
25 1.7574641435
27 1.4118766575
28 0.5287172775
29 0.4284705740
48 0.3273702965
60 1.3550249521
evaluations raw_y
1 27.0729356776
6 20.4315061476
7 12.8692212715
10 3.3278971241
25 1.7574641435
27 1.4118766575
28 0.5287172775
29 0.4284705740
48 0.3273702965
60 1.3550249521
evaluations raw_y
1 14.1748421804
4 6.4048819875
18 6.3442466970
59 5.7627908644
60 6.6942453396
evaluations raw_y
1 14.1748421804
4 6.4048819875
18 6.3442466970
59 5.7627908644
60 6.6942453396
evaluations raw_y
1 14.1748421804
4 6.4048819875
18 6.3442466970
59 5.7627908644
60 6.6942453396
evaluations raw_y
1 14.1748421804
4 6.4048819875
18 6.3442466970
59 5.7627908644
60 6.6942453396
evaluations raw_y
1 14.1748421804
4 6.4048819875
18 6.3442466970
59 5.7627908644
60 6.6942453396
evaluations raw_y
1 1.4398485087
15 0.9308827787
60 4.7626139103
evaluations raw_y
1 1.4398485087
15 0.9308827787
60 4.7626139103
evaluations raw_y
1 1.4398485087
15 0.9308827787
60 4.7626139103
evaluations raw_y
1 1.4398485087
15 0.9308827787
60 4.7626139103
evaluations raw_y
1 1.4398485087
15 0.9308827787
60 4.7626139103
evaluations raw_y
1 251.2303269552
2 31.7753580499
3 16.7016629489
9 12.5326878859
12 11.9050472746
19 10.2889629382
20 9.5523723401
21 7.7945701992
40 6.3814519395
41 5.8514139801
44 2.2401685090
56 1.9398561650
60 7.0900072136
evaluations raw_y
1 251.2303269552
2 31.7753580499
3 16.7016629489
9 12.5326878859
12 11.9050472746
19 10.2889629382
20 9.5523723401
21 7.7945701992
40 6.3814519395
41 5.8514139801
44 2.2401685090
56 1.9398561650
60 7.0900072136
evaluations raw_y
1 251.2303269552
2 31.7753580499
3 16.7016629489
9 12.5326878859
12 11.9050472746
19 10.2889629382
20 9.5523723401
21 7.7945701992
40 6.3814519395
41 5.8514139801
44 2.2401685090
56 1.9398561650
60 7.0900072136
evaluations raw_y
1 251.2303269552
2 31.7753580499
3 16.7016629489
9 12.5326878859
12 11.9050472746
19 10.2889629382
20 9.5523723401
21 7.7945701992
40 6.3814519395
41 5.8514139801
44 2.2401685090
56 1.9398561650
60 7.0900072136
evaluations raw_y
1 251.2303269552
2 31.7753580499
3 16.7016629489
9 12.5326878859
12 11.9050472746
19 10.2889629382
20 9.5523723401
21 7.7945701992
40 6.3814519395
41 5.8514139801
44 2.2401685090
56 1.9398561650
60 7.0900072136
evaluations raw_y
1 12.7442091166
3 9.8779054153
5 8.5470360301
8 1.1256359086
34 0.9868271878
38 0.7465450789
60 5.7732101150
evaluations raw_y
1 12.7442091166
3 9.8779054153
5 8.5470360301
8 1.1256359086
34 0.9868271878
38 0.7465450789
60 5.7732101150
evaluations raw_y
1 12.7442091166
3 9.8779054153
5 8.5470360301
8 1.1256359086
34 0.9868271878
38 0.7465450789
60 5.7732101150
evaluations raw_y
1 12.7442091166
3 9.8779054153
5 8.5470360301
8 1.1256359086
34 0.9868271878
38 0.7465450789
60 5.7732101150
evaluations raw_y
1 12.7442091166
3 9.8779054153
5 8.5470360301
8 1.1256359086
34 0.9868271878
38 0.7465450789
60 5.7732101150
evaluations raw_y
1 3.9104719639
37 3.1633514240
43 2.8516820001
57 1.1261761351
59 0.5270039177
60 1.9800800625
evaluations raw_y
1 3.9104719639
37 3.1633514240
43 2.8516820001
57 1.1261761351
59 0.5270039177
60 1.9800800625
evaluations raw_y
1 3.9104719639
37 3.1633514240
43 2.8516820001
57 1.1261761351
59 0.5270039177
60 1.9800800625
evaluations raw_y
1 3.9104719639
37 3.1633514240
43 2.8516820001
57 1.1261761351
59 0.5270039177
60 1.9800800625
evaluations raw_y
1 3.9104719639
37 3.1633514240
43 2.8516820001
57 1.1261761351
59 0.5270039177
60 1.9800800625
evaluations raw_y
1 40.8326414569
4 34.2151210883
5 28.0220915051
8 9.6511617228
13 2.9054091747
38 2.2048368090
59 1.9368694074
60 5.8103971600
evaluations raw_y
1 40.8326414569
4 34.2151210883
5 28.0220915051
8 9.6511617228
13 2.9054091747
38 2.2048368090
59 1.9368694074
60 5.8103971600
evaluations raw_y
1 40.8326414569
4 34.2151210883
5 28.0220915051
8 9.6511617228
13 2.9054091747
38 2.2048368090
59 1.9368694074
60 5.8103971600
evaluations raw_y
1 40.8326414569
4 34.2151210883
5 28.0220915051
8 9.6511617228
13 2.9054091747
38 2.2048368090
59 1.9368694074
60 5.8103971600
evaluations raw_y
1 40.8326414569
4 34.2151210883
5 28.0220915051
8 9.6511617228
13 2.9054091747
38 2.2048368090
59 1.9368694074
60 5.8103971600
evaluations raw_y
1 15.6318147339
2 14.8022992134
4 14.0312679098
8 4.0556920784
22 0.5564414523
60 1.3564244192
evaluations raw_y
1 15.6318147339
2 14.8022992134
4 14.0312679098
8 4.0556920784
22 0.5564414523
60 1.3564244192
evaluations raw_y
1 15.6318147339
2 14.8022992134
4 14.0312679098
8 4.0556920784
22 0.5564414523
60 1.3564244192
evaluations raw_y
1 15.6318147339
2 14.8022992134
4 14.0312679098
8 4.0556920784
22 0.5564414523
60 1.3564244192
evaluations raw_y
1 15.6318147339
2 14.8022992134
4 14.0312679098
8 4.0556920784
22 0.5564414523
60 1.3564244192
evaluations raw_y
1 17.4258207261
2 5.2212338912
26 1.7895954070
40 1.5385799701
41 1.3912258509
51 1.1709848334
58 1.0991350327
60 10.1855314969
evaluations raw_y
1 17.4258207261
2 5.2212338912
26 1.7895954070
40 1.5385799701
41 1.3912258509
51 1.1709848334
58 1.0991350327
60 10.1855314969
evaluations raw_y
1 17.4258207261
2 5.2212338912
26 1.7895954070
40 1.5385799701
41 1.3912258509
51 1.1709848334
58 1.0991350327
60 10.1855314969
evaluations raw_y
1 17.4258207261
2 5.2212338912
26 1.7895954070
40 1.5385799701
41 1.3912258509
51 1.1709848334
58 1.0991350327
60 10.1855314969
evaluations raw_y
1 17.4258207261
2 5.2212338912
26 1.7895954070
40 1.5385799701
41 1.3912258509
51 1.1709848334
58 1.0991350327
60 10.1855314969
evaluations raw_y
1 39.5410291576
6 10.8708723070
13 7.1657326635
17 5.1170157312
23 2.7406306732
24 0.6914596453
29 0.1034176851
60 1.6737530706
evaluations raw_y
1 39.5410291576
6 10.8708723070
13 7.1657326635
17 5.1170157312
23 2.7406306732
24 0.6914596453
29 0.1034176851
60 1.6737530706
evaluations raw_y
1 39.5410291576
6 10.8708723070
13 7.1657326635
17 5.1170157312
23 2.7406306732
24 0.6914596453
29 0.1034176851
60 1.6737530706
evaluations raw_y
1 39.5410291576
6 10.8708723070
13 7.1657326635
17 5.1170157312
23 2.7406306732
24 0.6914596453
29 0.1034176851
60 1.6737530706
evaluations raw_y
1 39.5410291576
6 10.8708723070
13 7.1657326635
17 5.1170157312
23 2.7406306732
24 0.6914596453
29 0.1034176851
60 1.6737530706
evaluations raw_y
1 11.6946801056
2 7.8722404059
7 1.0573648170
38 0.9241043810
42 0.2627813591
60 1.4320808619
evaluations raw_y
1 11.6946801056
2 7.8722404059
7 1.0573648170
38 0.9241043810
42 0.2627813591
60 1.4320808619
evaluations raw_y
1 11.6946801056
2 7.8722404059
7 1.0573648170
38 0.9241043810
42 0.2627813591
60 1.4320808619
evaluations raw_y
1 11.6946801056
2 7.8722404059
7 1.0573648170
38 0.9241043810
42 0.2627813591
60 1.4320808619
evaluations raw_y
1 11.6946801056
2 7.8722404059
7 1.0573648170
38 0.9241043810
42 0.2627813591
60 1.4320808619
evaluations raw_y
1 3.2179170082
23 2.9804034838
38 2.6878533177
42 2.0478158727
58 0.9881710692
59 0.3664667502
60 0.7461459757
evaluations raw_y
1 3.2179170082
23 2.9804034838
38 2.6878533177
42 2.0478158727
58 0.9881710692
59 0.3664667502
60 0.7461459757
evaluations raw_y
1 3.2179170082
23 2.9804034838
38 2.6878533177
42 2.0478158727
58 0.9881710692
59 0.3664667502
60 0.7461459757
evaluations raw_y
1 3.2179170082
23 2.9804034838
38 2.6878533177
42 2.0478158727
58 0.9881710692
59 0.3664667502
60 0.7461459757
evaluations raw_y
1 3.2179170082
23 2.9804034838
38 2.6878533177
42 2.0478158727
58 0.9881710692
59 0.3664667502
60 0.7461459757
