evaluations raw_y
1 119.0860989266
3 28.3786008898
4 16.1323836657
26 15.2670332642
37 13.7459335744
45 8.0204646724
60 19.5154244894
evaluations raw_y
1 119.0860989266
3 28.3786008898
4 16.1323836657
26 15.2670332642
37 13.7459335744
45 8.0204646724
60 19.5154244894
evaluations raw_y
1 119.0860989266
3 28.3786008898
4 16.1323836657
26 15.2670332642
37 13.7459335744
45 8.0204646724
60 19.5154244894
evaluations raw_y
1 119.0860989266
3 28.3786008898
4 16.1323836657
26 15.2670332642
37 13.7459335744
45 8.0204646724
60 19.5154244894
evaluations raw_y
1 119.0860989266
3 28.3786008898
4 16.1323836657
26 15.2670332642
37 13.7459335744
45 8.0204646724
60 19.5154244894
evaluations raw_y
1 124.9116598586
5 63.4438851696
8 58.4250711751
15 51.8361243702
16 33.3185969310
17 27.7392438497
18 14.8632164775
21 7.9676772293
60 75.5161042682
evaluations raw_y
1 124.9116598586
5 63.4438851696
8 58.4250711751
15 51.8361243702
16 33.3185969310
17 27.7392438497
18 14.8632164775
21 7.9676772293
60 75.5161042682
evaluations raw_y
1 124.9116598586
5 63.4438851696
8 58.4250711751
15 51.8361243702
16 33.3185969310
17 27.7392438497
18 14.8632164775
21 7.9676772293
60 75.5161042682
evaluations raw_y
1 124.9116598586
5 63.4438851696
8 58.4250711751
15 51.8361243702
16 33.3185969310
17 27.7392438497
18 14.8632164775
21 7.9676772293
60 75.5161042682
evaluations raw_y
1 124.9116598586
5 63.4438851696
8 58.4250711751
15 51.8361243702
16 33.3185969310
17 27.7392438497
18 14.8632164775
21 7.9676772293
60 75.5161042682
evaluations raw_y
1 29.3485291156
17 28.3541105907
18 8.8121549577
48 7.3916056262
60 49.1726586333
evaluations raw_y
1 29.3485291156
17 28.3541105907
18 8.8121549577
48 7.3916056262
60 49.1726586333
evaluations raw_y
1 29.3485291156
17 28.3541105907
18 8.8121549577
48 7.3916056262
60 49.1726586333
evaluations raw_y
1 29.3485291156
17 28.3541105907
18 8.8121549577
48 7.3916056262
60 49.1726586333
evaluations raw_y
1 29.3485291156
17 28.3541105907
18 8.8121549577
48 7.3916056262
60 49.1726586333
evaluations raw_y
1 87.7338632124
2 38.6128192594
3 37.6017025672
4 14.6390378488
27 10.3941984881
60 8.6027139543
evaluations raw_y
1 87.7338632124
2 38.6128192594
3 37.6017025672
4 14.6390378488
27 10.3941984881
60 8.6027139543
evaluations raw_y
1 87.7338632124
2 38.6128192594
3 37.6017025672
4 14.6390378488
27 10.3941984881
60 8.6027139543
evaluations raw_y
1 87.7338632124
2 38.6128192594
3 37.6017025672
4 14.6390378488
27 10.3941984881
60 8.6027139543
evaluations raw_y
1 87.7338632124
2 38.6128192594
3 37.6017025672
4 14.6390378488
27 10.3941984881
60 8.6027139543
evaluations raw_y
1 40.0119863784
4 33.9081525582
17 31.4538881486
30 29.4077670855
35 25.7997741136
41 21.6414045310
42 15.8584259127
48 5.8268850730
51 4.5514489530
54 1.5484001033
60 17.0811136148
evaluations raw_y
1 40.0119863784
4 33.9081525582
17 31.4538881486
30 29.4077670855
35 25.7997741136
41 21.6414045310
42 15.8584259127
48 5.8268850730
51 4.5514489530
54 1.5484001033
60 17.0811136148
evaluations raw_y
1 40.0119863784
4 33.9081525582
17 31.4538881486
30 29.4077670855
35 25.7997741136
41 21.6414045310
42 15.8584259127
48 5.8268850730
51 4.5514489530
54 1.5484001033
60 17.0811136148
evaluations raw_y
1 40.0119863784
4 33.9081525582
17 31.4538881486
30 29.4077670855
35 25.7997741136
41 21.6414045310
42 15.8584259127
48 5.8268850730
51 4.5514489530
54 1.5484001033
60 17.0811136148
evaluations raw_y
1 40.0119863784
4 33.9081525582
17 31.4538881486
30 29.4077670855
35 25.7997741136
41 21.6414045310
42 15.8584259127
48 5.8268850730
51 4.5514489530
54 1.5484001033
60 17.0811136148
evaluations raw_y
1 442.4210068618
2 138.5654691294
9 28.5521990301
16 20.7812738353
35 9.0577953887
60 15.7860333689
evaluations raw_y
1 442.4210068618
2 138.5654691294
9 28.5521990301
16 20.7812738353
35 9.0577953887
60 15.7860333689
evaluations raw_y
1 442.4210068618
2 138.5654691294
9 28.5521990301
16 20.7812738353
35 9.0577953887
60 15.7860333689
evaluations raw_y
1 442.4210068618
2 138.5654691294
9 28.5521990301
16 20.7812738353
35 9.0577953887
60 15.7860333689
evaluations raw_y
1 442.4210068618
2 138.5654691294
9 28.5521990301
16 20.7812738353
35 9.0577953887
60 15.7860333689
evaluations raw_y
1 67.8738720424
2 64.4640470080
9 34.7264219567
14 21.7709641605
24 20.3861411832
27 4.4917655787
44 3.3507890526
46 1.9490282584
60 65.3758458018
evaluations raw_y
1 67.8738720424
2 64.4640470080
9 34.7264219567
14 21.7709641605
24 20.3861411832
27 4.4917655787
44 3.3507890526
46 1.9490282584
60 65.3758458018
evaluations raw_y
1 67.8738720424
2 64.4640470080
9 34.7264219567
14 21.7709641605
24 20.3861411832
27 4.4917655787
44 3.3507890526
46 1.9490282584
60 65.3758458018
evaluations raw_y
1 67.8738720424
2 64.4640470080
9 34.7264219567
14 21.7709641605
24 20.3861411832
27 4.4917655787
44 3.3507890526
46 1.9490282584
60 65.3758458018
evaluations raw_y
1 67.8738720424
2 64.4640470080
9 34.7264219567
14 21.7709641605
24 20.3861411832
27 4.4917655787
44 3.3507890526
46 1.9490282584
60 65.3758458018
evaluations raw_y
1 57.2756868335
3 29.7768508797
18 24.6362550020
27 23.1858486539
28 17.8429374457
60 41.6045925946
evaluations raw_y
1 57.2756868335
3 29.7768508797
18 24.6362550020
27 23.1858486539
28 17.8429374457
60 41.6045925946
evaluations raw_y
1 57.2756868335
3 29.7768508797
18 24.6362550020
27 23.1858486539
28 17.8429374457
60 41.6045925946
evaluations raw_y
1 57.2756868335
3 29.7768508797
18 24.6362550020
27 23.1858486539
28 17.8429374457
60 41.6045925946
evaluations raw_y
1 57.2756868335
3 29.7768508797
18 24.6362550020
27 23.1858486539
28 17.8429374457
60 41.6045925946
evaluations raw_y
1 10.7643518641
5 10.6227264293
49 9.2560550531
60 26.9293382569
evaluations raw_y
1 10.7643518641
5 10.6227264293
49 9.2560550531
60 26.9293382569
evaluations raw_y
1 10.7643518641
5 10.6227264293
49 9.2560550531
60 26.9293382569
evaluations raw_y
1 10.7643518641
5 10.6227264293
49 9.2560550531
60 26.9293382569
evaluations raw_y
1 10.7643518641
5 10.6227264293
49 9.2560550531
60 26.9293382569
evaluations raw_y
1 733.8922863659
3 76.6555904021
6 72.2069967382
9 62.9822723994
14 45.0343338760
16 28.7777331758
22 25.5333015011
27 21.3534526589
35 16.0184873881
40 8.2521884239
50 8.2420174078
59 5.9032627291
60 23.4305885659
evaluations raw_y
1 733.8922863659
3 76.6555904021
6 72.2069967382
9 62.9822723994
14 45.0343338760
16 28.7777331758
22 25.5333015011
27 21.3534526589
35 16.0184873881
40 8.2521884239
50 8.2420174078
59 5.9032627291
60 23.4305885659
evaluations raw_y
1 733.8922863659
3 76.6555904021
6 72.2069967382
9 62.9822723994
14 45.0343338760
16 28.7777331758
22 25.5333015011
27 21.3534526589
35 16.0184873881
40 8.2521884239
50 8.2420174078
59 5.9032627291
60 23.4305885659
evaluations raw_y
1 733.8922863659
3 76.6555904021
6 72.2069967382
9 62.9822723994
14 45.0343338760
16 28.7777331758
22 25.5333015011
27 21.3534526589
35 16.0184873881
40 8.2521884239
50 8.2420174078
59 5.9032627291
60 23.4305885659
evaluations raw_y
1 733.8922863659
3 76.6555904021
6 72.2069967382
9 62.9822723994
14 45.0343338760
16 28.7777331758
22 25.5333015011
27 21.3534526589
35 16.0184873881
40 8.2521884239
50 8.2420174078
59 5.9032627291
60 23.4305885659
evaluations raw_y
1 60.4827001447
3 6.2338816729
60 8.5739435264
evaluations raw_y
1 60.4827001447
3 6.2338816729
60 8.5739435264
evaluations raw_y
1 60.4827001447
3 6.2338816729
60 8.5739435264
evaluations raw_y
1 60.4827001447
3 6.2338816729
60 8.5739435264
evaluations raw_y
1 60.4827001447
3 6.2338816729
60 8.5739435264
evaluations raw_y
1 475.0837218980
2 226.9568043718
5 50.6937997989
17 22.5598448815
18 18.9572165800
35 8.4332019620
60 18.4826806146
evaluations raw_y
1 475.0837218980
2 226.9568043718
5 50.6937997989
17 22.5598448815
18 18.9572165800
35 8.4332019620
60 18.4826806146
evaluations raw_y
1 475.0837218980
2 226.9568043718
5 50.6937997989
17 22.5598448815
18 18.9572165800
35 8.4332019620
60 18.4826806146
evaluations raw_y
1 475.0837218980
2 226.9568043718
5 50.6937997989
17 22.5598448815
18 18.9572165800
35 8.4332019620
60 18.4826806146
evaluations raw_y
1 475.0837218980
2 226.9568043718
5 50.6937997989
17 22.5598448815
18 18.9572165800
35 8.4332019620
60 18.4826806146
evaluations raw_y
1 430.0128581535
2 88.1079186476
8 37.4699573790
17 21.7614606804
23 15.6138329488
34 15.1737577774
38 13.6197670133
43 10.4046023711
60 26.1514803474
evaluations raw_y
1 430.0128581535
2 88.1079186476
8 37.4699573790
17 21.7614606804
23 15.6138329488
34 15.1737577774
38 13.6197670133
43 10.4046023711
60 26.1514803474
evaluations raw_y
1 430.0128581535
2 88.1079186476
8 37.4699573790
17 21.7614606804
23 15.6138329488
34 15.1737577774
38 13.6197670133
43 10.4046023711
60 26.1514803474
evaluations raw_y
1 430.0128581535
2 88.1079186476
8 37.4699573790
17 21.7614606804
23 15.6138329488
34 15.1737577774
38 13.6197670133
43 10.4046023711
60 26.1514803474
evaluations raw_y
1 430.0128581535
2 88.1079186476
8 37.4699573790
17 21.7614606804
23 15.6138329488
34 15.1737577774
38 13.6197670133
43 10.4046023711
60 26.1514803474
evaluations raw_y
1 234.6628612457
4 122.1345937017
5 56.9686291462
6 51.4247499043
8 41.0884242652
11 15.3367701781
17 12.2927307599
35 10.1050493989
60 23.7300510236
evaluations raw_y
1 234.6628612457
4 122.1345937017
5 56.9686291462
6 51.4247499043
8 41.0884242652
11 15.3367701781
17 12.2927307599
35 10.1050493989
60 23.7300510236
evaluations raw_y
1 234.6628612457
4 122.1345937017
5 56.9686291462
6 51.4247499043
8 41.0884242652
11 15.3367701781
17 12.2927307599
35 10.1050493989
60 23.7300510236
evaluations raw_y
1 234.6628612457
4 122.1345937017
5 56.9686291462
6 51.4247499043
8 41.0884242652
11 15.3367701781
17 12.2927307599
35 10.1050493989
60 23.7300510236
evaluations raw_y
1 234.6628612457
4 122.1345937017
5 56.9686291462
6 51.4247499043
8 41.0884242652
11 15.3367701781
17 12.2927307599
35 10.1050493989
60 23.7300510236
