evaluations raw_y
1 55.9738978089
37 55.9259790191
71 55.2872601701
90 51.3117003509
124 50.4700918624
125 45.7461853045
149 43.2859236413
evaluations raw_y
1 55.9738978089
72 21.9632996186
149 25.8133801393
evaluations raw_y
1 55.9738978089
50 46.3625750748
69 42.9480928805
83 39.3958482218
86 38.8485245095
87 23.3764775353
149 35.9985099153
evaluations raw_y
1 55.9738978089
57 37.7990926690
94 32.3247365360
115 27.9239026522
124 16.9800731999
149 31.4728917227
evaluations raw_y
1 55.9738978089
93 55.2504122012
130 51.0137427215
135 50.4299297700
142 49.0998649698
146 48.9776044106
148 48.4791042089
149 48.6129935776
evaluations raw_y
1 93.3077096758
15 63.2082807956
56 53.0988288414
59 22.4485690202
141 17.0474660975
149 18.9421912212
evaluations raw_y
1 93.3077096758
15 63.2082807956
30 51.5066277402
50 41.5323219308
127 37.7742246638
140 33.3444718236
149 44.0134181905
evaluations raw_y
1 93.3077096758
15 63.2082807956
33 57.9541052848
39 51.8682477200
64 43.3569653102
144 42.0837625306
147 41.8447540030
149 42.3952902118
evaluations raw_y
1 93.3077096758
15 63.2082807956
16 58.0415725047
60 55.5460338667
70 53.3632976455
106 43.8157679081
113 38.5593289515
136 37.4293344529
139 34.3962945431
145 31.2678340749
149 33.3237702164
evaluations raw_y
1 93.3077096758
15 63.2082807956
22 51.3387411869
32 51.1746341269
66 42.3840513883
105 32.4643202561
143 31.1655002960
149 32.7971503341
evaluations raw_y
1 142.0492756721
2 62.2187132456
41 54.7255221947
42 46.0752389805
133 44.2318018676
137 38.9490378693
140 38.4266154596
142 38.1800366502
143 37.7516560547
149 39.3383645805
evaluations raw_y
1 142.0492756721
2 62.2187132456
34 61.7192579037
38 38.3407122290
64 19.1228573798
115 18.4254027727
134 18.3418528226
139 11.2972122853
149 14.0659830858
evaluations raw_y
1 142.0492756721
2 62.2187132456
90 57.7690663834
93 52.1726413509
99 35.7622041621
105 27.3762252151
122 21.0124524678
149 51.5237841052
evaluations raw_y
1 142.0492756721
2 62.2187132456
59 42.1038181135
92 36.4221390860
115 36.0157754762
123 35.4849589010
133 30.9922991424
139 29.9144622826
143 29.1147940044
145 23.2942185205
149 29.7313932860
evaluations raw_y
1 142.0492756721
2 62.2187132456
54 52.4217627564
107 46.5394302892
130 44.3495804023
137 42.4175656022
143 40.7105014306
145 39.9597606596
147 37.5976638301
149 42.5345864464
evaluations raw_y
1 135.8379304194
2 114.3324711621
4 89.2907215793
16 79.5408944540
22 76.3969387759
23 70.8172663611
26 58.1421575500
28 53.8427992501
121 45.2973374976
145 45.2367191881
149 63.5589507958
evaluations raw_y
1 135.8379304194
2 114.3324711621
4 89.2907215793
16 77.3044017850
18 52.1602466715
41 51.0387229751
43 31.7825442490
120 30.4772091459
121 27.4356333741
125 26.0362666036
141 24.1727365055
149 41.4182244844
evaluations raw_y
1 135.8379304194
2 114.3324711621
4 89.2907215793
16 60.2552738038
33 57.6222302702
42 51.9927533295
56 48.3995764346
58 32.4250813484
72 20.9699708413
130 17.3403411227
137 16.7088989863
142 16.0430283536
144 8.5965779661
149 18.0918322168
evaluations raw_y
1 135.8379304194
2 114.3324711621
4 89.2907215793
16 77.0658128712
35 49.2746075757
42 44.8387376397
94 40.2015877292
100 39.0676285748
119 37.4154788093
147 36.7110918281
149 38.5294318996
evaluations raw_y
1 135.8379304194
2 114.3324711621
4 89.2907215793
16 69.8175958212
26 62.2764671461
75 55.6448276731
116 55.4065203841
121 48.4796141880
133 47.6071597043
149 62.3691529760
evaluations raw_y
1 186.2618295147
2 85.4348206196
7 69.0409260552
33 63.1507344966
34 55.4959585194
52 54.5207923010
56 32.7635964320
149 52.3851595597
evaluations raw_y
1 186.2618295147
2 85.4348206196
7 69.0409260552
42 68.9996340839
47 50.0387303811
76 48.5789401132
109 41.0871312410
138 41.0747777789
149 52.7959874987
evaluations raw_y
1 186.2618295147
2 85.4348206196
7 69.0409260552
20 65.1003136269
58 63.7982469151
59 44.1281008741
120 44.0650811993
127 35.5722888926
135 34.3399283853
145 26.8908002892
149 63.2168861910
evaluations raw_y
1 186.2618295147
2 85.4348206196
7 69.0409260552
38 66.9021676374
44 65.9085008383
55 57.8656660304
56 56.9820596707
74 52.9187941050
77 48.7295104091
80 34.5777074405
114 33.8660931327
120 31.2433754144
146 29.5302799294
149 83.1565053629
evaluations raw_y
1 186.2618295147
2 85.4348206196
7 69.0409260552
37 53.9529108348
58 50.7203968437
61 43.6988105089
87 37.6880393819
135 27.8271391870
149 70.3475458144
evaluations raw_y
1 171.5136816788
3 150.5971898708
6 131.6635982308
8 129.8461480062
13 121.9820779500
15 103.0423461307
23 95.7006402030
36 82.3639796219
42 36.0688840105
70 22.4348266345
141 18.7731379315
143 18.2538018409
149 31.4049769452
evaluations raw_y
1 171.5136816788
3 150.5971898708
6 131.6635982308
8 129.8461480062
13 121.9820779500
15 103.0423461307
16 75.6793992425
26 65.1895006484
31 57.7461204877
35 40.7064270947
60 27.4285578367
110 21.2688271269
113 17.8535401221
133 17.8155762031
139 16.7198097890
142 14.5745071773
149 16.4103074075
evaluations raw_y
1 171.5136816788
3 150.5971898708
6 131.6635982308
8 129.8461480062
13 121.9820779500
15 103.0423461307
16 38.1752533050
66 37.3596580597
73 32.8408193322
123 29.1973385919
139 28.0242369438
143 25.6807027003
146 25.5810561945
148 24.6965288077
149 30.4535587470
evaluations raw_y
1 171.5136816788
3 150.5971898708
6 131.6635982308
8 129.8461480062
13 121.9820779500
15 103.0423461307
30 85.6075597105
32 84.7040756980
45 74.7804169015
47 50.9757094752
52 34.9981292324
149 63.3861913434
evaluations raw_y
1 171.5136816788
3 150.5971898708
6 131.6635982308
8 129.8461480062
13 121.9820779500
15 103.0423461307
16 59.1547066644
23 33.7294337046
55 24.0555238137
119 17.7000458478
125 15.9770384478
135 14.5308458968
138 12.9331393065
139 12.2133052109
149 12.3279048606
evaluations raw_y
1 98.2994905919
4 89.3287283405
16 60.0346435755
48 56.2355669114
49 55.3637616356
57 38.5383080141
84 29.9367387053
110 26.3224033869
133 25.3986893787
138 21.9401229713
149 27.8226107131
evaluations raw_y
1 98.2994905919
4 89.3287283405
16 43.3167825127
41 41.3684911767
66 40.9515936857
107 38.7810082089
109 36.0789949786
111 34.0927887287
113 33.1193592111
133 32.8768806129
148 29.2595216068
149 29.7791908127
evaluations raw_y
1 98.2994905919
4 89.3287283405
16 88.3072328483
29 61.3518208724
56 48.1298109105
79 48.1041464727
117 46.0718926248
130 45.6894828697
137 38.8291678846
139 38.3321881952
149 39.4754250978
evaluations raw_y
1 98.2994905919
4 89.3287283405
16 37.7200399547
73 29.5310490450
119 28.9133486359
121 28.2240352925
122 25.3223420529
133 24.6215473334
143 21.5029473514
149 21.3581245636
evaluations raw_y
1 98.2994905919
4 89.3287283405
16 69.7623593384
25 59.4340534505
39 53.9748721620
54 39.3822203644
134 38.2187783376
135 37.2137586926
138 37.2126255535
143 35.7505275473
149 38.0196981485
evaluations raw_y
1 205.9086323320
2 125.0891442715
3 120.0106968580
6 117.6690855134
10 110.8788452798
11 52.7839607595
28 51.4609181317
41 41.3080781199
73 40.5571722672
77 39.3888347146
86 24.3952577204
133 20.8926964116
146 20.4207477741
149 29.0258010522
evaluations raw_y
1 205.9086323320
2 125.0891442715
3 120.0106968580
6 117.6690855134
10 110.8788452798
11 52.7839607595
33 36.0378626780
91 28.4042415198
110 21.7519270011
147 19.9610764263
148 16.9609782604
149 19.4368474638
evaluations raw_y
1 205.9086323320
2 125.0891442715
3 120.0106968580
6 117.6690855134
10 110.8788452798
11 52.7839607595
69 43.0465190413
80 33.7383260686
84 22.8304150613
149 54.3955862886
evaluations raw_y
1 205.9086323320
2 125.0891442715
3 120.0106968580
6 117.6690855134
10 110.8788452798
11 52.7839607595
136 52.7229133088
140 52.4007627736
143 52.1183856978
144 51.3821446183
149 56.2260404149
evaluations raw_y
1 205.9086323320
2 125.0891442715
3 120.0106968580
6 117.6690855134
10 110.8788452798
11 52.7839607595
149 67.5031111713
evaluations raw_y
1 77.5172367160
26 73.3724653054
43 52.6678559149
71 41.1416375693
85 28.6132908433
127 18.4291758745
149 22.4154076797
evaluations raw_y
1 77.5172367160
46 75.6759171851
53 60.1347982239
56 50.1269360689
72 39.8827184399
90 30.4971302932
149 72.7181396244
evaluations raw_y
1 77.5172367160
19 70.8796081215
22 46.2256250303
52 40.8603755364
78 32.1391761615
131 28.0262259773
144 25.2098069122
149 23.8842137944
evaluations raw_y
1 77.5172367160
20 56.5890001288
29 40.5468526621
50 39.0939798068
124 34.5310556123
134 34.0168138712
136 32.8385959938
148 32.1629081457
149 34.9422562240
evaluations raw_y
1 77.5172367160
18 72.1338330710
21 72.0860448507
24 66.7201563758
53 55.2611767921
82 45.9495959587
149 48.5360084705
evaluations raw_y
1 131.9336006400
4 89.9512870069
5 87.5836982887
7 78.1106093068
11 67.3446987074
24 29.8071868091
25 28.1893301082
76 14.7375491298
129 14.3523540228
142 10.6878859034
147 9.7301018943
149 11.9078354607
evaluations raw_y
1 131.9336006400
4 89.9512870069
5 87.5836982887
7 78.1106093068
11 67.3446987074
35 53.7105444252
37 41.6716934776
76 39.5142800641
77 39.4028099121
136 32.0726113030
140 27.9366057984
149 46.9563713462
evaluations raw_y
1 131.9336006400
4 89.9512870069
5 87.5836982887
7 78.1106093068
11 67.3446987074
53 59.7556706401
59 55.7592981532
63 47.7148259816
70 39.8097748580
75 37.3631873221
77 27.0125713832
91 24.8371504727
149 27.0070371065
evaluations raw_y
1 131.9336006400
4 89.9512870069
5 87.5836982887
7 78.1106093068
11 67.3446987074
38 62.8497128532
41 48.4209924402
55 35.3713960056
63 28.9055956174
118 23.6466751189
119 23.1291246320
143 20.7332102283
149 20.6639176909
evaluations raw_y
1 131.9336006400
4 89.9512870069
5 87.5836982887
7 78.1106093068
11 67.3446987074
31 65.9197656621
32 61.9007216309
34 59.0171385055
43 46.4565078197
64 29.6023262612
74 21.3211852145
137 20.0679461244
145 19.4542650100
149 28.7839602124
evaluations raw_y
1 107.1862403472
4 96.7782912844
23 91.5626951698
47 79.5204138286
56 79.2995306649
59 65.0188571717
60 59.2957229231
63 56.5267102994
72 47.6738229121
81 43.5052588070
88 41.9151060182
110 39.5330881715
149 70.1272098087
evaluations raw_y
1 107.1862403472
4 96.7782912844
16 91.7791917259
21 84.1597365528
37 75.3415951644
39 72.1309074980
54 56.8827024192
69 49.4772786348
97 41.7188039247
111 36.8017772000
137 32.9385526534
141 32.6584052098
149 33.7843124850
evaluations raw_y
1 107.1862403472
4 96.7782912844
18 57.9630975073
54 55.0268198334
110 50.0673866981
112 48.0358159263
139 47.3919388956
142 45.5200392097
145 42.7914656017
147 42.3471609758
149 43.0845665168
evaluations raw_y
1 107.1862403472
4 96.7782912844
16 63.8878750515
29 41.3025788430
73 40.3841118116
84 32.5012911104
121 30.7659576151
126 29.5456691062
132 28.7254389353
136 23.5653329189
137 21.3771656439
149 29.6993079154
evaluations raw_y
1 107.1862403472
4 96.7782912844
16 78.1858384699
19 68.5331630185
21 40.9954334829
59 30.4600216497
118 29.3410396475
136 26.1915576391
138 25.9399842286
139 25.7824897600
149 29.7067199887
evaluations raw_y
1 115.3756337971
7 66.6912296880
52 66.4902951825
63 66.3006070460
79 60.4430010538
87 57.9250332922
137 57.1984173828
138 52.1306973409
142 45.6315692955
148 45.5418061516
149 56.3846976997
evaluations raw_y
1 115.3756337971
7 66.6912296880
24 54.2984469611
38 38.2661679489
58 22.3172495934
144 20.9027506894
149 23.2793474218
evaluations raw_y
1 115.3756337971
7 66.6912296880
45 44.8345092895
86 38.1573674665
87 31.6468809726
145 30.5783795612
149 33.1804560609
evaluations raw_y
1 115.3756337971
7 66.6912296880
31 63.2264083099
50 61.0981657385
57 60.7203286589
59 36.9629531803
81 29.1229936233
143 23.8092226920
149 40.0671314028
evaluations raw_y
1 115.3756337971
7 66.6912296880
40 63.4331290418
49 43.7384569687
117 43.2444470479
121 42.7289705328
131 40.7191503311
144 40.6044833791
147 40.2367308833
149 40.9672248988
evaluations raw_y
1 194.8360945422
2 172.3151555635
6 79.4870343557
16 78.8621233839
23 77.8916846892
28 68.4685838062
35 67.9192092876
37 57.8617316902
47 55.7028468823
71 47.2699871068
121 42.0736769091
137 39.6069981811
138 37.8958153612
144 35.6657110090
149 51.9738974852
evaluations raw_y
1 194.8360945422
2 172.3151555635
6 79.4870343557
17 58.3457806834
21 49.1183541312
115 47.2600933163
120 39.1751777175
144 39.0172940432
149 40.5237242617
evaluations raw_y
1 194.8360945422
2 172.3151555635
6 79.4870343557
21 67.5950798969
40 57.6771305402
62 52.0811989338
89 43.6157360301
96 34.1826701142
139 26.4949738782
144 19.1683219291
149 57.8871104258
evaluations raw_y
1 194.8360945422
2 172.3151555635
6 79.4870343557
25 69.8123771715
35 59.0312958614
44 51.1923613119
48 46.5599110033
72 44.6365805664
86 40.3258361925
95 36.6594112130
142 35.9967402617
149 59.3580663245
evaluations raw_y
1 194.8360945422
2 172.3151555635
6 79.4870343557
16 65.3396201827
31 50.4166331522
42 47.2456655647
62 46.5645434218
72 38.9639696238
78 23.0946898362
139 18.1578707795
140 16.6032394684
144 16.0402365978
149 15.6283371889
evaluations raw_y
1 122.5404053112
2 109.9842578002
18 103.8921250893
22 100.3695945588
26 96.7801476491
29 61.8974249337
48 50.8795764356
64 25.5528018807
142 25.3582727498
145 22.4772092591
147 20.3591569516
149 21.2427859878
evaluations raw_y
1 122.5404053112
2 109.9842578002
20 86.1723065390
26 85.4654620508
52 78.7990763575
60 67.2186586881
77 63.5014450675
79 58.3458770744
82 56.4484288919
97 50.6397984771
135 49.1588730073
149 92.3688488571
evaluations raw_y
1 122.5404053112
2 109.9842578002
17 104.8592048575
19 101.1824777598
22 91.8019484455
23 71.2312456070
24 71.2257340611
36 69.3527873759
59 54.5904051041
71 54.2297913641
85 53.7500970776
89 37.0707743505
149 52.3462868779
evaluations raw_y
1 122.5404053112
2 109.9842578002
16 66.7995103911
18 54.2287255470
38 53.5957291362
39 35.0708129702
74 25.3922315844
99 23.3809700282
143 23.2383957573
146 22.5993327324
149 34.3064359530
evaluations raw_y
1 122.5404053112
2 109.9842578002
16 107.8333841079
17 74.5678144235
35 69.2039762057
85 58.6315113740
115 43.7892522992
132 42.7797289120
134 42.0401130773
149 41.9088467310
