evaluations raw_y
1 13.6049315377
2 12.6586587491
5 12.4946635506
9 10.6895106409
10 7.5461970321
35 7.0967584427
37 5.7949502123
39 2.4804950554
52 2.4796733068
86 1.3785657751
89 19.3551825203
evaluations raw_y
1 13.6049315377
2 12.6586587491
5 12.4946635506
9 10.6895106409
35 10.6720250116
37 9.0478442168
38 8.6015261210
44 4.5171621645
45 3.8468830799
52 2.3337735034
89 0.5916458700
evaluations raw_y
1 13.6049315377
2 12.6586587491
5 12.4946635506
9 10.6895106409
14 10.3519797128
16 2.2176095495
40 1.3938580303
58 0.9989789866
89 18.5405066034
evaluations raw_y
1 13.6049315377
2 12.6586587491
5 12.4946635506
9 10.6895106409
27 4.4874561087
42 3.8569548334
52 1.6760544099
58 1.5544920143
60 0.2221205133
64 0.1731459441
89 2.7752669336
evaluations raw_y
1 13.6049315377
2 12.6586587491
5 12.4946635506
9 10.6895106409
11 4.1690718800
25 2.5049390410
63 1.0482461214
75 0.6689292558
89 13.9582486091
evaluations raw_y
1 14.6424223789
3 12.9454392291
4 6.6354543175
13 5.2213835278
43 4.2559710321
53 3.1174634415
60 2.7596411676
62 1.5952825619
66 0.9595684193
88 0.6598160500
89 6.0642729412
evaluations raw_y
1 14.6424223789
3 12.9454392291
4 6.6354543175
29 2.8995387826
74 1.0824935538
89 13.5251292995
evaluations raw_y
1 14.6424223789
3 12.9454392291
4 6.6354543175
18 5.7329920156
24 3.5626282630
47 2.5327160440
89 11.2006215212
evaluations raw_y
1 14.6424223789
3 12.9454392291
4 6.6354543175
14 6.0186335528
28 4.4125115766
53 1.3102679315
89 19.4351051934
evaluations raw_y
1 14.6424223789
3 12.9454392291
4 6.6354543175
30 5.6851341804
40 1.3924961429
51 1.1953800977
69 0.6098198863
89 4.8867473622
evaluations raw_y
1 50.6571029423
2 18.1462347745
3 13.1066107307
5 12.5382832346
15 9.6213169066
16 3.5469497139
22 2.2088769869
29 1.1135446073
89 11.5218807415
evaluations raw_y
1 50.6571029423
2 18.1462347745
3 13.1066107307
5 12.5382832346
10 10.8043521651
24 2.8419685083
64 2.2833213457
89 11.4836220034
evaluations raw_y
1 50.6571029423
2 18.1462347745
3 13.1066107307
5 12.5382832346
10 8.6565958326
11 6.4522313099
18 0.4782676035
81 0.3959477450
89 0.3984836783
evaluations raw_y
1 50.6571029423
2 18.1462347745
3 13.1066107307
5 12.5382832346
11 3.0446164636
50 2.7047455842
53 1.9696524569
69 1.7414323434
86 0.7808462596
89 11.5542171551
evaluations raw_y
1 50.6571029423
2 18.1462347745
3 13.1066107307
5 12.5382832346
11 1.4394737236
89 2.7883540243
evaluations raw_y
1 197.2482673602
2 39.8352522872
3 25.2087743491
7 5.2161419789
12 5.2158869465
19 3.8326990595
43 2.3948211874
57 1.5019679270
70 0.6369020827
72 0.4976915750
89 6.0958123543
evaluations raw_y
1 197.2482673602
2 39.8352522872
3 25.2087743491
7 5.2161419789
10 3.5449887708
14 3.1074490253
33 2.6763476542
48 2.0167651626
67 1.6821993597
89 6.1184590128
evaluations raw_y
1 197.2482673602
2 39.8352522872
3 25.2087743491
7 5.2161419789
47 4.8648806972
52 4.7856572809
65 2.8024228206
69 2.1709612368
76 0.7467006098
89 8.4824844568
evaluations raw_y
1 197.2482673602
2 39.8352522872
3 25.2087743491
7 5.2161419789
52 4.3698338617
62 3.1116723278
89 13.5236886955
evaluations raw_y
1 197.2482673602
2 39.8352522872
3 25.2087743491
7 5.2161419789
21 2.1801771161
60 1.6440534364
89 10.2596187802
evaluations raw_y
1 13.0062945852
4 10.2938415589
7 6.1842797730
38 0.2840382300
89 1.9845202613
evaluations raw_y
1 13.0062945852
4 10.2938415589
7 6.1842797730
10 6.1457244760
20 1.4962657419
89 3.4512221559
evaluations raw_y
1 13.0062945852
4 10.2938415589
7 6.1842797730
10 5.6768886474
28 4.4735308466
41 4.0776014091
49 2.5654768739
50 1.8679252938
52 1.4318583997
89 8.8677448378
evaluations raw_y
1 13.0062945852
4 10.2938415589
7 6.1842797730
13 5.3174116040
43 1.0826628453
53 0.9400251595
89 10.6692646971
evaluations raw_y
1 13.0062945852
4 10.2938415589
7 6.1842797730
14 4.3770342624
53 2.4325945968
84 1.3343965089
89 5.1380618932
evaluations raw_y
1 119.1499984031
2 58.3266607884
3 58.2344546385
4 43.1386035553
7 27.5771365801
10 10.8116268713
12 7.0222473123
15 6.4830634585
45 5.6794232401
66 4.1292939135
85 3.0920849042
89 13.0364643620
evaluations raw_y
1 119.1499984031
2 58.3266607884
3 58.2344546385
4 43.1386035553
7 27.5771365801
11 7.4432758269
18 5.2076052623
25 3.3073344916
61 2.4930335203
62 2.3744940376
69 1.7583891083
89 1.0444231497
evaluations raw_y
1 119.1499984031
2 58.3266607884
3 58.2344546385
4 43.1386035553
7 27.5771365801
12 5.4427196215
58 4.9235079887
62 4.4711040380
83 3.5375208410
89 11.8001821619
evaluations raw_y
1 119.1499984031
2 58.3266607884
3 58.2344546385
4 43.1386035553
7 27.5771365801
10 8.9578790822
12 4.5471997573
37 2.6354816895
39 0.2113448668
84 0.1618693233
89 5.0078768374
evaluations raw_y
1 119.1499984031
2 58.3266607884
3 58.2344546385
4 43.1386035553
7 27.5771365801
10 21.1652669860
12 10.4632605597
18 5.9901820511
25 4.5580711778
30 3.6946183239
47 3.4132326731
89 5.7480312312
evaluations raw_y
1 55.2518328237
3 29.5831998993
5 18.5807881368
10 5.7697865084
12 3.0136211744
24 1.7621890110
87 1.4877755719
89 14.3032089475
evaluations raw_y
1 55.2518328237
3 29.5831998993
5 18.5807881368
20 10.7249840526
25 7.9674229448
59 5.5992444292
67 5.1248324666
89 21.4155995111
evaluations raw_y
1 55.2518328237
3 29.5831998993
5 18.5807881368
10 2.6250216866
89 19.3787170322
evaluations raw_y
1 55.2518328237
3 29.5831998993
5 18.5807881368
10 18.5683981297
19 4.9594525439
29 4.5940482934
35 2.9025124657
56 1.4239725053
71 1.2769413961
78 1.2651466959
89 5.6552940364
evaluations raw_y
1 55.2518328237
3 29.5831998993
5 18.5807881368
10 12.2498017700
14 10.1993996276
19 8.0071017419
31 1.4511279010
69 1.1704193412
79 0.9632125922
89 2.8155286772
evaluations raw_y
1 182.2256763888
2 85.7267665891
3 8.2362475968
22 4.7878346400
55 3.9430963384
65 3.3249364346
83 2.1440071530
89 17.8959956244
evaluations raw_y
1 182.2256763888
2 85.7267665891
3 8.2362475968
37 3.7776019542
54 1.8055350797
88 1.6486607580
89 8.3780590778
evaluations raw_y
1 182.2256763888
2 85.7267665891
3 8.2362475968
11 4.6862325884
62 1.8105728972
70 1.3227588815
89 6.9147824816
evaluations raw_y
1 182.2256763888
2 85.7267665891
3 8.2362475968
39 3.2509480373
83 2.8515092639
84 2.1709842664
89 8.8573950104
evaluations raw_y
1 182.2256763888
2 85.7267665891
3 8.2362475968
25 6.8690055022
59 4.7446509754
64 2.7778183914
68 1.0097314432
89 11.6176984348
evaluations raw_y
1 8.5200751693
11 4.3993995046
30 3.1294379780
55 2.2119908740
57 2.1578696959
76 1.7641080522
86 1.5156733290
89 4.0620444690
evaluations raw_y
1 8.5200751693
25 5.9418233971
40 5.5189917660
58 5.1143375031
70 3.4925981671
73 3.0703864685
89 8.3020818168
evaluations raw_y
1 8.5200751693
16 6.8804998439
27 6.7101005272
36 3.2987497575
38 2.7162484784
59 1.9394979263
89 2.3213030479
evaluations raw_y
1 8.5200751693
10 7.5812297805
23 4.0217449313
44 3.6999526625
71 2.2711175069
72 0.5827000101
89 17.4885803228
evaluations raw_y
1 8.5200751693
14 5.7129449111
19 4.2160323267
31 3.9688964476
45 1.7776336345
83 1.0460490367
89 13.7770497729
evaluations raw_y
1 140.3600773803
2 19.9097658399
3 10.1738296317
5 5.3176492129
12 2.3229015248
38 1.9550713386
41 0.7626971916
89 8.9777724842
evaluations raw_y
1 140.3600773803
2 19.9097658399
3 10.1738296317
5 5.3176492129
42 4.6453711530
73 2.3944473317
85 0.3105492987
89 13.6170421961
evaluations raw_y
1 140.3600773803
2 19.9097658399
3 10.1738296317
5 5.3176492129
66 4.7073714474
89 21.8773252067
evaluations raw_y
1 140.3600773803
2 19.9097658399
3 10.1738296317
5 5.3176492129
28 1.0190550810
89 9.0651626371
evaluations raw_y
1 140.3600773803
2 19.9097658399
3 10.1738296317
5 5.3176492129
33 4.7659758036
61 4.7554333089
72 4.6285515601
77 4.1787694370
84 2.6987969025
89 12.6053959983
evaluations raw_y
1 171.4396771058
2 58.1261728990
5 36.4724853328
6 32.3418660590
7 23.5623992241
10 16.3388806546
17 12.3447043081
21 12.3081543132
26 11.2723718871
32 4.2050014647
89 15.7812680230
evaluations raw_y
1 171.4396771058
2 58.1261728990
5 36.4724853328
6 32.3418660590
7 23.5623992241
10 8.7794326418
18 3.6681970911
49 1.9232756915
89 7.9028868131
evaluations raw_y
1 171.4396771058
2 58.1261728990
5 36.4724853328
6 32.3418660590
7 23.5623992241
14 11.6582014963
17 4.3673683259
22 2.4248592922
54 0.7550386140
82 0.2187439497
89 9.3441060044
evaluations raw_y
1 171.4396771058
2 58.1261728990
5 36.4724853328
6 32.3418660590
7 23.5623992241
28 11.7236648884
31 5.3445950720
55 4.4654678137
68 2.9907878797
80 2.2317599418
89 9.8491686039
evaluations raw_y
1 171.4396771058
2 58.1261728990
5 36.4724853328
6 32.3418660590
7 23.5623992241
10 14.2805272745
12 10.5613776556
27 9.1900056243
28 5.0393364381
58 3.7753491762
68 3.3983806899
73 3.1912331602
89 16.2410878651
evaluations raw_y
1 38.4351066063
3 19.6644519317
6 14.1091962220
7 12.7411188468
9 7.3307060610
10 1.5471660041
89 13.7391686958
evaluations raw_y
1 38.4351066063
3 19.6644519317
6 14.1091962220
7 12.7411188468
9 7.3307060610
10 5.1276833350
33 3.7719264707
38 3.6784982522
50 3.4749593821
89 12.7721180015
evaluations raw_y
1 38.4351066063
3 19.6644519317
6 14.1091962220
7 12.7411188468
9 7.3307060610
23 6.8992995810
46 6.6443927552
57 5.4439258959
67 4.1534646290
79 2.4988966455
89 15.4708135790
evaluations raw_y
1 38.4351066063
3 19.6644519317
6 14.1091962220
7 12.7411188468
9 7.3307060610
53 6.5098146798
66 3.8099823056
89 7.6211880916
evaluations raw_y
1 38.4351066063
3 19.6644519317
6 14.1091962220
7 12.7411188468
9 7.3307060610
29 6.1293501388
33 1.4913459948
50 1.2073041218
82 0.9411435000
84 0.8019996117
89 19.4005407772
evaluations raw_y
1 4.4398345709
34 1.7362200542
39 0.6834096466
89 9.6382606485
evaluations raw_y
1 4.4398345709
10 4.3052763375
21 3.6912368069
49 3.3667046436
89 2.6693759611
evaluations raw_y
1 4.4398345709
15 3.0884189246
22 1.3637712193
37 0.9518622130
78 0.5444722336
84 0.3654968316
89 13.8210804479
evaluations raw_y
1 4.4398345709
28 2.8219886685
89 7.6247110464
evaluations raw_y
1 4.4398345709
20 2.3394973434
41 0.2868726485
87 0.2693272534
89 1.1890473478
evaluations raw_y
1 158.6803893188
2 45.8862152886
3 17.5512850084
8 13.1545380954
10 11.5267413525
21 2.1472917889
71 1.9588735405
81 1.6479781292
89 8.3484425130
evaluations raw_y
1 158.6803893188
2 45.8862152886
3 17.5512850084
8 13.1545380954
11 2.3602868270
62 2.3482154543
89 12.8115678829
evaluations raw_y
1 158.6803893188
2 45.8862152886
3 17.5512850084
8 13.1545380954
15 2.4311302859
48 1.7869730741
89 19.1082074649
evaluations raw_y
1 158.6803893188
2 45.8862152886
3 17.5512850084
8 13.1545380954
16 11.4056247998
20 5.8568761846
43 1.5713216253
79 1.1007306413
89 6.2589622750
evaluations raw_y
1 158.6803893188
2 45.8862152886
3 17.5512850084
8 13.1545380954
15 7.4452088931
36 3.1382610098
89 5.2611618511
