evaluations raw_y
1 56.3748296802
2 45.2669802289
9 8.8187298309
53 7.1093271421
79 3.4747246881
150 103.7620305602
evaluations raw_y
1 47.7051067970
2 45.6531848635
3 24.9814210691
4 14.2254003334
11 14.1743255402
39 12.7101520142
121 4.0305931657
150 58.3177376992
evaluations raw_y
1 82.0712577764
3 50.9839417864
4 27.8688749118
8 17.8502471791
18 8.3697463662
150 40.6073057897
evaluations raw_y
1 51.7265675558
7 51.0699511997
9 38.3720704985
14 35.9017971635
16 14.3867563884
19 10.0120697815
133 8.9159910523
150 20.8503733942
evaluations raw_y
1 15.6726643281
54 15.5309532637
79 14.4664092750
95 13.1651554433
150 39.6053972123
evaluations raw_y
1 139.4277323092
2 69.6063807457
4 59.9062005868
8 45.4033594554
11 42.6225212475
12 24.8623265122
19 12.6162603652
132 10.3719548938
150 66.4467866497
evaluations raw_y
1 112.5108816825
2 87.4877476949
9 43.9462616080
30 3.2533295287
150 8.1315099251
evaluations raw_y
1 82.1595185326
3 54.6961746842
9 44.5482780750
11 33.4825034004
23 29.5020611393
25 28.4548798048
27 15.4177885601
100 12.9012635990
150 202.2526696962
evaluations raw_y
1 60.0875894681
2 24.1869508679
82 6.8089081132
150 90.2737239016
evaluations raw_y
1 132.9713038323
2 61.1419782033
3 55.7384578682
11 24.7571604382
19 21.1104354925
20 12.6598261329
68 11.5212668614
74 5.9771304593
150 88.6526674739
evaluations raw_y
1 33.9863686961
15 28.3022221716
23 23.7534950321
26 14.2418443582
56 12.3474575292
96 7.8886456591
150 82.2442193321
evaluations raw_y
1 31.7226196129
11 16.8370983154
49 14.3524337355
60 11.8212286251
130 11.2458395194
150 57.6898203832
evaluations raw_y
1 108.2934520597
3 47.6217721392
9 46.9708590257
14 40.2447503063
16 37.1613649564
18 25.0055496165
38 15.7566160836
45 7.2628673182
150 82.6981547418
evaluations raw_y
1 52.9888219417
14 17.4114264511
37 11.0973858428
92 3.2857634419
150 33.6143839312
evaluations raw_y
1 118.0020099673
2 99.0622925773
3 95.2594308019
4 61.6258513140
5 60.9697949980
8 28.6934819537
37 24.0040034632
56 17.4309952420
57 10.6327495923
150 96.5313598078
evaluations raw_y
1 120.3311746200
2 99.5273443362
4 86.6681681840
6 45.5553030243
9 21.6282212401
11 4.8264233915
150 40.0158041166
evaluations raw_y
1 94.5175119346
2 2.7873991576
150 69.2762730402
evaluations raw_y
1 62.1558815669
2 17.1971924027
49 14.0224619293
58 12.9908133276
120 5.8817578788
150 46.2889392047
evaluations raw_y
1 72.1954672883
5 19.0984608467
33 13.3409445172
72 10.8290915269
78 9.5579091610
148 7.9088180876
150 98.8613745541
evaluations raw_y
1 34.7390180714
2 21.4125019878
13 15.7574540962
26 6.5148157750
108 5.4483960832
150 76.1899080893
evaluations raw_y
1 90.8307303344
3 65.2273296800
4 14.6496480267
38 7.4812624846
46 5.7256078263
150 48.2529228683
evaluations raw_y
1 53.9043227995
3 35.9960555026
15 34.3954943494
17 29.5447427174
23 16.7138000619
27 12.1212641446
58 7.9196131578
150 25.4829974756
evaluations raw_y
1 23.6189276994
2 20.9992034936
26 5.4291990328
144 5.0803024097
150 102.3497575864
evaluations raw_y
1 121.8415671177
2 50.8707619172
6 27.2738229499
11 20.3135321894
12 14.5710275564
17 7.2357628349
150 34.3097707390
evaluations raw_y
1 83.0520042992
2 45.8998152722
3 36.6818885458
7 27.0034037207
15 22.3391696654
24 21.7832248924
25 17.4059114310
61 16.7186913490
70 9.2464595530
150 90.2857850108
evaluations raw_y
1 61.6621736360
5 56.5491027423
9 52.5441353360
10 51.5258415168
11 25.6808198021
13 17.3619715236
23 10.3484623929
24 7.3421775126
25 6.5568884688
100 3.4923144285
150 128.0660659318
evaluations raw_y
1 49.7987058631
2 23.0477592956
4 15.2109340576
66 3.8606448781
150 54.6848616896
evaluations raw_y
1 54.3228885524
5 42.8481108257
8 39.4543405772
10 37.1858161325
12 30.9613189797
25 26.1373919904
26 9.1583662822
144 5.3539734603
150 34.6164883019
evaluations raw_y
1 30.3910255286
15 23.4668436059
21 12.3641917232
122 2.1810863466
150 85.0378103589
evaluations raw_y
1 61.1532748320
9 56.1398132721
10 16.8426558446
31 16.6880533155
89 11.0138420813
150 60.7003417662
evaluations raw_y
1 67.8487843289
3 32.6878739985
5 30.3520165611
11 21.2416661113
13 8.3275842955
150 19.7034045949
evaluations raw_y
1 33.9956457355
4 30.1022855894
6 21.3296599328
8 18.1586195518
27 12.7166716364
34 11.1573546298
38 8.5751863260
44 4.6512557227
64 2.5695818865
150 41.4512818511
evaluations raw_y
1 36.0573832426
4 19.0588053041
10 17.9341525051
45 13.2350670457
50 12.7563700757
70 10.8175316245
138 10.3337100398
150 78.2544785945
evaluations raw_y
1 51.3695959361
2 5.9381727387
150 27.4895973060
evaluations raw_y
1 10.3780687104
24 9.0821068731
123 6.1341382809
150 70.0022437756
evaluations raw_y
1 81.2191926434
3 33.7788763474
4 27.3897814260
29 21.3885276878
36 9.1631179961
79 3.0438083481
150 64.0010906865
evaluations raw_y
1 74.7195307193
2 61.6657208652
6 30.6035902801
10 18.2309513320
36 4.4035811939
59 4.3639247416
143 4.1760798924
150 48.5307838532
evaluations raw_y
1 91.4665218777
2 83.0261537770
3 44.8789821187
8 25.6477251098
19 19.1780255477
41 17.3232988935
60 7.2364355584
150 70.7984284712
evaluations raw_y
1 54.5670061133
3 5.9593595904
94 1.5698371326
150 162.5989697944
evaluations raw_y
1 126.3230995687
2 17.7018050742
20 15.7442753261
46 13.6768766549
113 12.7266235877
125 6.3080121067
150 58.5656748638
evaluations raw_y
1 125.3649313129
3 67.9802462843
4 37.8843437621
18 29.2346702022
37 9.1875454997
150 82.9604280160
evaluations raw_y
1 99.7444824426
2 45.9120008851
3 14.5511471399
93 6.3685306100
150 122.0910754619
evaluations raw_y
1 137.3529130334
2 37.5675597686
4 15.4003199285
6 11.0659670640
50 7.0255990540
150 77.1477243515
evaluations raw_y
1 103.0736574362
2 65.7021077754
6 46.6236645612
11 36.1012930088
30 26.6417142217
31 22.6716377131
40 21.6460923188
49 10.2400518662
70 7.7298673016
150 87.5050987526
evaluations raw_y
1 115.7645597211
2 41.9018483736
25 19.3594105407
28 10.9339086436
117 10.1265740965
150 36.2658943073
evaluations raw_y
1 75.9229687327
3 38.1748513060
4 21.0574739383
5 20.4002196312
34 16.1865328161
42 9.8093094074
150 92.0942555387
evaluations raw_y
1 40.4226108349
7 16.5534797867
24 9.8755264352
34 2.2553144894
150 103.4605878836
evaluations raw_y
1 86.6830123336
4 78.3933358285
5 55.8639931338
8 51.1317989717
11 31.5065948970
29 19.2581873511
51 12.4082052089
150 88.2855426980
evaluations raw_y
1 44.2779778479
3 37.0245334563
12 32.9502815538
18 24.4772763940
21 6.0717567390
124 3.5927144452
150 89.2346279551
evaluations raw_y
1 69.0663181271
3 47.4354997500
10 14.3701848174
38 9.2048925181
150 74.1833145070
evaluations raw_y
1 101.8680341322
4 25.7508272667
5 23.4765718756
25 17.5625312782
64 6.2807428127
150 75.0615155160
evaluations raw_y
1 27.6830984581
4 22.0555860193
17 20.5418184224
89 6.8118594682
150 31.8223531779
evaluations raw_y
1 60.1868395041
4 55.3477224790
5 43.4235404555
6 33.4796330401
7 27.1198880474
11 10.0557881488
68 9.3861310818
77 8.4555270646
79 2.2032026239
150 57.5691576394
evaluations raw_y
1 35.7155766218
2 23.3646395353
5 15.0660111008
22 6.1228232302
150 22.2789985810
evaluations raw_y
1 94.0066573399
2 59.1047785197
3 33.9559008649
4 27.0314365893
30 14.3290213195
75 5.4365522691
107 5.0867954514
150 85.0776975690
evaluations raw_y
1 48.8409193627
14 46.2832849563
16 33.4758888903
20 16.8777906610
28 14.6327219491
38 3.6529528724
150 34.8702759552
evaluations raw_y
1 64.9840415052
3 53.3768642664
7 41.4984050477
8 33.0360962063
11 28.9752093677
22 15.3546835939
123 11.6901961394
150 111.7445949835
evaluations raw_y
1 80.6256574723
2 48.9519309195
4 39.9659779275
8 25.5928492966
33 22.3964318781
53 22.3543357426
65 8.7128573844
150 94.0786368380
evaluations raw_y
1 75.4925949718
2 74.9337533904
3 11.5525714005
63 11.5519300030
150 58.6507454152
evaluations raw_y
1 149.1211693227
2 39.2488331628
6 13.2412740897
8 2.1244145527
150 93.0215779656
evaluations raw_y
1 118.8610648254
2 97.6876708202
4 33.7230662035
8 29.9273892269
10 26.5641703529
18 11.2478976167
40 9.9252533350
67 5.6829226350
108 4.5078123043
150 57.1507719107
evaluations raw_y
1 43.1138520264
5 32.3343385657
9 28.8383627840
11 26.7540594811
19 8.1069475826
150 54.8241935052
evaluations raw_y
1 69.5993319850
2 21.9139732610
3 18.5816323706
16 10.5242675589
102 10.4053419981
124 9.6118109467
125 8.8771390855
150 22.6379896604
evaluations raw_y
1 53.3748426868
7 26.6334578506
8 20.0674348990
9 12.7176243414
17 12.7137554610
63 11.2855928434
95 5.9270756325
109 5.8947849204
150 47.1261169390
evaluations raw_y
1 150.6526431639
2 27.5131898677
7 18.8386895922
14 8.1223133064
150 38.3577569039
evaluations raw_y
1 17.9078898757
6 13.7046396705
29 9.6667774005
64 8.7999770671
150 34.7733072738
evaluations raw_y
1 36.0769827135
2 10.8747505015
91 3.2331186691
150 28.1840962377
evaluations raw_y
1 120.3077508406
2 103.5262190450
3 42.1583303732
4 30.0346245136
6 23.7620314156
7 19.5970387159
17 12.5485422511
40 8.7976671695
150 54.0780984723
evaluations raw_y
1 48.5701114292
5 33.2883971320
6 23.1711660357
10 12.9807261935
58 9.9519637848
94 6.6732997485
150 54.5502747129
evaluations raw_y
1 73.0367151909
2 42.9427984515
5 20.2160410515
9 11.5164970316
56 11.2281944396
119 6.0705183984
150 43.1007905933
