evaluations raw_y
1 149855.3320878294
4 33804.6087338045
5 4388.7113011838
10 3654.6620606011
12 118.3215199778
39 90.8520517805
63 67.3126891589
67 25.9395022413
144 1164.6967346866
evaluations raw_y
1 62221.3842420306
4 50947.3834046055
8 4946.7865531160
11 3807.8823528951
15 723.2033790439
19 403.0269309214
20 123.5683829269
21 56.3719646891
22 46.2916111224
28 26.0609268935
119 14.3291313545
144 40.2572022948
evaluations raw_y
1 100731.1572683256
2 62660.4811757911
7 113.8170006723
47 38.1447900846
144 184.8194680091
evaluations raw_y
1 129645.9373641067
2 128041.7933046401
3 47023.7299815458
9 46152.2398486562
16 33175.7707960583
19 23149.4506477669
22 11748.9519871882
25 7908.2504399597
26 2349.7756250458
43 49.3719787431
55 35.8672937985
57 23.7106436047
111 21.9532584303
122 20.2753374369
131 19.2540056846
138 17.6289107263
144 23.4654544453
evaluations raw_y
1 122243.3746683112
2 79444.9391024769
8 63754.3942684376
12 58770.1802983966
15 9307.8943110674
22 17.9672549764
144 741.2760063243
evaluations raw_y
1 17899.8618906069
4 331.1790306323
9 50.6299970368
44 38.5891363716
122 34.1937019415
125 29.3874084579
132 22.8953747041
144 264.3777529504
evaluations raw_y
1 67829.6356104472
8 28573.9607343472
9 12807.4968507840
13 11937.2817584210
17 209.3604846660
26 65.5414596485
94 58.8961215573
123 58.1983648681
134 38.4558014713
144 10593.6423560506
evaluations raw_y
1 112795.5290500256
3 63077.1185451374
6 33549.6109945429
8 30864.9970854073
11 3674.9973979247
12 46.3898440414
78 42.8017113884
88 39.6301757830
105 38.9922136084
112 23.2475155886
129 12.9261231058
144 33.1108441986
evaluations raw_y
1 4131.7174473877
6 3982.1458504174
9 3596.2982808560
10 214.4862828290
16 115.9227966871
19 111.8947379863
23 95.5730293398
25 92.7645455890
26 88.7814795797
38 51.7844385357
51 45.4859953816
76 44.2517126462
85 42.9602921569
86 33.2482651067
98 23.5073256549
119 21.2184568680
126 12.6482286439
129 5.8863011094
144 6.8315095815
evaluations raw_y
1 63324.7925718981
2 61782.6013689862
6 20716.0457081734
10 110.1746036923
19 93.2541658198
38 54.4888608026
71 45.0774619275
75 42.0233950514
78 24.6552178922
137 23.7520664425
144 743.7298190903
evaluations raw_y
1 117767.3998474882
2 112015.7934016435
6 80549.5009165288
12 35988.9713169717
19 173.1962907607
45 66.3323263073
46 39.0464681016
121 21.8244959218
144 6615.0760419862
evaluations raw_y
1 431774.2156994315
2 114584.3856609854
3 103852.6264252652
4 83570.3239019907
5 53135.5185648707
7 24715.8262366506
10 106.4436538046
15 57.4987581076
31 14.5116342268
144 1185.0854550251
evaluations raw_y
1 144072.5465573418
2 53251.1859659555
11 44939.8294912829
15 11784.2703870978
17 2287.6415740432
27 101.9106822763
30 63.9111397984
31 29.9619247227
106 23.1375083748
143 22.2633429285
144 25.7917155534
evaluations raw_y
1 212106.9601014035
2 68977.6735212272
9 42970.9847824632
10 33248.2088032224
12 15680.2486981292
18 14015.1419251634
23 2483.9783599848
28 218.9587933029
50 214.0333850425
68 117.0797515277
89 105.6768938265
144 3770.5597326111
evaluations raw_y
1 323234.0650507875
2 151821.4681496911
4 85042.8912471352
8 18422.5272494498
14 6470.2398084629
19 38.9692682540
54 19.4089523767
105 16.6139557833
110 14.2216267071
142 13.1955060295
144 37.4213497598
evaluations raw_y
1 561415.8852733605
4 310139.5381158669
13 114674.6495539120
24 109124.2799333628
28 69269.1790879470
34 34570.9445882720
39 20190.2477248198
47 4121.6004034388
52 189.0505234587
107 152.5743712890
121 116.7629205234
131 107.2298829968
134 57.6002840981
144 7374.7143857329
evaluations raw_y
1 176048.1749314790
10 115418.1332375686
14 59640.6995463548
27 7323.7136238389
31 860.2075378859
38 14.2608494555
144 53.1056677641
evaluations raw_y
1 77864.0103208554
19 2092.8081498103
32 70.9045999794
99 39.8286309539
144 4452.5468046405
evaluations raw_y
1 611798.7842968177
3 415871.4743228856
10 325436.3223066514
12 216125.0920198354
20 172977.3272413657
23 130321.7949862886
27 109594.0886032979
30 77178.3214692697
34 64535.6580293903
37 58416.0284603985
44 10463.3252700502
47 17.4349439092
144 62740.4689519746
evaluations raw_y
1 719158.2288639292
3 292577.4888254653
9 233891.9316873700
10 82754.5271350024
35 12114.0516326420
52 5721.8715918739
59 206.7018909292
64 117.6257840695
75 43.0487044212
90 23.1757396962
123 17.7321243021
130 12.5186600214
144 2173.9493611077
evaluations raw_y
1 639402.0145665248
2 195847.3159686182
10 163876.1852519654
12 73260.6974381106
22 17311.6532841836
37 216.4080795710
49 212.6141895696
113 145.6221430123
122 104.9509834619
144 153.6827827088
evaluations raw_y
1 560722.8753761413
2 316641.1731052470
6 200449.2971902771
10 7756.3901233350
33 1896.1599129391
35 65.9803412200
75 60.4384993548
78 18.9323565647
92 15.7936931615
144 22.2822282629
evaluations raw_y
1 71284.0808066142
9 45183.6878149861
10 36.8805980047
144 93.6937022792
evaluations raw_y
1 618264.4432889607
2 102829.3007560777
3 84969.9162213743
5 63103.9174853888
12 8082.7166262521
20 7.5939697262
144 15.0271311168
evaluations raw_y
1 308354.5932015397
3 289653.9575549947
8 273573.3659400434
9 201774.0484343627
11 148920.1061590978
16 67203.2641988506
18 33104.9649011169
24 32100.4322024065
25 15885.4816204830
27 12918.0104831882
30 150.5978349695
70 115.7874067278
92 83.9751343020
98 63.8222944755
103 53.2879084611
105 24.8189858864
139 21.2506087346
144 84.6108831420
evaluations raw_y
1 547553.3487573031
2 255531.2179837130
3 94954.0323426536
11 33366.7875654268
17 15122.8536846358
31 14782.1008098520
34 6750.7583424038
37 27.2297663473
103 23.6740230136
133 23.3220692852
142 22.6679565017
144 30.6220194565
evaluations raw_y
1 322465.3337066387
2 164938.3511678594
4 113324.3862835786
5 101040.4591459972
6 54574.5598781339
10 65.1693126138
62 50.9596198551
95 41.0154808981
100 40.5300609121
107 23.8172172141
120 23.7701516735
144 332.9832313657
evaluations raw_y
1 287631.3784838539
2 123096.5816687992
3 64973.9659856342
5 22943.5087446660
10 14913.5270534672
11 7890.3227348051
20 216.5758837929
26 215.4326526060
50 138.8304361659
69 134.0600419265
92 115.4198106451
94 102.5927269610
95 78.7668383798
116 64.9709028284
144 10356.9555540830
evaluations raw_y
1 76460.9544436330
4 62661.0795744477
7 44773.1029811043
10 19082.7599273912
35 6738.0317292943
51 136.9665273769
97 124.1782551516
101 116.4359554596
113 106.1733241858
127 94.6334850734
144 116.2752323086
evaluations raw_y
1 49078.2042135192
10 1880.1751173816
23 139.4241582496
24 107.5443474165
40 103.7481760050
79 96.9543658373
80 49.0524170648
113 44.7811473227
116 30.8412544863
127 25.4484061819
129 12.4429061328
144 33751.1397546159
evaluations raw_y
1 1024559.1216322843
2 283705.4259794825
4 103198.7021020747
5 53534.5569664941
14 37222.7144576794
17 17987.1444627475
25 126.6355728230
35 64.5409251900
55 40.3259768707
59 25.5376251745
71 12.7067976353
115 12.0589266563
144 2930.8800164927
evaluations raw_y
1 570653.9936497913
2 311610.7563515339
3 78508.6896107028
10 11258.8609521472
19 24.6668814842
108 19.4093875868
144 690.2562087424
evaluations raw_y
1 584604.7835035409
2 255224.2534283663
4 168709.6691865584
6 150661.6500657869
10 33933.6517891582
18 15.1468104151
67 8.2255759758
144 24.3524058880
evaluations raw_y
1 555465.0559618972
2 152337.4527023236
5 69218.5384089890
17 36035.1308850230
18 20416.8995058155
26 17471.9153983538
42 6322.9825371814
51 65.6838335326
52 46.7090928177
53 31.7680950298
136 30.8598173761
144 93.7778218255
evaluations raw_y
1 27102.1545138612
31 18696.9773189682
38 118.6935945120
94 118.2731364547
133 115.5005815853
134 80.6921531271
144 205.8161000946
evaluations raw_y
1 1786.7201945426
4 296.3584494776
6 228.9769848000
7 112.0027250837
38 92.3626371529
47 87.4371690370
58 62.2775066721
66 40.2425427945
88 24.0489396478
129 19.7955900117
144 23.3631984474
evaluations raw_y
1 6169.2638824741
3 172.8570628500
5 61.9940281903
19 53.4733201501
56 51.6760319481
65 47.2116834913
66 45.7411918980
67 30.2483570840
92 22.2538400162
105 19.5062543166
106 15.3543559063
144 42.0250327207
evaluations raw_y
1 210.0717443317
2 126.1049200061
8 115.9419957905
15 109.8028782051
21 74.5898940130
25 44.7318863350
57 29.5109391150
95 22.7787454553
99 21.1456509191
103 16.4973609572
111 16.2213454755
117 8.7495089318
144 6.1642295179
evaluations raw_y
1 165.5032398919
5 127.4672371542
15 79.5665084730
37 66.4762319180
50 61.3354041199
55 60.0820902524
73 59.0457928710
75 39.3736510683
85 24.8522181509
90 18.0860178258
102 13.0007823403
144 5333.7403733768
evaluations raw_y
1 117.1396497179
7 104.7757314221
11 36.5697220604
26 31.3627797845
71 14.1509242725
75 12.9324720637
144 22.5779277935
evaluations raw_y
1 174214.8471894580
2 168849.3842930616
20 46512.6753038369
34 32319.7232219902
46 71.2244815271
62 70.7238859597
94 56.6214879885
144 69.6665982691
evaluations raw_y
1 119114.1433261017
9 58141.0427773181
15 34027.9623431613
17 13295.4593350548
21 6040.5034512742
24 3759.3570837707
28 61.7756271556
117 57.4947449840
125 50.4759201282
132 40.5976901508
144 7013.5769726202
evaluations raw_y
1 186781.1519339984
11 83252.3670356617
27 58034.1923123720
41 56540.2809678643
54 33744.7810264060
58 3630.4526036498
66 1383.2058617564
76 352.5715290708
90 115.8945934279
97 114.4546000385
99 103.3024704262
108 72.3408818204
144 16080.9963995276
evaluations raw_y
1 327352.4477985589
2 259407.5495816615
7 190456.1704644480
12 176334.4544909536
15 140302.1466340859
20 32396.5702420979
53 121.8392193657
82 57.2953904098
85 42.5417137890
93 40.8778482313
97 20.0216152925
105 12.5540098996
144 12.4500653234
evaluations raw_y
1 1095514.2116019379
2 763940.9478676950
3 726695.5694249192
4 699944.7934907817
5 574864.9304131219
6 545721.6059620477
8 270827.9682947951
9 228119.8073836874
15 63386.8824663952
19 62161.3340937313
20 54113.4705595256
26 26754.4862312642
36 12030.4088263952
38 11597.7188625113
50 42.6643340621
90 18.9289177358
144 57.1059213675
evaluations raw_y
1 329445.7282603202
2 316208.6142121082
9 163045.3220808764
19 20100.4235069890
31 12159.7932394097
34 5862.8187530390
35 4894.6192576188
37 3341.5847822502
42 88.9861272082
51 24.9692399673
108 20.2396942597
130 18.1684380625
131 12.6920593743
140 12.6386333347
144 13.1451408919
evaluations raw_y
1 292359.0051527838
4 284309.8264366189
6 201882.6712303976
7 42046.5917921761
23 6417.1457556771
43 191.5894339512
67 71.0115170143
83 66.0196866511
92 41.8008517178
100 33.8300537124
122 27.5617268343
129 26.6666690596
136 21.7570619711
144 378.7864336691
evaluations raw_y
1 195958.8395133581
3 148089.5892172248
4 33908.1187964500
12 15024.2033609173
17 6531.0940475965
24 1463.9735442661
35 37.2118706501
144 112.2477623450
evaluations raw_y
1 569378.8840989133
2 324440.3159104438
6 90567.0386260593
11 32687.8477139538
20 26669.0421053373
31 23.2463009295
144 200.1255108477
evaluations raw_y
1 365129.7584080754
3 191852.4085980819
4 160035.6618361331
5 64489.8366424102
12 63432.1463859133
14 63060.3084775393
16 46603.5944932404
20 8837.1121379047
37 4865.1547089228
64 3558.3282203487
65 152.7322435823
83 134.8418553736
109 114.7039042617
141 72.0938091376
142 61.3146706199
144 113.6569542695
evaluations raw_y
1 405360.0727911965
2 201654.4955149041
5 97.3950469212
20 68.2925241484
33 43.5858833567
57 42.6679463667
81 36.8370878136
90 24.4367183732
108 23.5794957138
112 22.8539146103
120 18.8530550962
123 13.0406032979
128 9.3135405472
133 7.9281463433
141 7.2041319052
144 17587.6367269210
evaluations raw_y
1 154223.9346271080
3 146053.1098010777
4 127855.1702428675
10 61493.1743819675
23 9023.9687115074
29 8229.5181908901
30 8006.0430573280
31 1441.4757001033
35 167.2189488794
44 104.7081585826
67 52.7539684737
79 50.6169471339
89 43.4965160511
96 42.7029727927
105 32.2360668947
108 19.5216270156
113 12.2013246488
117 10.1985331469
144 78.2032038470
evaluations raw_y
1 58083.2348960896
9 4262.5070308712
19 3497.5922409604
22 2765.0505255435
25 54.6498806343
51 43.2360704926
71 39.8293595054
72 35.9151312733
95 23.4198525814
102 11.6217827931
144 4.0824313299
evaluations raw_y
1 63311.5873437249
12 33487.3396180580
19 33237.2731712504
21 30971.3339529281
22 6905.3258327910
28 691.9882009378
36 38.0256769905
144 43216.3101127896
evaluations raw_y
1 77279.2193614045
10 54331.7051408785
11 1146.6326174855
21 23.9980098749
144 214.4387140754
evaluations raw_y
1 429595.0629956409
3 297759.5398973136
4 229271.7169228409
5 187511.1715577562
6 61152.7351832721
11 25266.6708703061
19 9446.9175246354
20 2251.6613337140
21 1197.6675503014
25 406.3925228832
44 234.9618139756
70 195.1969915717
74 61.4494901218
144 325.5083707187
evaluations raw_y
1 39577.0316866908
18 405.2937375779
35 127.1460853096
40 80.0386543320
107 69.2130429001
144 117.6977038951
evaluations raw_y
1 590610.7173215973
2 518211.4090681924
3 85451.6357720037
4 33087.7674874707
13 7686.2516060939
17 4973.7226130370
30 3669.7797501370
40 214.4308402365
50 181.5031295710
78 96.1014661949
82 90.4920876335
92 44.1404203624
142 33.9337724799
144 55.8966226773
evaluations raw_y
1 273842.1513685121
2 62728.2521188736
3 15757.0545793333
10 40.6557645165
46 32.5356501043
122 26.2759590805
144 10524.3777272226
evaluations raw_y
1 6660.2032062944
42 118.4901144121
122 115.8953292849
144 128.8431553670
evaluations raw_y
1 200931.0218383989
6 184966.6621096608
7 85860.4003821432
16 45694.0430699975
17 33961.8497878162
27 33644.1597876877
32 70.6499715436
41 51.4519586420
53 35.0100164494
59 25.0901430561
130 23.4495262098
134 23.2027338209
140 22.7163830844
144 3689.8487340907
evaluations raw_y
1 837887.4085131633
2 276607.4016123333
3 104173.2944188441
7 62647.4580540659
19 60796.3924138358
24 17427.6854394877
39 11765.0418406191
42 856.9391937186
50 49.7974287283
66 48.5410957139
70 42.7332475056
73 40.2690567504
113 27.6838871667
122 23.2497063434
129 23.0911427620
144 42.8496291228
evaluations raw_y
1 28137.7928008216
12 104.2188358528
139 82.1512907240
140 80.5751363190
144 215.1353224071
evaluations raw_y
1 233277.1705492447
2 25000.3393012945
3 10834.4842182606
9 2068.3456513441
10 1859.6901018194
17 1300.1646813930
28 401.0946420571
33 32.8364423771
57 26.6567964731
128 23.1572553586
133 21.8060831880
139 21.3372422466
141 15.3505357415
144 59.7414686388
evaluations raw_y
1 256148.8926343567
2 64006.5459543503
3 59294.4397303195
11 20627.5287939622
29 15547.4879586821
34 7641.4938870878
37 229.2312339768
38 23.6309992844
144 140.1565472050
evaluations raw_y
1 252209.4408496673
2 118991.3708526176
3 63087.5026324234
4 18038.6741705112
11 9514.2503980320
15 8084.1616117844
22 3184.1681372550
31 176.0486995711
43 80.7581340777
53 62.7741753759
60 25.4431693179
75 24.2579405441
85 23.6704108600
94 17.6319712312
144 23.8522830594
evaluations raw_y
1 76595.4666741434
3 5727.6253679950
6 4431.3393113129
9 24.1633610023
144 9541.7133916228
evaluations raw_y
1 182314.0019829614
2 111628.8862595637
3 49759.6510585681
13 17155.1208897256
21 3716.9182958657
27 387.1556388882
28 62.2747702408
67 52.7833172801
90 44.2954194808
113 29.7062139325
129 23.0990348795
144 50.3857493593
evaluations raw_y
1 70537.5451565359
2 20650.8958336626
11 9462.2277741118
14 412.2618110648
31 28.1756822738
38 16.1942149385
50 13.2762610603
64 10.8492799852
122 10.7015691679
123 7.0193089497
131 6.9721571742
134 6.3285210726
144 21.1792083077
evaluations raw_y
1 82258.6476067262
3 33543.5193760798
15 24285.3142961926
16 15622.8775855526
17 11821.5138295808
19 6639.7393973460
23 207.8498871969
25 68.2722006509
144 645.7842525626
