evaluations raw_y
1 199574.9529552739
2 200.4412496425
4 19.2658686964
12 15.2154640507
21 7.9987806051
33 1.8486588015
43 1.4867315344
51 0.2384134381
59 0.1657664057
evaluations raw_y
1 199574.9529552739
2 200.4412496425
4 19.2658686964
17 12.0281175549
20 8.0512348002
57 4.5701740171
59 6.8877219828
evaluations raw_y
1 199574.9529552739
2 200.4412496425
4 19.2658686964
33 6.4976472902
35 3.5063202931
44 0.9193065848
49 0.3277350265
59 0.4189829167
evaluations raw_y
1 199574.9529552739
2 200.4412496425
4 19.2658686964
39 17.0218621294
52 4.7489651669
59 761.7106543745
evaluations raw_y
1 199574.9529552739
2 200.4412496425
4 19.2658686964
19 13.8054999980
20 6.3472384029
59 88.7948178058
evaluations raw_y
1 6717.9860883115
2 3260.0197145015
3 2523.0193244650
4 353.2254579356
9 1.5875821673
58 1.3620966033
59 4.3244782384
evaluations raw_y
1 6717.9860883115
2 3260.0197145015
3 2523.0193244650
4 353.2254579356
21 7.4408846979
22 0.6444308799
59 0.5858652480
evaluations raw_y
1 6717.9860883115
2 3260.0197145015
3 2523.0193244650
4 353.2254579356
16 62.8499090594
48 20.7901129939
57 3.6768478692
59 25.5005783253
evaluations raw_y
1 6717.9860883115
2 3260.0197145015
3 2523.0193244650
4 353.2254579356
9 15.2373514575
32 12.2062711903
35 10.8018095015
59 14.8990581002
evaluations raw_y
1 6717.9860883115
2 3260.0197145015
3 2523.0193244650
4 353.2254579356
10 62.3853809987
11 21.7494199533
45 5.2778534189
59 589.9121338872
evaluations raw_y
1 13600.7394002811
2 12064.5266898036
3 2910.8526443438
5 675.9563350192
7 10.7811236917
24 8.8278725782
32 4.5713399523
42 3.8418121233
52 3.3920323769
59 3.5317223418
evaluations raw_y
1 13600.7394002811
2 12064.5266898036
3 2910.8526443438
5 675.9563350192
20 12.5918658807
49 2.4635504157
53 1.5049119852
59 6.1351320937
evaluations raw_y
1 13600.7394002811
2 12064.5266898036
3 2910.8526443438
5 675.9563350192
8 216.4736177773
13 35.4378051025
27 15.3852972237
29 7.8834545658
40 2.7105121661
48 1.8374416513
59 5.0402231848
evaluations raw_y
1 13600.7394002811
2 12064.5266898036
3 2910.8526443438
5 675.9563350192
11 473.2265615326
12 340.9847465205
14 218.5304818098
16 10.0270309386
32 4.5005200691
59 7.1713709556
evaluations raw_y
1 13600.7394002811
2 12064.5266898036
3 2910.8526443438
5 675.9563350192
7 119.3023820145
13 46.0437317185
15 42.1084185485
18 32.0273426424
27 21.7462755924
33 2.6770712618
37 1.7898494646
56 1.3318825165
58 1.1884576826
59 0.7823897561
evaluations raw_y
1 460.4680481627
3 122.0250708352
9 7.2450294148
27 1.4566045601
30 0.5539815245
45 0.4213208796
53 0.0327333583
59 12.6220079351
evaluations raw_y
1 460.4680481627
3 122.0250708352
7 106.2092874082
10 30.6210782607
14 0.6524330180
34 0.2622155590
50 0.0225201214
59 10.7821764635
evaluations raw_y
1 460.4680481627
3 122.0250708352
11 27.1296852131
12 17.1386817410
37 9.1013938437
41 0.4009465749
59 2.0905961466
evaluations raw_y
1 460.4680481627
3 122.0250708352
7 94.9373548197
10 50.5145524323
30 34.5216316656
37 3.2820282417
59 13.6350825413
evaluations raw_y
1 460.4680481627
3 122.0250708352
17 45.2452608422
18 41.4388668229
30 34.3772931950
32 33.3556126158
42 3.6540300865
49 2.1492926439
59 86.3230592963
evaluations raw_y
1 50639.3248442581
2 1723.3947897502
4 707.6399103305
5 20.1882668412
10 5.3370814090
41 2.1737037217
55 1.4717089157
59 1.2138583392
evaluations raw_y
1 50639.3248442581
2 1723.3947897502
4 707.6399103305
5 20.1882668412
22 18.0496852122
43 10.7785504021
51 4.0554546921
59 2643.7768065698
evaluations raw_y
1 50639.3248442581
2 1723.3947897502
4 707.6399103305
5 20.1882668412
11 8.7109937811
16 1.5950137833
38 0.8359640493
52 0.7431705458
55 0.6028715553
59 2.1583678453
evaluations raw_y
1 50639.3248442581
2 1723.3947897502
4 707.6399103305
5 20.1882668412
15 2.8808153399
39 1.5413726813
45 1.4898985062
48 1.0027810715
59 2.0192300758
evaluations raw_y
1 50639.3248442581
2 1723.3947897502
4 707.6399103305
5 20.1882668412
59 1510.0551379928
evaluations raw_y
1 25262.6569449791
2 12809.9619518714
5 420.3817939161
8 5.4512789674
24 1.2843646120
42 0.9462510524
47 0.7778471153
52 0.3557648345
57 0.3386300853
59 0.4012266699
evaluations raw_y
1 25262.6569449791
2 12809.9619518714
5 420.3817939161
8 11.6077137086
19 2.3678230896
39 0.1958020651
52 0.0634194575
59 0.0873177383
evaluations raw_y
1 25262.6569449791
2 12809.9619518714
5 420.3817939161
7 310.3884560287
15 6.5361289770
38 3.5483671798
39 1.3066056816
49 0.9026883502
50 0.8559095099
55 0.8185695629
59 3.0341021966
evaluations raw_y
1 25262.6569449791
2 12809.9619518714
5 420.3817939161
23 266.0253418206
25 64.9966983449
33 1.9573217125
53 1.5599140265
59 60.9563305942
evaluations raw_y
1 25262.6569449791
2 12809.9619518714
5 420.3817939161
8 37.9110634121
25 9.9795965920
30 4.5206600373
45 3.4194880727
50 1.8569670913
57 0.1845859626
59 4.4515406515
evaluations raw_y
1 1350.9928838327
8 726.8463856619
13 275.0586451645
15 149.3217886069
16 25.2661365336
17 2.2084192864
51 0.3358571353
59 26.1675196374
evaluations raw_y
1 1350.9928838327
7 389.9384873258
8 193.1339601719
11 55.1852301711
30 50.8534422181
37 13.5374285933
43 10.4912614256
53 6.3870934800
56 1.5800160837
59 1.3655779525
evaluations raw_y
1 1350.9928838327
7 4.5715579639
10 4.4163609704
11 3.4528636290
41 3.3514920588
47 2.1170807995
52 0.7326740374
59 47.4677108175
evaluations raw_y
1 1350.9928838327
7 37.8950875507
20 8.5543570175
23 2.0451354138
39 0.0980497332
59 0.4588893216
evaluations raw_y
1 1350.9928838327
7 621.8441736116
10 129.4584316449
15 5.2218904340
37 4.8239737094
57 4.4080941296
58 4.2026768804
59 9.1789454857
evaluations raw_y
1 834.0436701417
2 232.2898631031
20 106.8077520860
23 31.2718081688
24 20.7060302936
30 5.3356957448
40 4.2566744811
59 75.0972689965
evaluations raw_y
1 834.0436701417
2 232.2898631031
13 165.4313421330
16 137.6071071545
22 33.0449379248
34 14.0944247333
49 8.8406466810
59 383.7202875696
evaluations raw_y
1 834.0436701417
2 232.2898631031
11 63.4687133338
12 21.2214961300
33 9.9369236667
52 8.8500470535
59 81.3720701431
evaluations raw_y
1 834.0436701417
2 232.2898631031
9 217.3397889758
10 65.8585923802
29 31.8690582165
32 16.5027961228
39 6.9274667197
54 5.3302354366
59 122.3678156021
evaluations raw_y
1 834.0436701417
2 232.2898631031
12 120.0481303935
35 11.9150043938
47 9.2337027570
58 9.0901788407
59 21.8446919506
evaluations raw_y
1 23186.1342495559
2 3379.2486427264
3 2086.2765475843
7 57.1098680561
14 0.1098221456
37 0.0057218966
59 0.0043729863
evaluations raw_y
1 23186.1342495559
2 3379.2486427264
3 2086.2765475843
7 953.0477888393
11 352.9027652929
19 22.5377780237
20 2.7955097628
44 2.4758680430
51 2.1579021268
59 51.9912087254
evaluations raw_y
1 23186.1342495559
2 3379.2486427264
3 2086.2765475843
8 824.1756312969
9 14.2288145774
40 0.7529458595
50 0.5619320934
59 6.7698105605
evaluations raw_y
1 23186.1342495559
2 3379.2486427264
3 2086.2765475843
8 35.1579849783
9 1.6989967695
44 1.6124431124
56 1.0921180216
58 0.9602124113
59 1.5677647243
evaluations raw_y
1 23186.1342495559
2 3379.2486427264
3 2086.2765475843
7 38.0230464218
13 12.2752033998
22 6.9327702618
26 2.7777943528
27 0.6747881934
29 0.5718205999
59 199.4793632254
evaluations raw_y
1 1.9163988926
7 0.5373923567
58 0.5007191205
59 3.1512998776
evaluations raw_y
1 1.9163988926
17 0.2093143457
59 3.9053473337
evaluations raw_y
1 1.9163988926
12 1.8205118447
40 0.6107197874
59 0.4550683579
evaluations raw_y
1 1.9163988926
49 0.7578487555
53 0.0630988183
59 113.6171230614
evaluations raw_y
1 1.9163988926
59 14.6523940615
evaluations raw_y
1 10780.8387797500
2 331.8385560073
5 85.4327687492
40 49.0590595583
44 11.1459567983
58 4.3186756006
59 664.6246617168
evaluations raw_y
1 10780.8387797500
2 331.8385560073
5 85.4327687492
14 36.9889598577
39 5.8575479274
41 3.4732375022
49 1.6987645481
59 5.2954512072
evaluations raw_y
1 10780.8387797500
2 331.8385560073
5 85.4327687492
7 21.4490964398
10 13.7960753725
29 0.6060603534
52 0.5336294998
59 1.0340880380
evaluations raw_y
1 10780.8387797500
2 331.8385560073
5 85.4327687492
9 40.3381909337
11 8.6922010303
17 5.9500775601
43 4.8591558779
46 0.1183014669
59 7.7495473677
evaluations raw_y
1 10780.8387797500
2 331.8385560073
5 85.4327687492
10 34.1676688662
22 25.9083881026
24 8.3742840026
50 8.2223191099
57 5.9837222317
59 21.5072672787
evaluations raw_y
1 16961.7149277194
2 112.5888594489
20 6.1070656591
24 4.7648020455
46 0.4248687808
59 6.5509366528
evaluations raw_y
1 16961.7149277194
2 112.5888594489
9 12.4394683871
25 6.0631085069
46 5.7149765880
55 5.6662647379
59 17.2632867696
evaluations raw_y
1 16961.7149277194
2 112.5888594489
31 7.3057635843
55 4.7068989870
56 3.4642903794
59 23.6327700554
evaluations raw_y
1 16961.7149277194
2 112.5888594489
7 10.7739972820
25 4.0840434930
29 2.8313143532
31 1.6056983673
51 1.3419130489
54 0.7367879375
56 0.2591130360
59 0.1313697205
evaluations raw_y
1 16961.7149277194
2 112.5888594489
11 20.7683532066
12 3.3242013506
52 0.2445725618
59 2.8162722271
evaluations raw_y
1 30299.1264270058
2 211.5694278605
4 205.3093925538
7 152.7731106392
9 5.8337839269
47 1.6927780191
48 0.6194831265
49 0.0371425874
59 4.2798668184
evaluations raw_y
1 30299.1264270058
2 211.5694278605
4 205.3093925538
13 34.3104503937
26 6.6004734362
59 11.5445616103
evaluations raw_y
1 30299.1264270058
2 211.5694278605
4 205.3093925538
7 103.5396230508
10 10.6861102557
18 9.8869592158
34 3.1273947146
45 2.9815852951
48 1.5947512452
49 1.1426062144
59 2.4675353330
evaluations raw_y
1 30299.1264270058
2 211.5694278605
4 205.3093925538
12 3.0747786654
31 2.0871636430
32 2.0737146871
49 1.5352487767
50 0.8861946945
59 0.9821458005
evaluations raw_y
1 30299.1264270058
2 211.5694278605
4 205.3093925538
25 107.1628633049
28 2.5421409157
41 1.1926557115
59 9.4415061482
evaluations raw_y
1 60326.4177187771
2 2015.8477842659
8 35.2501032327
12 24.4600208406
25 0.1472138458
59 2.6991590310
evaluations raw_y
1 60326.4177187771
2 2015.8477842659
7 668.2176331116
11 167.2928144730
13 21.3534231497
17 2.0245584561
53 1.4980129010
56 1.4735776144
58 1.2667493807
59 1.2483555433
evaluations raw_y
1 60326.4177187771
2 2015.8477842659
7 650.8581264416
8 185.7329825246
11 72.6709143487
14 5.0989702207
52 2.2634106311
56 0.5511032083
59 3.9472333059
evaluations raw_y
1 60326.4177187771
2 2015.8477842659
7 457.9647887746
13 263.7897231483
15 145.4610932813
16 1.0823347917
52 0.4405449438
54 0.3777364859
55 0.2927898409
56 0.2250323132
59 12.1603551263
evaluations raw_y
1 60326.4177187771
2 2015.8477842659
7 411.2458140439
9 20.4880499120
18 0.1428835036
53 0.1212615783
59 0.9572329915
