evaluations raw_y
1 124.9084110735
2 73.8336812364
3 35.1710656733
15 2.8281147505
80 1.6288123245
90 78.2132317337
evaluations raw_y
1 97.7315167143
2 24.8094744039
16 10.1319112546
81 6.7981744626
90 81.8523471195
evaluations raw_y
1 45.5527935238
4 38.3905205513
17 26.5890714476
18 13.1225068521
23 6.9934165049
90 30.5057620489
evaluations raw_y
1 174.7005530634
2 56.0459628759
7 33.6496491096
14 15.5571758895
23 4.1715934386
67 3.0862754878
90 55.5098322379
evaluations raw_y
1 131.3222173459
3 102.0268499254
4 80.4323025624
5 68.8944797681
6 58.1037528863
7 20.7874089957
11 12.8269006452
36 9.1832116676
90 89.0151637744
evaluations raw_y
1 50.6833646294
3 48.0954057564
7 11.8595820661
12 10.1875687507
90 52.8333778919
evaluations raw_y
1 125.8776822664
4 95.7165270817
6 19.0355614196
9 16.3553175119
39 15.3474578349
51 7.0875459655
72 5.6823671291
90 35.1763764095
evaluations raw_y
1 281.0568607111
2 146.6449009998
4 103.9223842768
9 69.4813067419
10 10.6677234267
20 9.7832711817
52 6.1763934213
90 176.5465724031
evaluations raw_y
1 14.8448927600
10 14.2961153516
14 12.4187304268
21 12.3688724912
90 41.0155835820
evaluations raw_y
1 77.6779982798
3 25.3405706329
11 16.8019982024
30 11.2491953306
56 9.9359627422
74 1.8541659143
90 211.6549282739
evaluations raw_y
1 159.1403005581
2 47.4055048482
3 41.7411837205
6 27.2494537461
8 19.8146613735
19 14.4023162526
25 5.9111102753
90 229.3143872079
evaluations raw_y
1 210.5327711571
2 32.5418593474
6 29.5298499263
7 28.9893777378
17 16.2558291634
29 11.0698626091
45 6.0883988031
90 136.9268062867
evaluations raw_y
1 2.5579921738
90 84.5374832374
evaluations raw_y
1 21.2239664112
28 8.5567122592
62 4.9466603786
90 30.8345075359
evaluations raw_y
1 58.9786645259
3 56.1198427906
4 41.8619016787
10 18.3034831972
22 16.7423814539
23 16.1410692856
46 16.0669897391
47 11.2500565402
73 10.8486818092
79 8.7388148282
90 151.1718316344
evaluations raw_y
1 44.6870366115
15 24.9002190548
37 7.1743857314
90 24.4183991256
evaluations raw_y
1 46.9756840874
3 36.0571851502
5 14.1791296042
32 11.0895636814
43 8.3830752170
87 5.7402351472
90 148.1902603345
evaluations raw_y
1 74.8429492052
2 13.1597738261
90 18.3329838543
evaluations raw_y
1 184.5212080043
2 54.9746175624
4 14.9056161078
17 0.7784977181
90 15.3976608167
evaluations raw_y
1 8.9527272510
33 8.1411504430
90 59.7218480367
evaluations raw_y
1 172.9561138668
2 22.3540810884
18 14.5201043730
84 5.5563975660
90 32.7198010073
evaluations raw_y
1 115.9145219573
2 86.6966320002
3 49.4313660194
7 9.8873619375
75 4.7419066527
90 102.1108155025
evaluations raw_y
1 168.4134607913
2 48.3297054088
4 20.9421229205
7 15.1940025236
12 8.3110068159
15 3.8477844024
90 12.3430605874
evaluations raw_y
1 70.5724802264
3 18.2785167593
16 15.2626076994
54 5.5443447468
90 42.7976249938
evaluations raw_y
1 46.7870916307
2 6.4234490696
90 91.8647261038
evaluations raw_y
1 2.3193107704
90 162.8607174164
evaluations raw_y
1 56.1155713525
2 52.2241049539
6 46.9055364280
10 37.2980861682
34 25.7561408735
37 15.4137972605
42 2.0701269096
90 79.1567041223
evaluations raw_y
1 14.2014731530
31 6.2651876753
90 129.9073135278
evaluations raw_y
1 94.8467897648
2 8.4048859459
41 2.8478833919
80 1.0855501899
90 203.5513155027
evaluations raw_y
1 154.7061585280
3 30.5809217697
14 14.2700040759
90 71.4488131002
evaluations raw_y
1 108.6402642895
2 56.0587403599
3 45.1305117684
4 20.2970411596
31 16.0103225970
33 7.5345085194
90 201.5775940446
evaluations raw_y
1 131.6869563436
3 74.5948318793
7 33.4588251615
14 29.4547187847
15 18.9897813855
17 10.2300471495
90 218.2861733094
evaluations raw_y
1 61.6145379022
3 46.9486363015
7 6.4476435219
90 147.9367820734
evaluations raw_y
1 15.6735637218
6 12.9670930715
54 11.4446548327
90 89.7645814899
evaluations raw_y
1 69.6501230636
3 28.2947788263
10 25.6702511263
15 4.1749617441
90 64.5994319262
evaluations raw_y
1 128.3679900904
2 102.3583757675
3 77.5714551658
5 19.3958677587
25 19.3832540609
29 8.1390532579
90 93.1926943187
evaluations raw_y
1 19.3380948434
5 5.3732354263
90 12.2844642335
evaluations raw_y
1 95.1873104779
2 53.8850179716
8 24.9074085676
13 4.8323118695
90 55.4826447826
evaluations raw_y
1 148.4394822550
2 48.7616327491
6 10.4743877672
44 4.5755353230
90 71.2624540434
evaluations raw_y
1 22.8058530326
5 16.9392152889
16 3.0649262717
49 1.8255988077
90 157.2777277808
evaluations raw_y
1 90.4409963650
2 40.3926001218
7 28.0782387307
15 20.0420296990
20 12.6261816415
71 9.1835952565
90 123.4539424950
evaluations raw_y
1 88.4849655121
2 74.3548436510
4 65.0681330258
7 8.5478124833
90 114.2468635183
evaluations raw_y
1 101.0605644742
2 51.3438068642
5 38.8033108146
7 12.6558657277
45 7.6713924689
90 91.5363215142
evaluations raw_y
1 105.0173461277
5 71.2737902960
8 9.0261956675
25 6.1928045661
37 4.3902382030
90 165.1836591401
evaluations raw_y
1 25.5777921068
26 23.1829080075
33 15.8672602354
35 13.9009297526
87 12.7011826348
90 27.0563480462
evaluations raw_y
1 74.6687264352
3 41.5851758792
4 25.8846356824
14 19.2947257720
27 14.6353697933
33 5.0558686073
61 2.9569570137
90 6.5803475745
evaluations raw_y
1 39.7698538241
9 16.5755847274
79 10.3989395652
90 67.0494366018
evaluations raw_y
1 99.9212178001
2 96.0939080719
3 22.1458671188
36 10.8994770650
43 8.6862857077
66 1.4935918658
90 145.0207626874
evaluations raw_y
1 27.5206998396
6 25.4009837631
7 10.4619279831
90 3.5005943296
evaluations raw_y
1 144.1349351521
2 118.3591456147
3 55.1799052397
8 37.1035540824
11 18.1424236172
12 17.4463993549
55 8.9732960870
90 8.9736128841
evaluations raw_y
1 34.0333005590
6 28.6047887473
9 22.5685035642
18 19.8341242194
44 12.1862604985
57 1.6639202505
90 62.6166772607
evaluations raw_y
1 77.7132709205
3 63.3925652975
4 53.1145035803
10 28.3081831949
31 21.8832114488
57 13.9684330245
90 110.4086448572
evaluations raw_y
1 103.5542369921
2 67.4352989948
9 29.1473442059
13 28.4751398486
17 11.9504549835
22 3.1982435229
90 143.9196944459
evaluations raw_y
1 117.2870744600
2 66.4077355194
5 46.0459984674
7 37.2972350901
8 29.5052206313
22 8.8569512378
25 6.2684516948
90 178.2315912728
evaluations raw_y
1 52.9829472734
2 51.0513036321
12 47.9313158299
20 36.0977022005
25 26.1585695616
28 11.2909238591
45 5.1395849168
90 144.7403328768
evaluations raw_y
1 20.4938098162
15 9.4457040995
57 3.1314562045
90 124.0637801678
evaluations raw_y
1 74.0393759794
2 50.3502920252
5 5.9875146798
15 4.3606409569
28 1.4354143458
90 41.0073773093
evaluations raw_y
1 81.9949668622
3 29.0504517812
5 19.1429463358
12 17.7196100954
22 9.3222760338
44 1.9395919149
90 161.2399180010
evaluations raw_y
1 104.4194126955
2 69.9977944633
3 51.8927025265
8 30.5669349530
11 13.1648273072
28 11.4270019654
30 3.6608100493
90 94.4026191140
evaluations raw_y
1 114.7666806658
2 67.0726645925
3 39.5531839851
7 17.4384909925
21 16.6465037574
27 16.3996179906
56 8.8707519868
90 142.4292238594
evaluations raw_y
1 26.8070555952
9 20.9059102908
15 4.5208311435
90 19.1786144438
evaluations raw_y
1 56.7788224913
8 39.3274861647
31 8.1628340698
68 8.0753246234
90 115.9999105238
evaluations raw_y
1 90.4201979480
5 60.5325946135
8 50.8506461197
13 38.3683065673
18 1.6792937052
90 26.5363318648
evaluations raw_y
1 48.8827794051
10 46.5992218916
15 35.8006043213
26 32.1572015608
32 21.6543051046
50 20.1230900177
51 10.3803848198
90 56.5464729457
evaluations raw_y
1 40.6823895840
10 19.4541012847
19 6.0965032207
90 92.4853920309
evaluations raw_y
1 38.5144586987
4 19.1250132425
38 16.0996192093
65 2.3465868336
66 0.9023125853
90 206.5478856221
evaluations raw_y
1 276.7451103952
2 134.6551762061
4 40.7722913833
10 10.8783413152
85 10.4904437599
90 138.6314471144
evaluations raw_y
1 198.5176382466
2 63.5785161579
6 31.8455042539
7 13.9729982172
65 5.1120611127
90 105.7079288590
evaluations raw_y
1 22.3947983636
13 5.7336259369
90 53.1772561987
evaluations raw_y
1 44.1008878512
4 31.4581481897
21 13.8766507779
36 12.6040662532
51 9.6530158232
85 7.2751772583
90 148.4250413925
