evaluations raw_y
1 0.9208552997
16 0.6451624647
19 0.1590270280
60 0.7470840931
evaluations raw_y
1 0.9208552997
16 0.6451624647
19 0.1590270280
60 0.7470840931
evaluations raw_y
1 0.9208552997
16 0.6451624647
19 0.1590270280
60 0.7470840931
evaluations raw_y
1 0.9208552997
16 0.6451624647
19 0.1590270280
60 0.7470840931
evaluations raw_y
1 0.9208552997
16 0.6451624647
19 0.1590270280
60 0.7470840931
evaluations raw_y
1 25.0905623447
2 17.2686590894
6 0.6495702629
25 0.2307402103
60 0.5361050274
evaluations raw_y
1 25.0905623447
2 17.2686590894
6 0.6495702629
25 0.2307402103
60 0.5361050274
evaluations raw_y
1 25.0905623447
2 17.2686590894
6 0.6495702629
25 0.2307402103
60 0.5361050274
evaluations raw_y
1 25.0905623447
2 17.2686590894
6 0.6495702629
25 0.2307402103
60 0.5361050274
evaluations raw_y
1 25.0905623447
2 17.2686590894
6 0.6495702629
25 0.2307402103
60 0.5361050274
evaluations raw_y
1 22.8308327084
2 4.4966524782
6 3.1628478434
15 2.9153176643
17 2.7628553004
19 0.3628880722
38 0.2086531179
39 0.0816020452
51 0.0474712938
60 2.9650539276
evaluations raw_y
1 22.8308327084
2 4.4966524782
6 3.1628478434
15 2.9153176643
17 2.7628553004
19 0.3628880722
38 0.2086531179
39 0.0816020452
51 0.0474712938
60 2.9650539276
evaluations raw_y
1 22.8308327084
2 4.4966524782
6 3.1628478434
15 2.9153176643
17 2.7628553004
19 0.3628880722
38 0.2086531179
39 0.0816020452
51 0.0474712938
60 2.9650539276
evaluations raw_y
1 22.8308327084
2 4.4966524782
6 3.1628478434
15 2.9153176643
17 2.7628553004
19 0.3628880722
38 0.2086531179
39 0.0816020452
51 0.0474712938
60 2.9650539276
evaluations raw_y
1 22.8308327084
2 4.4966524782
6 3.1628478434
15 2.9153176643
17 2.7628553004
19 0.3628880722
38 0.2086531179
39 0.0816020452
51 0.0474712938
60 2.9650539276
evaluations raw_y
1 131.9387786809
2 16.2465977448
5 3.5708087866
18 0.3731107848
33 0.0824611644
60 1.4962995370
evaluations raw_y
1 131.9387786809
2 16.2465977448
5 3.5708087866
18 0.3731107848
33 0.0824611644
60 1.4962995370
evaluations raw_y
1 131.9387786809
2 16.2465977448
5 3.5708087866
18 0.3731107848
33 0.0824611644
60 1.4962995370
evaluations raw_y
1 131.9387786809
2 16.2465977448
5 3.5708087866
18 0.3731107848
33 0.0824611644
60 1.4962995370
evaluations raw_y
1 131.9387786809
2 16.2465977448
5 3.5708087866
18 0.3731107848
33 0.0824611644
60 1.4962995370
evaluations raw_y
1 158.9975579354
2 0.7237420755
35 0.4131575001
37 0.2576424291
39 0.2337460876
50 0.1713114970
60 5.2550490848
evaluations raw_y
1 158.9975579354
2 0.7237420755
35 0.4131575001
37 0.2576424291
39 0.2337460876
50 0.1713114970
60 5.2550490848
evaluations raw_y
1 158.9975579354
2 0.7237420755
35 0.4131575001
37 0.2576424291
39 0.2337460876
50 0.1713114970
60 5.2550490848
evaluations raw_y
1 158.9975579354
2 0.7237420755
35 0.4131575001
37 0.2576424291
39 0.2337460876
50 0.1713114970
60 5.2550490848
evaluations raw_y
1 158.9975579354
2 0.7237420755
35 0.4131575001
37 0.2576424291
39 0.2337460876
50 0.1713114970
60 5.2550490848
evaluations raw_y
1 350.0723849020
2 29.6238028687
3 3.4080680492
4 2.4889903566
14 1.1389514348
18 0.3282199753
32 0.0426605843
60 0.5902776464
evaluations raw_y
1 350.0723849020
2 29.6238028687
3 3.4080680492
4 2.4889903566
14 1.1389514348
18 0.3282199753
32 0.0426605843
60 0.5902776464
evaluations raw_y
1 350.0723849020
2 29.6238028687
3 3.4080680492
4 2.4889903566
14 1.1389514348
18 0.3282199753
32 0.0426605843
60 0.5902776464
evaluations raw_y
1 350.0723849020
2 29.6238028687
3 3.4080680492
4 2.4889903566
14 1.1389514348
18 0.3282199753
32 0.0426605843
60 0.5902776464
evaluations raw_y
1 350.0723849020
2 29.6238028687
3 3.4080680492
4 2.4889903566
14 1.1389514348
18 0.3282199753
32 0.0426605843
60 0.5902776464
evaluations raw_y
1 6.4867315216
3 4.2648198206
5 0.6518162279
23 0.5626464749
36 0.4260249635
39 0.4026853099
41 0.0443533013
60 5.1684162551
evaluations raw_y
1 6.4867315216
3 4.2648198206
5 0.6518162279
23 0.5626464749
36 0.4260249635
39 0.4026853099
41 0.0443533013
60 5.1684162551
evaluations raw_y
1 6.4867315216
3 4.2648198206
5 0.6518162279
23 0.5626464749
36 0.4260249635
39 0.4026853099
41 0.0443533013
60 5.1684162551
evaluations raw_y
1 6.4867315216
3 4.2648198206
5 0.6518162279
23 0.5626464749
36 0.4260249635
39 0.4026853099
41 0.0443533013
60 5.1684162551
evaluations raw_y
1 6.4867315216
3 4.2648198206
5 0.6518162279
23 0.5626464749
36 0.4260249635
39 0.4026853099
41 0.0443533013
60 5.1684162551
evaluations raw_y
1 5.7564167317
6 2.7125990602
13 1.0403438593
20 0.9982334471
21 0.7091613053
29 0.5448778032
32 0.0815142647
60 0.2449236657
evaluations raw_y
1 5.7564167317
6 2.7125990602
13 1.0403438593
20 0.9982334471
21 0.7091613053
29 0.5448778032
32 0.0815142647
60 0.2449236657
evaluations raw_y
1 5.7564167317
6 2.7125990602
13 1.0403438593
20 0.9982334471
21 0.7091613053
29 0.5448778032
32 0.0815142647
60 0.2449236657
evaluations raw_y
1 5.7564167317
6 2.7125990602
13 1.0403438593
20 0.9982334471
21 0.7091613053
29 0.5448778032
32 0.0815142647
60 0.2449236657
evaluations raw_y
1 5.7564167317
6 2.7125990602
13 1.0403438593
20 0.9982334471
21 0.7091613053
29 0.5448778032
32 0.0815142647
60 0.2449236657
evaluations raw_y
1 104.3212943954
2 19.6597350211
3 3.2287307572
16 1.9056610211
22 0.6589142612
41 0.2052197944
46 0.1845593024
60 0.1830927523
evaluations raw_y
1 104.3212943954
2 19.6597350211
3 3.2287307572
16 1.9056610211
22 0.6589142612
41 0.2052197944
46 0.1845593024
60 0.1830927523
evaluations raw_y
1 104.3212943954
2 19.6597350211
3 3.2287307572
16 1.9056610211
22 0.6589142612
41 0.2052197944
46 0.1845593024
60 0.1830927523
evaluations raw_y
1 104.3212943954
2 19.6597350211
3 3.2287307572
16 1.9056610211
22 0.6589142612
41 0.2052197944
46 0.1845593024
60 0.1830927523
evaluations raw_y
1 104.3212943954
2 19.6597350211
3 3.2287307572
16 1.9056610211
22 0.6589142612
41 0.2052197944
46 0.1845593024
60 0.1830927523
evaluations raw_y
1 5.9003280551
9 0.5391586013
14 0.4941658282
50 0.4465230430
53 0.2914901819
60 0.2676001020
evaluations raw_y
1 5.9003280551
9 0.5391586013
14 0.4941658282
50 0.4465230430
53 0.2914901819
60 0.2676001020
evaluations raw_y
1 5.9003280551
9 0.5391586013
14 0.4941658282
50 0.4465230430
53 0.2914901819
60 0.2676001020
evaluations raw_y
1 5.9003280551
9 0.5391586013
14 0.4941658282
50 0.4465230430
53 0.2914901819
60 0.2676001020
evaluations raw_y
1 5.9003280551
9 0.5391586013
14 0.4941658282
50 0.4465230430
53 0.2914901819
60 0.2676001020
evaluations raw_y
1 4.6176678633
2 4.1414223645
5 2.3691950984
8 2.2003525400
21 1.4068230942
24 0.9392385047
39 0.7907675151
40 0.6757383448
42 0.3087516847
44 0.0953146915
60 1.1665382179
evaluations raw_y
1 4.6176678633
2 4.1414223645
5 2.3691950984
8 2.2003525400
21 1.4068230942
24 0.9392385047
39 0.7907675151
40 0.6757383448
42 0.3087516847
44 0.0953146915
60 1.1665382179
evaluations raw_y
1 4.6176678633
2 4.1414223645
5 2.3691950984
8 2.2003525400
21 1.4068230942
24 0.9392385047
39 0.7907675151
40 0.6757383448
42 0.3087516847
44 0.0953146915
60 1.1665382179
evaluations raw_y
1 4.6176678633
2 4.1414223645
5 2.3691950984
8 2.2003525400
21 1.4068230942
24 0.9392385047
39 0.7907675151
40 0.6757383448
42 0.3087516847
44 0.0953146915
60 1.1665382179
evaluations raw_y
1 4.6176678633
2 4.1414223645
5 2.3691950984
8 2.2003525400
21 1.4068230942
24 0.9392385047
39 0.7907675151
40 0.6757383448
42 0.3087516847
44 0.0953146915
60 1.1665382179
evaluations raw_y
1 12.6933846926
2 6.3349725774
3 3.7109244935
5 1.4753566498
24 0.2842549454
31 0.0399952878
60 0.6877006746
evaluations raw_y
1 12.6933846926
2 6.3349725774
3 3.7109244935
5 1.4753566498
24 0.2842549454
31 0.0399952878
60 0.6877006746
evaluations raw_y
1 12.6933846926
2 6.3349725774
3 3.7109244935
5 1.4753566498
24 0.2842549454
31 0.0399952878
60 0.6877006746
evaluations raw_y
1 12.6933846926
2 6.3349725774
3 3.7109244935
5 1.4753566498
24 0.2842549454
31 0.0399952878
60 0.6877006746
evaluations raw_y
1 12.6933846926
2 6.3349725774
3 3.7109244935
5 1.4753566498
24 0.2842549454
31 0.0399952878
60 0.6877006746
evaluations raw_y
1 26.9591909538
5 25.3288872697
9 5.3932236409
10 1.9221638093
22 1.0099138339
24 0.4025022757
29 0.3879195822
30 0.0724979772
48 0.0574452443
58 0.0499619217
60 0.6751998096
evaluations raw_y
1 26.9591909538
5 25.3288872697
9 5.3932236409
10 1.9221638093
22 1.0099138339
24 0.4025022757
29 0.3879195822
30 0.0724979772
48 0.0574452443
58 0.0499619217
60 0.6751998096
evaluations raw_y
1 26.9591909538
5 25.3288872697
9 5.3932236409
10 1.9221638093
22 1.0099138339
24 0.4025022757
29 0.3879195822
30 0.0724979772
48 0.0574452443
58 0.0499619217
60 0.6751998096
evaluations raw_y
1 26.9591909538
5 25.3288872697
9 5.3932236409
10 1.9221638093
22 1.0099138339
24 0.4025022757
29 0.3879195822
30 0.0724979772
48 0.0574452443
58 0.0499619217
60 0.6751998096
evaluations raw_y
1 26.9591909538
5 25.3288872697
9 5.3932236409
10 1.9221638093
22 1.0099138339
24 0.4025022757
29 0.3879195822
30 0.0724979772
48 0.0574452443
58 0.0499619217
60 0.6751998096
evaluations raw_y
1 0.5576764346
29 0.4059534808
60 1.1585303869
evaluations raw_y
1 0.5576764346
29 0.4059534808
60 1.1585303869
evaluations raw_y
1 0.5576764346
29 0.4059534808
60 1.1585303869
evaluations raw_y
1 0.5576764346
29 0.4059534808
60 1.1585303869
evaluations raw_y
1 0.5576764346
29 0.4059534808
60 1.1585303869
