evaluations raw_y
1 43.9641209679
5 34.2006799499
22 26.9490929759
23 20.7069168120
27 10.3720784426
31 5.7299934224
33 1.8431524640
34 0.7886305067
37 0.3249693597
38 0.0000000000
42 13.1612603434
evaluations raw_y
1 71.7585542281
2 26.8218115779
11 4.5149699496
17 4.4037838800
19 0.0000000000
24 2.4723553944
evaluations raw_y
1 59.1753554507
2 30.5860777125
7 17.3075825372
12 12.1788712868
14 2.2666511555
19 0.0000000000
24 2.8318327643
evaluations raw_y
1 54.7742215385
3 52.4696122484
4 47.5028324042
5 15.3586612626
8 9.2079950575
10 3.6857902220
20 1.1570808315
22 0.0000000000
24 4.8590567642
evaluations raw_y
1 40.2256818362
2 36.2529029047
8 20.6897326107
13 8.3214403857
19 2.0261619966
25 1.4212716224
26 0.0550989972
31 0.0000000000
36 1.1214794406
evaluations raw_y
1 35.5697927508
7 31.9963361642
10 14.1683882092
13 0.5664944047
25 0.0000000000
30 3.2972123480
evaluations raw_y
1 59.6702994314
2 35.6676316561
7 22.3219692314
12 17.1576739218
14 4.6786957501
20 4.1191571443
29 2.7590117199
31 0.0000000000
36 5.2449316741
evaluations raw_y
1 56.3904907763
2 35.3926633712
4 32.7364555987
7 7.3225301384
17 7.2944526206
22 5.9820627669
25 4.5480019969
27 3.6975751661
28 2.9070395948
31 0.0000000000
36 2.9719185663
evaluations raw_y
1 29.3997401652
7 11.8031216255
11 7.0399195629
16 4.7701274635
17 2.0644818643
23 0.6437341790
27 0.0000000000
30 32.4751850137
evaluations raw_y
1 51.3047809948
2 50.8180523148
7 29.9136320502
15 22.9169932687
22 21.2517979778
23 6.7003457735
27 5.9550459737
29 4.0988668753
43 2.7390678751
45 0.9602489681
49 0.0000000000
54 0.8920771718
evaluations raw_y
1 50.8246445493
4 22.7815467040
9 8.7167563720
13 6.2472356405
15 2.4271565803
16 0.2306917872
27 0.1812545261
28 0.0000000000
30 0.0000000000
evaluations raw_y
1 54.4708532480
2 34.9206315490
4 27.8074626472
7 2.6774698616
12 0.0000000000
evaluations raw_y
1 69.7496802657
2 55.6779578649
3 51.3639029044
4 44.9599844634
7 42.6061305510
8 31.3511180717
9 23.4056548797
14 9.5853861758
15 4.8162383811
30 1.8088144152
34 0.9675359068
39 0.0000000000
42 4.6402719263
evaluations raw_y
1 37.6541170516
8 5.9143447862
13 2.5030187660
24 1.4649543335
26 0.6887322671
30 0.0000000000
evaluations raw_y
1 80.1352536753
2 75.5419502274
3 49.5328743700
4 26.6147599262
12 24.4842170853
13 13.9204694769
16 8.5103607412
19 7.1025775232
26 4.5096407533
31 0.0000000000
36 3.3358702242
evaluations raw_y
1 55.2257784615
2 32.8971339095
7 18.3479159989
12 14.4780003974
13 12.9936740365
14 4.7600607368
19 1.3475793745
21 0.7667935754
28 0.2756624141
30 0.0000000000
evaluations raw_y
1 33.2159821817
7 12.5851977182
11 2.9600804371
18 1.8862845354
19 0.1389241236
20 0.0000000000
24 0.0000000000
evaluations raw_y
1 37.6541170516
8 5.9143447862
13 2.5030187660
24 1.4649543335
26 0.6887322671
30 0.0000000000
evaluations raw_y
1 81.8493962310
3 38.6133033633
7 27.3229825289
10 22.8828884962
14 6.6134849355
18 5.3369935165
21 1.3485193090
27 1.1278308475
31 0.0000000000
36 0.0000000000
evaluations raw_y
1 40.5436872713
3 36.0606107922
8 9.1606697272
13 8.9232183252
14 7.8761619259
17 4.9963176410
22 2.4362213547
27 0.3446933872
37 0.0000000000
42 6.4486538880
evaluations raw_y
1 40.2256818362
2 36.2529029047
8 20.6897326107
13 8.3214403857
19 2.0261619966
25 1.4212716224
26 0.0550989972
31 0.0000000000
36 1.1214794406
evaluations raw_y
1 62.7302341107
2 60.0215785702
4 40.6121703580
9 24.0514172934
17 19.6680677322
22 3.4450860960
23 0.6786566463
35 0.0000000000
36 3.2141752709
evaluations raw_y
1 29.8647463247
6 11.6133178978
7 3.3057685742
8 3.2652480810
10 1.1668905442
13 0.0000000000
18 4.7056766616
evaluations raw_y
1 69.4563127287
2 65.0454191686
4 62.7715770802
6 40.2312356955
11 12.7924325870
22 12.5769455432
23 2.9292918872
36 2.1763274508
37 0.0000000000
42 28.2488505873
evaluations raw_y
1 42.1844867015
2 27.4199439512
6 26.4373218718
8 11.0667793340
12 9.2158540842
14 7.4383974560
20 5.5337055537
21 0.7226269303
25 0.0000000000
30 72.4757237285
evaluations raw_y
1 55.5291467520
3 33.1778535755
6 26.2973685603
11 7.9212312091
16 7.6680162125
17 6.2387881534
22 3.8251500468
25 3.3267282495
27 2.4214544498
38 1.3415980277
45 0.0000000000
48 2.5203400922
evaluations raw_y
1 72.3458829484
2 32.8018732256
4 22.8505485591
7 4.8299909474
10 3.4749075210
21 0.0000000000
24 6.3203237510
evaluations raw_y
1 5.5610309405
9 4.0796755226
12 0.0000000000
evaluations raw_y
1 29.1869661861
4 24.3036026283
8 7.6440916661
13 6.4919221891
14 2.8341985760
19 2.7590803460
20 1.3078384845
23 0.0000000000
24 0.0000000000
evaluations raw_y
1 16.4446826738
7 3.2218492361
10 3.0556670819
13 2.1292037357
14 1.3030376520
15 0.0000000000
18 11.8452640099
evaluations raw_y
1 41.9821806046
8 23.8912622808
13 7.4564212806
14 2.0208431651
20 1.4549805565
27 0.8594487990
35 0.5078297335
42 0.0000000000
evaluations raw_y
1 34.8130728823
6 9.0404931393
10 8.4994844537
13 6.1833099566
17 5.2887044904
18 4.6966366560
19 0.0000000000
24 8.4164324346
evaluations raw_y
1 42.0241322480
2 32.5741373588
8 7.1049786607
16 4.2867280348
22 3.0070582105
29 2.4016741815
30 0.1909135839
38 0.0000000000
42 2.0954829706
evaluations raw_y
1 54.5061341849
2 47.7099569006
7 29.9601280461
13 0.4819664782
26 0.0000000000
30 0.0000000000
evaluations raw_y
1 59.1685581590
3 44.9332980292
7 30.4411618196
13 12.2198973543
16 4.3772255989
19 2.7599963341
25 1.9172258754
27 0.0000000000
30 16.7601472668
evaluations raw_y
1 80.6002598348
2 71.0588173810
4 48.9061784687
5 19.6310610972
10 2.3444246120
13 0.0000000000
18 20.4206387338
evaluations raw_y
1 30.4918081925
2 23.7832347538
8 0.0000000000
12 6.3233009262
evaluations raw_y
1 23.8838673023
8 3.6982992227
13 2.2196812200
18 1.9471199600
20 1.7294953193
23 1.0622741740
25 0.0000000000
30 0.3076342377
evaluations raw_y
1 104.2968050882
2 26.3772824410
11 4.3770189111
19 4.0391670928
28 0.0000000000
30 4.6776951980
evaluations raw_y
1 34.8553317713
3 33.5122087091
9 0.9407612796
15 0.0000000000
18 17.6283109356
evaluations raw_y
1 69.7496802657
2 55.6779578649
3 51.3639029044
4 44.9599844634
7 42.6061305510
8 31.3511180717
9 23.4056548797
14 9.5853861758
15 4.8162383811
30 1.8088144152
34 0.9675359068
39 0.0000000000
42 4.6402719263
evaluations raw_y
1 121.7426279755
2 20.4537673044
8 9.2238953750
10 7.5490192338
17 2.9933502764
20 1.2546885019
25 0.0000000000
30 2.6628138384
evaluations raw_y
1 74.7185717265
2 72.7249274210
3 71.7380104041
6 62.6026964492
7 40.9542014571
8 33.6818552544
14 2.2240981184
19 1.6450097085
23 0.8613766670
25 0.0000000000
30 2.0357694933
evaluations raw_y
1 82.7421561109
2 60.4850672640
3 55.1793341857
7 49.8633833728
11 36.3694498524
13 29.6897298465
22 5.0698470994
26 4.7006379100
28 4.4125760071
30 4.1540015268
33 1.7519531340
39 0.0837384781
42 0.0000000000
evaluations raw_y
1 39.0138537738
2 11.5857278858
8 0.0000000000
12 9.1112494565
evaluations raw_y
1 62.7302341107
2 60.0215785702
4 40.6121703580
9 24.0514172934
17 19.6680677322
22 3.4450860960
23 0.6786566463
35 0.0000000000
36 3.2141752709
evaluations raw_y
1 69.4563127287
2 65.0454191686
4 62.7715770802
6 40.2312356955
11 12.7924325870
22 12.5769455432
23 2.9292918872
36 2.1763274508
37 0.0000000000
42 28.2488505873
evaluations raw_y
1 16.4446826738
7 3.2218492361
10 3.0556670819
13 2.1292037357
14 1.3030376520
15 0.0000000000
18 11.8452640099
evaluations raw_y
1 33.1714446624
9 7.0736104253
14 3.0427239813
16 2.6204100035
21 2.3924999774
22 0.0000000000
24 19.1256738226
evaluations raw_y
1 47.7274467720
2 46.0576641508
4 40.9982041762
7 27.9220578522
10 21.6939337085
11 4.4917472079
26 1.4929751479
33 0.6138685546
37 0.0000000000
42 3.0855153065
evaluations raw_y
1 60.8431781720
3 18.3354418658
8 5.4084606269
10 3.3145276917
14 1.9053309827
15 0.0000000000
18 31.2400227380
evaluations raw_y
1 58.2190165816
2 50.9234435351
6 19.3664086480
10 2.9277492771
13 2.1548539729
15 0.5072076450
18 0.0000000000
evaluations raw_y
1 32.0439335211
10 20.6785368246
15 6.7383878830
27 5.0531506979
29 4.6842155632
34 3.1687572270
38 2.1859175988
46 1.9510550284
47 0.9908176020
51 0.4352398308
54 4.3767250781
evaluations raw_y
1 36.8205568731
2 28.7759366727
4 20.5225704693
7 7.1807046277
8 4.7466948846
15 1.3565040834
26 0.0000000000
30 3.5171969968
evaluations raw_y
1 40.3892372994
2 32.2706788869
7 26.8250774010
8 13.0582634075
9 3.3175936893
17 1.6662338902
19 0.8543816850
21 0.0000000000
24 2.0835834152
evaluations raw_y
1 37.6541170516
8 5.9143447862
13 2.5030187660
24 1.4649543335
26 0.6887322671
30 0.0000000000
evaluations raw_y
1 80.8130338139
2 24.5867853903
7 3.9561385198
31 3.8310501668
34 3.3818720824
35 0.5300682864
38 0.1241269951
41 0.0000000000
42 0.0893658241
evaluations raw_y
1 82.7421561109
2 60.4850672640
3 55.1793341857
7 49.8633833728
11 36.3694498524
13 29.6897298465
22 5.0698470994
26 4.7006379100
28 4.4125760071
30 4.1540015268
33 1.7519531340
39 0.0837384781
42 0.0000000000
evaluations raw_y
1 67.0014383879
3 55.1761409465
5 18.0252734381
10 0.0000000000
12 37.9262249971
evaluations raw_y
1 51.2447801426
5 24.9206390923
8 18.4519763479
10 2.5644016428
12 0.0000000000
evaluations raw_y
1 68.4282277719
2 35.7737439476
3 24.0933666966
6 11.7935972030
8 2.1131553780
16 0.0000000000
18 7.2177730953
evaluations raw_y
1 35.6081886811
8 24.9638160351
9 7.7560230616
12 0.8974333544
17 0.0000000000
18 3.7722507874
evaluations raw_y
1 41.0832254985
7 40.5833771068
8 31.4563824419
9 20.9524265894
10 11.9453716236
15 2.8179096651
16 2.4729493295
22 2.2919224852
23 0.0000000000
24 0.0000000000
evaluations raw_y
1 79.3234300429
2 67.5953954133
3 46.8116755615
6 40.0421857829
9 35.2932147653
13 35.2564474345
18 29.0420565849
19 27.0096672107
24 17.9507305072
28 3.8733376281
34 2.7768668514
49 0.7243746119
54 20.2810725252
evaluations raw_y
1 34.7963716947
14 31.1959898038
15 14.6067388642
19 4.1988767052
25 3.3015002564
30 2.0415189103
33 2.0341660530
36 0.0000000000
evaluations raw_y
1 35.6261688498
6 7.4947078163
10 1.5005155463
14 0.0000000000
18 5.0085320323
evaluations raw_y
1 55.2389506358
2 46.7292498592
7 32.6369201913
13 9.0530132093
19 8.1722929681
23 5.8636787997
27 2.6895959161
32 0.0000000000
36 8.1008966382
evaluations raw_y
1 29.9604216635
8 8.6277021098
13 0.0000000000
18 0.0000000000
evaluations raw_y
1 24.6309947717
9 5.7191191771
18 4.8517530999
22 4.6504222426
23 3.0503647048
25 1.1131131295
28 0.0000000000
30 5.4647551238
evaluations raw_y
1 44.4777326760
5 41.8357915334
8 15.4711162233
11 1.3493277119
14 0.0000000000
18 6.7970527208
