evaluations raw_y
1 31.8680294084
6 14.3076619156
90 96.8141185691
evaluations raw_y
1 31.8680294084
6 14.3076619156
90 96.8141185691
evaluations raw_y
1 31.8680294084
6 14.3076619156
90 96.8141185691
evaluations raw_y
1 31.8680294084
6 14.3076619156
90 96.8141185691
evaluations raw_y
1 31.8680294084
6 14.3076619156
90 96.8141185691
evaluations raw_y
1 113.8825738907
2 76.4304224802
3 46.4586239917
8 36.5786208405
12 14.0468104545
33 13.8471845274
90 112.7245143286
evaluations raw_y
1 113.8825738907
2 76.4304224802
3 46.4586239917
8 36.5786208405
12 14.0468104545
33 13.8471845274
90 112.7245143286
evaluations raw_y
1 113.8825738907
2 76.4304224802
3 46.4586239917
8 36.5786208405
12 14.0468104545
33 13.8471845274
90 112.7245143286
evaluations raw_y
1 113.8825738907
2 76.4304224802
3 46.4586239917
8 36.5786208405
12 14.0468104545
33 13.8471845274
90 112.7245143286
evaluations raw_y
1 113.8825738907
2 76.4304224802
3 46.4586239917
8 36.5786208405
12 14.0468104545
33 13.8471845274
90 112.7245143286
evaluations raw_y
1 136.2328393459
2 44.8547542035
8 30.4944893455
14 18.1194181013
31 9.7744097744
90 31.9486449615
evaluations raw_y
1 136.2328393459
2 44.8547542035
8 30.4944893455
14 18.1194181013
31 9.7744097744
90 31.9486449615
evaluations raw_y
1 136.2328393459
2 44.8547542035
8 30.4944893455
14 18.1194181013
31 9.7744097744
90 31.9486449615
evaluations raw_y
1 136.2328393459
2 44.8547542035
8 30.4944893455
14 18.1194181013
31 9.7744097744
90 31.9486449615
evaluations raw_y
1 136.2328393459
2 44.8547542035
8 30.4944893455
14 18.1194181013
31 9.7744097744
90 31.9486449615
evaluations raw_y
1 13.4603913831
26 8.6129788306
31 8.1543264203
90 21.6635861614
evaluations raw_y
1 13.4603913831
26 8.6129788306
31 8.1543264203
90 21.6635861614
evaluations raw_y
1 13.4603913831
26 8.6129788306
31 8.1543264203
90 21.6635861614
evaluations raw_y
1 13.4603913831
26 8.6129788306
31 8.1543264203
90 21.6635861614
evaluations raw_y
1 13.4603913831
26 8.6129788306
31 8.1543264203
90 21.6635861614
evaluations raw_y
1 200.4348755435
2 117.0443981084
4 75.5973061899
6 70.3921078011
7 69.3245770635
8 43.2372027388
9 30.1121066678
10 27.5562790828
18 18.0541379561
19 16.5379891207
35 9.2271679658
90 129.3466447032
evaluations raw_y
1 200.4348755435
2 117.0443981084
4 75.5973061899
6 70.3921078011
7 69.3245770635
8 43.2372027388
9 30.1121066678
10 27.5562790828
18 18.0541379561
19 16.5379891207
35 9.2271679658
90 129.3466447032
evaluations raw_y
1 200.4348755435
2 117.0443981084
4 75.5973061899
6 70.3921078011
7 69.3245770635
8 43.2372027388
9 30.1121066678
10 27.5562790828
18 18.0541379561
19 16.5379891207
35 9.2271679658
90 129.3466447032
evaluations raw_y
1 200.4348755435
2 117.0443981084
4 75.5973061899
6 70.3921078011
7 69.3245770635
8 43.2372027388
9 30.1121066678
10 27.5562790828
18 18.0541379561
19 16.5379891207
35 9.2271679658
90 129.3466447032
evaluations raw_y
1 200.4348755435
2 117.0443981084
4 75.5973061899
6 70.3921078011
7 69.3245770635
8 43.2372027388
9 30.1121066678
10 27.5562790828
18 18.0541379561
19 16.5379891207
35 9.2271679658
90 129.3466447032
evaluations raw_y
1 285.6530486136
2 1.6386285805
90 206.8537157019
evaluations raw_y
1 285.6530486136
2 1.6386285805
90 206.8537157019
evaluations raw_y
1 285.6530486136
2 1.6386285805
90 206.8537157019
evaluations raw_y
1 285.6530486136
2 1.6386285805
90 206.8537157019
evaluations raw_y
1 285.6530486136
2 1.6386285805
90 206.8537157019
evaluations raw_y
1 43.7749212409
5 34.7150496531
17 27.8798419265
20 20.8849288762
23 16.2334471390
62 3.0011583329
90 75.9721993461
evaluations raw_y
1 43.7749212409
5 34.7150496531
17 27.8798419265
20 20.8849288762
23 16.2334471390
62 3.0011583329
90 75.9721993461
evaluations raw_y
1 43.7749212409
5 34.7150496531
17 27.8798419265
20 20.8849288762
23 16.2334471390
62 3.0011583329
90 75.9721993461
evaluations raw_y
1 43.7749212409
5 34.7150496531
17 27.8798419265
20 20.8849288762
23 16.2334471390
62 3.0011583329
90 75.9721993461
evaluations raw_y
1 43.7749212409
5 34.7150496531
17 27.8798419265
20 20.8849288762
23 16.2334471390
62 3.0011583329
90 75.9721993461
evaluations raw_y
1 360.0085218947
2 90.1872178984
3 21.5047516118
8 8.8981577680
24 2.9158102857
87 0.0280171285
90 7.4044687033
evaluations raw_y
1 360.0085218947
2 90.1872178984
3 21.5047516118
8 8.8981577680
24 2.9158102857
87 0.0280171285
90 7.4044687033
evaluations raw_y
1 360.0085218947
2 90.1872178984
3 21.5047516118
8 8.8981577680
24 2.9158102857
87 0.0280171285
90 7.4044687033
evaluations raw_y
1 360.0085218947
2 90.1872178984
3 21.5047516118
8 8.8981577680
24 2.9158102857
87 0.0280171285
90 7.4044687033
evaluations raw_y
1 360.0085218947
2 90.1872178984
3 21.5047516118
8 8.8981577680
24 2.9158102857
87 0.0280171285
90 7.4044687033
evaluations raw_y
1 139.3884623102
2 88.7363186971
5 65.0555326906
7 48.7381789855
9 32.6934299959
18 32.6766397209
20 19.0142415654
31 6.9795342687
38 5.6104437477
90 81.5912812712
evaluations raw_y
1 139.3884623102
2 88.7363186971
5 65.0555326906
7 48.7381789855
9 32.6934299959
18 32.6766397209
20 19.0142415654
31 6.9795342687
38 5.6104437477
90 81.5912812712
evaluations raw_y
1 139.3884623102
2 88.7363186971
5 65.0555326906
7 48.7381789855
9 32.6934299959
18 32.6766397209
20 19.0142415654
31 6.9795342687
38 5.6104437477
90 81.5912812712
evaluations raw_y
1 139.3884623102
2 88.7363186971
5 65.0555326906
7 48.7381789855
9 32.6934299959
18 32.6766397209
20 19.0142415654
31 6.9795342687
38 5.6104437477
90 81.5912812712
evaluations raw_y
1 139.3884623102
2 88.7363186971
5 65.0555326906
7 48.7381789855
9 32.6934299959
18 32.6766397209
20 19.0142415654
31 6.9795342687
38 5.6104437477
90 81.5912812712
evaluations raw_y
1 119.6667253854
3 60.0885183384
5 40.2565062327
8 38.0662592841
12 34.3459963406
14 2.5509687410
90 35.2745966128
evaluations raw_y
1 119.6667253854
3 60.0885183384
5 40.2565062327
8 38.0662592841
12 34.3459963406
14 2.5509687410
90 35.2745966128
evaluations raw_y
1 119.6667253854
3 60.0885183384
5 40.2565062327
8 38.0662592841
12 34.3459963406
14 2.5509687410
90 35.2745966128
evaluations raw_y
1 119.6667253854
3 60.0885183384
5 40.2565062327
8 38.0662592841
12 34.3459963406
14 2.5509687410
90 35.2745966128
evaluations raw_y
1 119.6667253854
3 60.0885183384
5 40.2565062327
8 38.0662592841
12 34.3459963406
14 2.5509687410
90 35.2745966128
evaluations raw_y
1 11.4934989132
35 10.1029914916
38 6.2540560893
90 55.2299248963
evaluations raw_y
1 11.4934989132
35 10.1029914916
38 6.2540560893
90 55.2299248963
evaluations raw_y
1 11.4934989132
35 10.1029914916
38 6.2540560893
90 55.2299248963
evaluations raw_y
1 11.4934989132
35 10.1029914916
38 6.2540560893
90 55.2299248963
evaluations raw_y
1 11.4934989132
35 10.1029914916
38 6.2540560893
90 55.2299248963
evaluations raw_y
1 55.1638509417
2 37.3964671304
16 23.5004479146
40 19.0831160251
71 6.4830480075
90 65.7324135016
evaluations raw_y
1 55.1638509417
2 37.3964671304
16 23.5004479146
40 19.0831160251
71 6.4830480075
90 65.7324135016
evaluations raw_y
1 55.1638509417
2 37.3964671304
16 23.5004479146
40 19.0831160251
71 6.4830480075
90 65.7324135016
evaluations raw_y
1 55.1638509417
2 37.3964671304
16 23.5004479146
40 19.0831160251
71 6.4830480075
90 65.7324135016
evaluations raw_y
1 55.1638509417
2 37.3964671304
16 23.5004479146
40 19.0831160251
71 6.4830480075
90 65.7324135016
evaluations raw_y
1 105.3315122708
2 72.7810568074
3 59.9074002203
7 49.2540567811
12 40.0073086020
16 39.6558929364
33 37.7273157392
43 2.9403351620
90 29.3447089789
evaluations raw_y
1 105.3315122708
2 72.7810568074
3 59.9074002203
7 49.2540567811
12 40.0073086020
16 39.6558929364
33 37.7273157392
43 2.9403351620
90 29.3447089789
evaluations raw_y
1 105.3315122708
2 72.7810568074
3 59.9074002203
7 49.2540567811
12 40.0073086020
16 39.6558929364
33 37.7273157392
43 2.9403351620
90 29.3447089789
evaluations raw_y
1 105.3315122708
2 72.7810568074
3 59.9074002203
7 49.2540567811
12 40.0073086020
16 39.6558929364
33 37.7273157392
43 2.9403351620
90 29.3447089789
evaluations raw_y
1 105.3315122708
2 72.7810568074
3 59.9074002203
7 49.2540567811
12 40.0073086020
16 39.6558929364
33 37.7273157392
43 2.9403351620
90 29.3447089789
evaluations raw_y
1 111.4391990122
2 41.0273745924
4 16.8054530901
35 11.9571662015
36 11.1075582834
90 30.4262281988
evaluations raw_y
1 111.4391990122
2 41.0273745924
4 16.8054530901
35 11.9571662015
36 11.1075582834
90 30.4262281988
evaluations raw_y
1 111.4391990122
2 41.0273745924
4 16.8054530901
35 11.9571662015
36 11.1075582834
90 30.4262281988
evaluations raw_y
1 111.4391990122
2 41.0273745924
4 16.8054530901
35 11.9571662015
36 11.1075582834
90 30.4262281988
evaluations raw_y
1 111.4391990122
2 41.0273745924
4 16.8054530901
35 11.9571662015
36 11.1075582834
90 30.4262281988
