evaluations raw_y
1 986.4165005826
60 80781.8779568004
evaluations raw_y
1 986.4165005826
60 80781.8779568004
evaluations raw_y
1 986.4165005826
60 80781.8779568004
evaluations raw_y
1 986.4165005826
60 80781.8779568004
evaluations raw_y
1 986.4165005826
60 80781.8779568004
evaluations raw_y
1 142658.4397518840
2 33135.8205382721
29 3179.9698862284
35 476.7276197058
60 828994.2940302088
evaluations raw_y
1 142658.4397518840
2 33135.8205382721
29 3179.9698862284
35 476.7276197058
60 828994.2940302088
evaluations raw_y
1 142658.4397518840
2 33135.8205382721
29 3179.9698862284
35 476.7276197058
60 828994.2940302088
evaluations raw_y
1 142658.4397518840
2 33135.8205382721
29 3179.9698862284
35 476.7276197058
60 828994.2940302088
evaluations raw_y
1 142658.4397518840
2 33135.8205382721
29 3179.9698862284
35 476.7276197058
60 828994.2940302088
evaluations raw_y
1 75062533.4239394367
2 15738364.2900022659
9 455200.2876730359
14 90200.4558353746
18 62107.6014737959
29 12613.2874976377
38 7124.8004414122
46 16.6198251401
60 297673.6135387323
evaluations raw_y
1 75062533.4239394367
2 15738364.2900022659
9 455200.2876730359
14 90200.4558353746
18 62107.6014737959
29 12613.2874976377
38 7124.8004414122
46 16.6198251401
60 297673.6135387323
evaluations raw_y
1 75062533.4239394367
2 15738364.2900022659
9 455200.2876730359
14 90200.4558353746
18 62107.6014737959
29 12613.2874976377
38 7124.8004414122
46 16.6198251401
60 297673.6135387323
evaluations raw_y
1 75062533.4239394367
2 15738364.2900022659
9 455200.2876730359
14 90200.4558353746
18 62107.6014737959
29 12613.2874976377
38 7124.8004414122
46 16.6198251401
60 297673.6135387323
evaluations raw_y
1 75062533.4239394367
2 15738364.2900022659
9 455200.2876730359
14 90200.4558353746
18 62107.6014737959
29 12613.2874976377
38 7124.8004414122
46 16.6198251401
60 297673.6135387323
evaluations raw_y
1 7010492.8272489086
3 1389068.7562286833
8 788356.2097699102
10 444405.2070343601
28 256730.5502826647
31 1434.0802639620
60 281573.1712569036
evaluations raw_y
1 7010492.8272489086
3 1389068.7562286833
8 788356.2097699102
10 444405.2070343601
28 256730.5502826647
31 1434.0802639620
60 281573.1712569036
evaluations raw_y
1 7010492.8272489086
3 1389068.7562286833
8 788356.2097699102
10 444405.2070343601
28 256730.5502826647
31 1434.0802639620
60 281573.1712569036
evaluations raw_y
1 7010492.8272489086
3 1389068.7562286833
8 788356.2097699102
10 444405.2070343601
28 256730.5502826647
31 1434.0802639620
60 281573.1712569036
evaluations raw_y
1 7010492.8272489086
3 1389068.7562286833
8 788356.2097699102
10 444405.2070343601
28 256730.5502826647
31 1434.0802639620
60 281573.1712569036
evaluations raw_y
1 25293486.0313552096
2 7501949.8037959561
4 592797.0918539474
8 415886.8009479990
11 76240.2739061399
22 982.5950831898
57 180.9309320301
60 23266.2011308770
evaluations raw_y
1 25293486.0313552096
2 7501949.8037959561
4 592797.0918539474
8 415886.8009479990
11 76240.2739061399
22 982.5950831898
57 180.9309320301
60 23266.2011308770
evaluations raw_y
1 25293486.0313552096
2 7501949.8037959561
4 592797.0918539474
8 415886.8009479990
11 76240.2739061399
22 982.5950831898
57 180.9309320301
60 23266.2011308770
evaluations raw_y
1 25293486.0313552096
2 7501949.8037959561
4 592797.0918539474
8 415886.8009479990
11 76240.2739061399
22 982.5950831898
57 180.9309320301
60 23266.2011308770
evaluations raw_y
1 25293486.0313552096
2 7501949.8037959561
4 592797.0918539474
8 415886.8009479990
11 76240.2739061399
22 982.5950831898
57 180.9309320301
60 23266.2011308770
evaluations raw_y
1 778439381.7479894161
2 665460256.7237055302
3 74105154.9370981157
5 18816610.4745842293
8 1309611.2475869658
17 600217.7126106800
18 230369.0631575631
34 67068.7449814154
35 62064.3272498568
48 36098.0614339811
60 204259.7426395489
evaluations raw_y
1 778439381.7479894161
2 665460256.7237055302
3 74105154.9370981157
5 18816610.4745842293
8 1309611.2475869658
17 600217.7126106800
18 230369.0631575631
34 67068.7449814154
35 62064.3272498568
48 36098.0614339811
60 204259.7426395489
evaluations raw_y
1 778439381.7479894161
2 665460256.7237055302
3 74105154.9370981157
5 18816610.4745842293
8 1309611.2475869658
17 600217.7126106800
18 230369.0631575631
34 67068.7449814154
35 62064.3272498568
48 36098.0614339811
60 204259.7426395489
evaluations raw_y
1 778439381.7479894161
2 665460256.7237055302
3 74105154.9370981157
5 18816610.4745842293
8 1309611.2475869658
17 600217.7126106800
18 230369.0631575631
34 67068.7449814154
35 62064.3272498568
48 36098.0614339811
60 204259.7426395489
evaluations raw_y
1 778439381.7479894161
2 665460256.7237055302
3 74105154.9370981157
5 18816610.4745842293
8 1309611.2475869658
17 600217.7126106800
18 230369.0631575631
34 67068.7449814154
35 62064.3272498568
48 36098.0614339811
60 204259.7426395489
evaluations raw_y
1 29.1035055793
60 478723.1617878947
evaluations raw_y
1 29.1035055793
60 478723.1617878947
evaluations raw_y
1 29.1035055793
60 478723.1617878947
evaluations raw_y
1 29.1035055793
60 478723.1617878947
evaluations raw_y
1 29.1035055793
60 478723.1617878947
evaluations raw_y
1 41013519.8042487651
4 23061878.4401998557
5 683589.0472464296
6 75420.9494323048
43 48541.5601876251
46 41565.2762431570
49 896.2519045290
60 1447.8140674607
evaluations raw_y
1 41013519.8042487651
4 23061878.4401998557
5 683589.0472464296
6 75420.9494323048
43 48541.5601876251
46 41565.2762431570
49 896.2519045290
60 1447.8140674607
evaluations raw_y
1 41013519.8042487651
4 23061878.4401998557
5 683589.0472464296
6 75420.9494323048
43 48541.5601876251
46 41565.2762431570
49 896.2519045290
60 1447.8140674607
evaluations raw_y
1 41013519.8042487651
4 23061878.4401998557
5 683589.0472464296
6 75420.9494323048
43 48541.5601876251
46 41565.2762431570
49 896.2519045290
60 1447.8140674607
evaluations raw_y
1 41013519.8042487651
4 23061878.4401998557
5 683589.0472464296
6 75420.9494323048
43 48541.5601876251
46 41565.2762431570
49 896.2519045290
60 1447.8140674607
evaluations raw_y
1 25035978.2941114791
2 336927.8539057910
11 54704.1931864664
22 45257.4665831964
32 227.7553171693
39 174.1281100140
57 27.6067320760
60 13546.7213802733
evaluations raw_y
1 25035978.2941114791
2 336927.8539057910
11 54704.1931864664
22 45257.4665831964
32 227.7553171693
39 174.1281100140
57 27.6067320760
60 13546.7213802733
evaluations raw_y
1 25035978.2941114791
2 336927.8539057910
11 54704.1931864664
22 45257.4665831964
32 227.7553171693
39 174.1281100140
57 27.6067320760
60 13546.7213802733
evaluations raw_y
1 25035978.2941114791
2 336927.8539057910
11 54704.1931864664
22 45257.4665831964
32 227.7553171693
39 174.1281100140
57 27.6067320760
60 13546.7213802733
evaluations raw_y
1 25035978.2941114791
2 336927.8539057910
11 54704.1931864664
22 45257.4665831964
32 227.7553171693
39 174.1281100140
57 27.6067320760
60 13546.7213802733
evaluations raw_y
1 3087341.7081981706
2 565705.6442521882
3 222720.1640626475
6 111793.5747243164
15 42000.8006587536
26 39.3976793208
60 15058.3430178693
evaluations raw_y
1 3087341.7081981706
2 565705.6442521882
3 222720.1640626475
6 111793.5747243164
15 42000.8006587536
26 39.3976793208
60 15058.3430178693
evaluations raw_y
1 3087341.7081981706
2 565705.6442521882
3 222720.1640626475
6 111793.5747243164
15 42000.8006587536
26 39.3976793208
60 15058.3430178693
evaluations raw_y
1 3087341.7081981706
2 565705.6442521882
3 222720.1640626475
6 111793.5747243164
15 42000.8006587536
26 39.3976793208
60 15058.3430178693
evaluations raw_y
1 3087341.7081981706
2 565705.6442521882
3 222720.1640626475
6 111793.5747243164
15 42000.8006587536
26 39.3976793208
60 15058.3430178693
evaluations raw_y
1 46886.9379602458
19 4355.6422942893
29 820.3658491989
60 767675.2166280858
evaluations raw_y
1 46886.9379602458
19 4355.6422942893
29 820.3658491989
60 767675.2166280858
evaluations raw_y
1 46886.9379602458
19 4355.6422942893
29 820.3658491989
60 767675.2166280858
evaluations raw_y
1 46886.9379602458
19 4355.6422942893
29 820.3658491989
60 767675.2166280858
evaluations raw_y
1 46886.9379602458
19 4355.6422942893
29 820.3658491989
60 767675.2166280858
evaluations raw_y
1 20338522.5817305818
2 16013611.9081262257
4 15854.3798466865
5 1044.5243084294
38 362.3314530558
39 185.2050251638
60 1764900.3146108873
evaluations raw_y
1 20338522.5817305818
2 16013611.9081262257
4 15854.3798466865
5 1044.5243084294
38 362.3314530558
39 185.2050251638
60 1764900.3146108873
evaluations raw_y
1 20338522.5817305818
2 16013611.9081262257
4 15854.3798466865
5 1044.5243084294
38 362.3314530558
39 185.2050251638
60 1764900.3146108873
evaluations raw_y
1 20338522.5817305818
2 16013611.9081262257
4 15854.3798466865
5 1044.5243084294
38 362.3314530558
39 185.2050251638
60 1764900.3146108873
evaluations raw_y
1 20338522.5817305818
2 16013611.9081262257
4 15854.3798466865
5 1044.5243084294
38 362.3314530558
39 185.2050251638
60 1764900.3146108873
evaluations raw_y
1 71141711.3837144375
2 221199.5137932088
5 3372.3649304397
29 492.9137353846
60 2338105.4308023793
evaluations raw_y
1 71141711.3837144375
2 221199.5137932088
5 3372.3649304397
29 492.9137353846
60 2338105.4308023793
evaluations raw_y
1 71141711.3837144375
2 221199.5137932088
5 3372.3649304397
29 492.9137353846
60 2338105.4308023793
evaluations raw_y
1 71141711.3837144375
2 221199.5137932088
5 3372.3649304397
29 492.9137353846
60 2338105.4308023793
evaluations raw_y
1 71141711.3837144375
2 221199.5137932088
5 3372.3649304397
29 492.9137353846
60 2338105.4308023793
evaluations raw_y
1 1384432.0725390457
2 102427.9953865899
10 10137.1385045448
22 4751.5021812989
28 2877.9869932022
29 526.8584789865
55 164.3298463928
60 481769.9698942181
evaluations raw_y
1 1384432.0725390457
2 102427.9953865899
10 10137.1385045448
22 4751.5021812989
28 2877.9869932022
29 526.8584789865
55 164.3298463928
60 481769.9698942181
evaluations raw_y
1 1384432.0725390457
2 102427.9953865899
10 10137.1385045448
22 4751.5021812989
28 2877.9869932022
29 526.8584789865
55 164.3298463928
60 481769.9698942181
evaluations raw_y
1 1384432.0725390457
2 102427.9953865899
10 10137.1385045448
22 4751.5021812989
28 2877.9869932022
29 526.8584789865
55 164.3298463928
60 481769.9698942181
evaluations raw_y
1 1384432.0725390457
2 102427.9953865899
10 10137.1385045448
22 4751.5021812989
28 2877.9869932022
29 526.8584789865
55 164.3298463928
60 481769.9698942181
