evaluations raw_y
1 9091117.3002112377
3 6865863.9317446677
5 2579341.8276087148
30 439058.0455487746
103 380228.7739922593
112 315756.3687710984
113 281914.2887665686
116 152229.1184106698
130 121011.5151221779
138 85903.1371512585
141 60510.2276784494
152 48175.9070392214
167 38730.2815388589
184 37487.7145937820
207 30307.0418864426
210 27100.8811987246
215 18573.0482560139
221 14876.5699638300
222 13089.8282881476
223 10144.9360929866
249 9251.1926470961
254 8583.5195399770
294 7896.3295085388
295 7763.8636523231
296 7044.4624735354
298 6899.9289558715
299 7683.6137067309
evaluations raw_y
1 9091117.3002112377
3 6865863.9317446677
5 2579341.8276087148
30 439058.0455487746
121 387863.2148908925
130 386619.6996069814
158 332655.5447125027
164 251872.0230717209
169 200791.9987722325
175 177635.9930385942
176 172142.8813943902
178 157513.3846673967
205 143180.8049015080
211 132824.2892618322
222 130271.9180740551
230 123133.6091213030
234 120366.5495921101
236 110415.2548426813
250 107145.0197795785
261 103311.5172003312
265 99049.3282077492
274 94898.7724674035
286 89432.0795811311
287 86602.3603541896
290 82255.2705958225
296 78451.9297713853
297 77294.1653620123
298 68909.7010632660
299 62522.6811618650
evaluations raw_y
1 9091117.3002112377
3 6865863.9317446677
5 2579341.8276087148
30 439058.0455487746
61 410965.6966670310
74 350563.5365738643
94 313803.9186512076
107 212607.6924284271
113 177268.0149460766
119 156255.0479482645
133 152528.3910055704
135 142658.8221667499
140 140278.4631314708
142 119581.6498822719
144 83157.9688242111
166 73433.6602557942
174 59984.4932627820
178 47198.8052125081
180 45418.7101997613
187 38741.2643840438
192 35587.5637468611
205 34705.2661823261
211 33255.4344972679
217 31217.4699021761
224 23384.0747163565
236 19360.6789620197
239 18046.4102865569
250 18017.3320306196
251 16309.0268946888
253 16178.3316811820
266 16105.3108179909
267 13410.0542771906
299 14503.4942782801
evaluations raw_y
1 9091117.3002112377
3 6865863.9317446677
5 2579341.8276087148
30 439058.0455487746
45 295335.6387136086
88 266910.5595116625
98 262601.2584477958
104 167938.4722410779
106 159061.4953559045
109 118887.7441666022
117 111779.4627632161
125 71723.0861962262
128 49796.2932845768
155 36280.9276182326
158 27740.2516894375
168 25343.1837584232
174 16752.8263680824
186 13262.5285247779
189 12194.8218793039
196 5364.0608914199
232 5006.8816246377
246 4313.9845425293
259 4222.9382174620
267 4079.0970013866
278 4071.3574260460
283 4053.9861146991
285 4036.8330901022
290 3946.7255486949
299 4201.0775883633
evaluations raw_y
1 9091117.3002112377
3 6865863.9317446677
5 2579341.8276087148
30 439058.0455487746
46 46452.5988876134
145 36867.1509862137
164 35154.4157596502
167 34181.2879453569
170 33166.1964579124
177 33120.1028377384
179 31274.4242382373
183 27935.2590363368
187 26112.1375115089
191 23808.7062797410
193 19617.3895973784
209 17540.6328369731
212 15986.5356488804
217 15786.0856908229
220 14925.6045369842
222 14543.2407265181
228 13909.6674281973
234 11346.7639679931
246 10254.9203770694
254 9901.0246236304
264 9327.7435867472
267 8646.9374482621
299 8872.7859371351
evaluations raw_y
1 16851918.2855813801
4 1214053.4822241988
10 626465.9475459137
31 574123.8397044329
32 312378.6519589812
34 194586.8255427093
71 107037.9680844337
79 101324.5781158528
86 63331.8173899603
112 57527.0270415847
115 49152.0567429274
126 42082.5519320462
135 29846.8660544674
162 26520.5012120935
173 25467.0969377465
183 24099.0929841298
190 23921.1732124408
192 20281.8593883679
203 19632.0097428616
206 16951.3295220653
234 16852.6242953545
235 16464.2127484756
245 16333.3896420811
247 16169.7253445510
255 15806.9573032662
267 15537.9101964355
268 15314.6993362760
279 15191.4090381231
280 15055.0078439401
281 14688.7975145731
285 14584.1548509634
286 14568.2015890421
292 14269.3573305465
299 14853.5337125913
evaluations raw_y
1 16851918.2855813801
4 1214053.4822241988
10 626465.9475459137
82 433114.0587982823
84 429458.9216786505
117 396356.1937384238
125 374826.7510362071
131 372556.8130524219
140 342700.4016766432
141 323213.2863193117
144 249768.5776984764
148 209410.9720531976
157 193926.7165704604
158 186360.7264067578
167 169948.8693486606
172 169497.9774806511
177 131207.7174639239
187 128899.4769763827
188 125212.4579593768
189 115216.3933147070
198 108782.4893441669
201 93366.8840670314
208 82361.6400574699
214 74097.7112229844
216 67462.5502234810
222 40716.3526391753
243 40301.6022037220
264 37276.0110330630
268 35304.9182238863
273 33268.8972538901
275 32713.6529193353
286 31497.8397760012
289 25733.1114931124
293 25157.4149301860
299 24553.0681221831
evaluations raw_y
1 16851918.2855813801
4 1214053.4822241988
10 626465.9475459137
31 427334.5934558193
58 313344.2645721641
69 262935.6245358571
75 202871.7010401491
78 185025.5853413555
82 161706.7650995125
90 130231.3549957825
104 119064.3324831782
110 94318.8784100781
149 91650.5453555612
150 80253.8780752220
151 78843.3311259938
152 72542.0867571790
183 69885.3756847444
184 68581.5424917182
191 65222.0903489435
197 64580.7991456962
200 64375.9245660242
210 61875.3342148638
212 54707.6094667166
223 51685.0390395300
224 49924.5868855704
225 41141.3540607413
234 40997.8443015121
235 35241.7169400644
255 31942.2627694106
261 30189.9101013214
262 27480.3010651702
263 25481.2789318973
275 23428.2465458440
276 22764.8102733188
279 21189.2776935308
280 20728.6800527439
294 20289.6724330630
299 31370.6779720946
evaluations raw_y
1 16851918.2855813801
4 1214053.4822241988
10 626465.9475459137
52 514992.6214341887
59 352217.5814387959
83 257881.4892083560
104 237052.8766755292
114 175076.1670234686
151 171932.7653828990
154 167641.6148480562
155 148534.4565705876
162 136835.0622509426
166 116021.2302776426
171 111927.8640600247
172 104352.6604768348
175 103262.8738708308
181 94749.5818277533
184 71752.0044860073
189 67504.3564840280
199 63089.9175002981
212 59884.9804658244
217 53383.6783313985
220 53198.6273804355
224 44653.4828555157
229 40434.9544473785
231 36414.2793641751
240 31349.6769841144
243 28348.7168018800
260 26246.2554852161
275 26027.8991339666
285 22797.7446726929
288 22163.0747825917
299 39033.3051130207
evaluations raw_y
1 16851918.2855813801
4 1214053.4822241988
10 626465.9475459137
65 594093.1311553759
67 333011.2327435435
72 216199.3061234885
104 184287.6531388317
116 147464.0888156242
128 141429.2299716906
142 120475.1045935560
155 115704.8789125894
166 111391.1697183969
169 107989.5370070660
183 104194.8063890396
187 90256.6114362979
189 83766.7468261606
191 78418.8892608302
192 66820.0528768894
193 58454.3654075389
194 47614.2652405172
196 47500.7400983772
200 45864.1798328075
201 42718.7554006519
202 31474.6149179875
210 24432.6049471883
233 24426.0091367675
242 21802.7344498801
244 19244.1293608375
262 18623.7437480582
270 17390.5141393508
272 17213.7773014377
276 15848.2034146045
283 14280.4274364205
288 13079.9385452832
292 11734.7587742654
294 10856.3813787813
295 10467.5958801782
299 18009.8389145772
evaluations raw_y
1 37083837.4124590605
2 20715322.4558538273
5 11417418.4592753742
6 9152971.4457159322
15 7375322.5026001148
16 3314463.8561509782
19 580283.3487367450
49 514470.3798009849
65 412553.1737548208
80 251243.8516815771
111 172512.6253158620
112 134815.4905780421
127 92550.6902045279
147 89569.6398761543
179 87351.3678280537
180 81297.3005520003
184 73305.1314483729
205 69011.4731645891
219 67493.7958035197
220 66592.3061879858
226 66034.1225875807
232 64509.7656727298
238 64429.2959565204
248 61588.0692004544
256 60968.5374805315
257 60838.8744262870
265 59209.7521777863
266 59007.4457759020
272 58162.0575224173
276 56972.0767146419
282 56001.5355404888
285 55835.4403701296
289 54190.0599066187
299 55181.6219691097
evaluations raw_y
1 37083837.4124590605
2 20715322.4558538273
5 11417418.4592753742
6 9152971.4457159322
15 7375322.5026001148
16 3314463.8561509782
19 580283.3487367450
35 502260.3539013175
70 332412.8265563682
96 271247.9295250557
101 135451.3632215319
117 106332.4428866463
156 102747.8571678549
160 91858.5193277660
169 90907.7050731863
171 86899.7437085187
173 74851.2123008502
178 66273.8078738128
181 65567.5613008455
186 60997.5324955420
190 55622.7541634017
216 55114.9892500967
218 48687.2465975405
230 47082.7013992818
245 46938.2787770089
246 46147.0645062942
251 45558.4700342927
259 44408.4031142084
273 43412.8838935186
276 43347.2864120332
280 42578.2593925470
281 41877.8661356059
283 40108.4179268795
284 39162.0470877421
286 38641.2813283071
289 38100.6086822515
299 44514.1080941296
evaluations raw_y
1 37083837.4124590605
2 20715322.4558538273
5 11417418.4592753742
6 9152971.4457159322
15 7375322.5026001148
16 3314463.8561509782
19 580283.3487367450
65 544248.9656108111
66 338950.5872402557
95 137699.8336952794
109 78153.6659538462
138 76399.6819368179
143 64823.9522131545
146 51697.6711074209
148 42940.6130482574
160 41238.4988243608
194 38989.4263845375
204 38441.6322295502
205 36320.0197218359
213 35596.7667380643
227 34081.3390643901
234 33308.6029728528
235 33264.2345512344
238 32709.1697306721
241 31045.3839783131
249 29567.0223907560
256 29119.5534877841
260 28751.2228779368
261 27934.7011241299
269 27852.2558527609
280 27043.7770908638
283 26251.8169301105
290 26003.4656269779
292 25646.5391050988
299 24524.0166066457
evaluations raw_y
1 37083837.4124590605
2 20715322.4558538273
5 11417418.4592753742
6 9152971.4457159322
15 7375322.5026001148
16 3314463.8561509782
19 580283.3487367450
102 509010.8013617697
104 440303.2637773714
120 314078.1316463914
151 278418.0749669837
165 270763.9732495191
168 256464.0271779146
169 249783.6307963962
174 244404.1037726028
196 238849.0787404870
200 218170.4063795641
201 206680.5783410505
211 206055.9314857262
217 204280.7879256037
218 164581.8325931247
219 164026.8142863008
220 151026.4697691352
221 149827.3049110615
223 134918.2037569157
238 127414.4883587798
252 114198.2711938646
256 109796.7363273143
262 106221.9692796376
267 87933.8441974240
280 82270.8648198898
282 78824.5496238368
286 76948.4525314811
299 77457.8533430673
evaluations raw_y
1 37083837.4124590605
2 20715322.4558538273
5 11417418.4592753742
6 9152971.4457159322
15 7375322.5026001148
16 3314463.8561509782
19 580283.3487367450
104 460481.0072803087
126 292488.1801232861
140 257210.3151458109
144 252153.1500854788
146 248976.4622426885
167 242838.8177903072
177 235739.0421202238
186 197612.0966105589
210 184519.1551702717
222 181192.8637476287
228 177541.2274975684
232 166951.8127918474
237 165040.3724598789
239 155999.7705758038
254 148932.2872309439
261 147780.9730579437
267 137769.4190998537
269 133185.5013408415
270 132728.0905872669
271 125453.6778459491
276 120762.9035353495
277 115528.8817492132
281 115040.4685177326
282 101569.0915692615
283 96391.6937642948
294 94155.9023639111
297 89516.8903955865
298 76495.4095861803
299 73942.2797955625
evaluations raw_y
1 22267249.3895462900
2 17801925.1637200490
4 994479.3186553352
41 735224.6681308707
46 345251.1470923985
89 327104.8999267193
110 240641.3048641045
113 230019.8668369910
117 195106.9198197926
141 186414.6880422699
151 176077.6464299325
167 175732.4501849797
184 169760.5102766514
200 168190.1394381296
201 166074.7233074385
202 165027.4594265967
209 163254.8042561982
216 159934.6039385732
225 156654.8173915836
237 155167.5025058793
251 151665.0635647836
252 148998.2859209708
253 148894.5143502168
256 147143.0274756862
263 144838.6540604843
264 140274.6736640178
265 139286.6161695096
266 136279.8943213976
269 135897.6439301685
272 135091.8575452441
274 132306.6958086204
275 126766.3154107096
288 117366.2067114463
289 112999.4175594410
290 111510.7471405263
292 106041.1199523539
293 102393.0246686033
299 93352.4455164668
evaluations raw_y
1 22267249.3895462900
2 17801925.1637200490
4 994479.3186553352
66 804843.7875057445
93 588680.2782469316
116 565518.8931149568
124 503875.4206931989
128 330626.0622985277
144 279376.5464650397
148 243899.3600169656
149 239154.8081182782
158 178207.6124345051
161 132740.0211182514
190 130805.4587186257
194 122369.6634674522
196 118027.4345382079
203 116627.6519236924
207 103771.7231003797
215 93432.0015815981
219 84917.1892067489
220 84752.1072992366
225 79062.4618647462
232 62351.3707204474
234 60609.7400840212
235 38066.4317260032
252 34991.3799559103
255 32619.2861240834
256 27989.5670220181
257 21922.1996399152
259 19442.3243407763
261 18404.9841941517
285 16567.9255860950
299 19393.5849272749
evaluations raw_y
1 22267249.3895462900
2 17801925.1637200490
4 994479.3186553352
76 931520.4046472635
77 731436.6207438859
84 358209.5110681763
88 184149.7958988724
121 155989.4102003093
124 148873.8624119096
157 129554.8146035328
168 115580.6802411316
172 109113.4276389561
179 104980.1114787257
182 104567.4346192698
187 92567.9656853108
191 90812.5191432047
192 90802.6829381820
195 90484.1881546978
201 88383.1414129759
211 87709.0142417480
233 85409.2605409370
235 81922.0463202174
239 78920.1124156664
261 77411.5119639879
267 77386.4586709657
272 77185.8348368285
273 72203.5909771194
275 69995.1310793113
277 68846.5934588832
281 67467.8422041382
284 67257.2399115257
286 65934.5375631045
288 64300.9562444336
296 61876.0290613892
299 61755.0653363699
evaluations raw_y
1 22267249.3895462900
2 17801925.1637200490
4 994479.3186553352
41 618466.6859455960
49 195282.5904313111
106 170074.4784278897
131 167853.3021140764
133 110226.8836663704
134 103239.6999726908
139 85145.0693209647
154 83416.3253090829
156 56338.9257847139
165 53360.5335748651
166 48402.5218921434
175 38541.5032659173
176 31219.4579808196
183 13557.8225545808
199 9818.0973717105
212 8432.9068894464
214 7225.9632995386
226 7008.8770752193
236 6586.0336976686
244 3382.6925193756
265 3022.9322642598
268 2669.4341496014
269 2274.0273705347
293 2105.5586902906
298 1928.3329322427
299 4398.1322126938
evaluations raw_y
1 22267249.3895462900
2 17801925.1637200490
4 994479.3186553352
52 776993.3305607523
64 360884.2020168509
70 329735.5365277249
82 303597.3566372690
85 125016.5696296832
108 100580.5377058708
126 64524.7529574986
154 63001.7298091009
158 60407.1188356791
160 51677.0702204905
165 50672.5022558905
168 46416.2918046604
172 43683.0537154356
179 43005.5773178148
180 41063.0426969170
187 30044.0722635714
205 28772.5424127986
209 28127.5110850521
218 19738.5356849653
227 19262.2583384778
248 18413.3805555367
265 17998.5582694902
266 17332.6246547553
268 16799.8855244514
269 16701.7393723821
291 16411.8878836807
299 16778.3856382180
evaluations raw_y
1 2511335.2138086064
6 1644626.0356643230
52 1485146.8614869770
54 1285093.8346445207
92 735930.4837393911
109 630667.7486857096
112 480910.1905989316
121 434519.3536757064
124 383752.2904201444
125 346339.6342980468
137 269229.1631467685
151 238912.8881917043
184 227207.3887321872
204 223076.8402801980
205 222992.0772789443
207 214999.9595929186
213 214358.0199250987
223 210436.2364471137
228 207313.8206334837
229 203116.7576336096
242 199855.4549712646
243 199672.6389471992
245 194408.1410838585
246 193857.8058375484
248 188328.7862729092
258 186729.5805500907
260 185334.4808172567
269 178565.4276733561
271 171398.8384730064
279 170250.4905000003
282 165217.3046531769
290 162889.7993662691
292 156970.8500986763
295 155597.9756091782
299 160747.2849054900
evaluations raw_y
1 2511335.2138086064
6 1644626.0356643230
36 303434.8497669522
66 215186.8162795394
79 163381.7281953822
97 39785.9001737745
118 28211.5616781340
173 27443.2712441458
177 25977.4621769650
194 25671.2937029583
196 24645.5082358964
207 24019.2030926903
209 23845.7059057276
212 23841.7716139201
218 23476.3454220198
219 22929.8074477215
221 22439.3979563774
223 21732.1207617054
226 21647.1616316553
236 21152.5386147739
244 21130.2570835172
247 20269.7220965689
249 19562.3404982222
251 19112.4021258756
258 18834.2730379644
273 18595.5525643017
276 18477.9146835835
299 18740.7532795609
evaluations raw_y
1 2511335.2138086064
6 1644626.0356643230
107 1179959.1337125048
123 937360.7201483571
131 684298.0895914307
133 656906.2751757100
178 645093.1389814675
179 643562.0624724954
193 642893.5323557148
203 635549.2361053225
212 631190.6929290354
213 630995.7652900282
234 628704.3074470186
235 626409.1213094728
236 619986.3578734479
238 613241.9368379035
245 602862.9505006532
248 589492.6455833153
256 583143.3886391036
264 558725.4644872240
265 544734.7975389977
271 542352.1814796841
274 507459.5970852752
277 500796.7278363185
278 496060.7921539937
281 463089.1642857764
282 435266.3141562461
284 404521.7114027083
285 362473.3356208490
289 326483.7313571569
299 556163.3684627436
evaluations raw_y
1 2511335.2138086064
6 1644626.0356643230
38 1133818.1568431382
41 706780.4346406211
88 535136.1522105373
103 469965.6315595525
105 390026.5418421082
123 327275.0229382596
124 323890.0716098069
125 284869.4906273112
134 229175.4692460508
143 214509.1745055500
148 168087.2915890433
150 150141.0401001043
152 130532.7825451484
155 84797.4266847428
187 83382.4728246666
192 72911.7116755671
202 68743.5950973990
212 65223.1983725339
235 63767.2279412145
243 63595.5778438328
251 62904.4170281680
256 62497.4533603054
259 61234.4828152653
260 59480.1828919734
272 59286.3525689199
279 57807.2129917788
283 57133.7896311505
284 56841.8132395824
285 56351.0862352560
286 54925.0474516936
299 59737.5532983182
evaluations raw_y
1 2511335.2138086064
6 1644626.0356643230
117 1118249.0901489069
133 967293.0300399042
138 614871.2226388705
142 393413.9341421997
156 354136.6947864650
166 314244.0646256359
179 277461.5295787578
186 252190.4232455329
191 235947.3115276985
192 226591.5031649342
200 198117.5693630713
201 124323.5499660916
231 122282.5201593762
236 117011.7214148789
239 112260.2251673835
242 108227.4967546287
243 108070.6264151924
260 92764.6973949392
271 92529.5776865023
272 73604.8390691931
275 71476.3253399106
298 57436.1647774857
299 65467.7954108818
evaluations raw_y
1 30746304.9990663193
2 11303966.3664489202
4 8608967.5787321515
5 4226538.3800983010
6 2872876.1060497602
8 2604443.0383940572
24 2082890.5541818603
31 1599318.3615480484
33 1252194.3876525785
45 365570.5195361921
80 223303.7384869980
87 141727.7636167936
103 118796.9357416177
106 40317.9958094137
107 32661.7134046985
113 25945.9980455682
156 24009.1059855312
157 21969.6209013162
160 19801.7198662376
167 19431.3862516322
169 16980.8758955846
175 16960.1839641718
185 16424.1260217079
189 15198.2498942465
220 15021.7045653410
223 14524.6383630195
239 14454.5003654052
247 14092.1364255733
260 13730.2926106474
269 13705.0269976706
271 13573.3965727529
272 13550.1306514106
275 13534.4335755494
289 13172.8850339849
290 13131.8081875713
298 12974.3887725363
299 12680.4021576234
evaluations raw_y
1 30746304.9990663193
2 11303966.3664489202
4 8608967.5787321515
5 4226538.3800983010
6 2872876.1060497602
8 2604443.0383940572
24 2082890.5541818603
39 885899.4689595160
76 676100.8075090278
99 338401.7165866932
106 329107.3326467762
107 273347.8848254780
112 219263.6067534810
114 150139.9399779869
162 132201.1419206271
163 129786.5543097312
175 121013.3624860824
184 116190.1388382979
204 113682.9318426116
206 112439.7810120219
216 112419.1622756080
223 104836.8830808352
226 103210.6711704112
231 93790.5638555137
235 87151.7453361157
236 86191.3475826728
242 85703.4400075142
243 83359.2509809686
248 80342.7065155542
254 70191.9179106050
255 64011.7154884083
259 57711.4272856298
266 55759.4638656022
269 52929.5926346284
287 46247.0395737876
288 38724.8907233359
295 31128.9745002473
299 46774.0418296137
evaluations raw_y
1 30746304.9990663193
2 11303966.3664489202
4 8608967.5787321515
5 4226538.3800983010
6 2872876.1060497602
8 2604443.0383940572
24 2082890.5541818603
38 1332348.6707698302
41 882391.1801759786
104 859091.9527175152
113 804366.4658560829
118 621064.3335818027
119 593946.4230546181
120 557697.1838459178
122 443523.5554137590
156 408555.2871593030
162 407334.3317751593
163 369440.2483312776
167 363632.3214356471
168 346940.7495719009
169 323906.0930269639
170 322614.3712620689
172 322319.1989877280
176 317344.3292274180
180 288451.4607999277
191 275367.0561727364
192 200853.3917181498
214 145983.3106797518
228 138364.8422281614
231 125299.1923783724
236 101965.1550543989
238 90611.3162400101
240 83062.7122012084
275 67544.5205481890
281 59588.3532684739
284 46345.5952104965
290 38597.3488390254
291 37739.9734356554
294 34634.6365507780
299 43919.1698053160
evaluations raw_y
1 30746304.9990663193
2 11303966.3664489202
4 8608967.5787321515
5 4226538.3800983010
6 2872876.1060497602
8 2604443.0383940572
24 2082890.5541818603
32 546839.5661909075
35 302061.0677628586
79 209352.1396912894
88 182048.5535914262
97 167754.4814414671
104 149303.1869880012
136 149093.8511845696
137 125805.9634156923
140 119876.0962307821
149 119202.8179343925
150 113649.8007399477
173 106287.8805158272
179 103461.2704670463
182 98240.9034026212
183 97552.9509223836
186 94882.4308507786
189 89850.6497551827
207 87928.2792415391
214 84690.2851106456
230 78525.1308824787
233 69407.7238500415
238 68294.1584769395
239 65030.0138319601
240 63835.2827567616
241 61314.0255195777
242 59817.6678005595
248 53938.1378555260
265 52906.9261912938
274 51853.7802660788
288 49482.1556152990
295 49225.5950436562
299 54675.5020208512
evaluations raw_y
1 30746304.9990663193
2 11303966.3664489202
4 8608967.5787321515
5 4226538.3800983010
6 2872876.1060497602
8 2604443.0383940572
24 2082890.5541818603
96 1950051.8378906350
99 1449283.6347462353
104 638904.1609715337
110 493366.7868128586
138 377743.4802578422
140 362449.0696968882
170 315522.0503543897
182 306677.2385362698
183 301520.8625539619
184 279026.0497576389
203 262408.9257622109
204 245916.1340128160
205 226783.4140341698
206 215080.3158431149
212 203467.3825885237
215 197307.5313971545
219 192150.2883037574
222 154655.8562425405
233 142315.3461635570
235 100275.9788305131
243 96992.3954106315
253 75277.6870044060
271 75199.4554403978
276 73891.0776197539
277 72103.3695823281
278 68585.5309281713
285 60589.0406214890
297 54701.2533491910
299 56257.2337041962
evaluations raw_y
1 4622641.3318173615
5 4226612.5607776819
9 3836216.4548875680
13 2849007.1857903446
17 1589067.9048795234
30 827530.7104713955
73 788451.0067242986
95 685987.1761949450
107 442033.2394532812
125 389184.6109403878
126 374812.5999343836
127 358880.5880189268
131 301487.5552854348
134 268579.0654417352
138 246198.9134332380
139 205070.5149252226
143 135818.8685144582
170 127721.2526754035
181 124754.8132832259
190 118925.5867336099
195 96092.6028980929
196 66783.0918630778
212 39134.2339515907
216 36498.3746844079
217 33318.8878292808
219 31755.7480596673
220 25516.8359087233
233 19053.3735735149
253 17909.7638057505
278 16953.5214043007
290 16540.6990651278
297 15738.5528209199
299 18366.5640691577
evaluations raw_y
1 4622641.3318173615
5 4226612.5607776819
9 3836216.4548875680
13 2849007.1857903446
17 1589067.9048795234
30 827530.7104713955
35 805557.5453320397
39 607845.3143113451
69 355218.6553101403
73 248791.1870517454
103 227511.3283342099
109 168552.2797651017
127 155580.6933341405
140 149305.8812859940
149 142996.2120904357
155 128517.6034735915
156 121664.5583136923
161 119081.5430660956
184 113472.6676633091
188 110599.1310025947
190 106891.9602859625
202 104693.2354381030
204 104288.1390362990
208 104115.1889581138
214 100361.3776931661
218 89806.4553386491
237 87301.6861206591
238 84091.6679577357
241 83818.9663394285
245 83541.7056435230
246 79740.3304276878
248 77419.2037408358
249 75510.9342814251
257 71890.6674627208
264 67083.5946763042
268 66192.6652783105
272 61550.9526584755
281 58419.6834207491
299 67267.5993827919
evaluations raw_y
1 4622641.3318173615
5 4226612.5607776819
9 3836216.4548875680
13 2849007.1857903446
17 1589067.9048795234
30 827530.7104713955
41 768414.3167488528
50 698199.2006851529
56 623293.6217891359
74 431594.6234421259
75 334112.9262651806
79 165300.1795983559
124 132269.0033735384
125 124234.3756612551
134 113349.6158968727
151 89979.9953552620
155 75305.3316678313
158 65643.5868222302
161 58531.3100492341
166 50636.8622225326
170 43035.5751746528
174 42608.6460884322
179 27508.3929615886
189 22186.8775257883
214 17121.7609291918
222 16089.1727090327
227 15743.1247138008
230 14916.0639823762
232 12706.5686083611
239 12233.0764896032
261 10722.2129507431
284 10021.5221833988
286 9928.1853177141
290 9721.0516741779
299 9453.5867802872
evaluations raw_y
1 4622641.3318173615
5 4226612.5607776819
9 3836216.4548875680
13 2849007.1857903446
17 1589067.9048795234
30 827530.7104713955
100 376519.7186746750
135 340446.9663808165
136 334917.3567209125
139 307125.7696094295
149 272187.0572466544
150 262208.0535236227
151 230618.6434062742
155 213790.2300102240
177 207074.5585824488
185 180832.5677797811
187 177700.5990079488
188 151232.9310980011
199 110253.4977814200
206 94626.2342788024
215 73981.9490458005
217 54946.6300401297
221 40268.5305495141
236 40013.0899690373
245 25437.2922074550
255 22230.0668963812
258 12986.4254871536
266 12591.1944672114
267 11968.8086648482
268 7381.2141202443
298 7249.9476502066
299 9063.0334284383
evaluations raw_y
1 4622641.3318173615
5 4226612.5607776819
9 3836216.4548875680
13 2849007.1857903446
17 1589067.9048795234
30 827530.7104713955
39 394426.8452699222
80 188265.8273548355
92 149136.7166325908
97 83607.0750328278
99 78003.2141714008
120 66737.3342192790
140 60169.1502643596
143 48509.7873554670
159 32849.6525827678
175 32490.0218686158
178 31940.6815798840
183 31906.1282206942
197 31779.1944518738
199 29740.9341025580
205 28697.6440404478
206 25780.8758154033
216 25237.7306236008
219 24005.8982349828
222 23531.4141897297
230 21271.8693407878
236 19877.8742881815
255 18288.0918245482
275 17542.5344036758
276 17541.0447998615
280 17254.4979824406
289 16927.6533773854
294 16895.5274533537
295 16873.8802097714
299 19168.6342526874
evaluations raw_y
1 67552399.3012461960
2 552328.2371753375
76 477034.4075189356
86 363113.7870644817
110 303783.1943959438
113 217868.2880360004
120 216051.6721292229
145 189609.1506423237
163 174258.4772967269
164 168017.4574970505
188 165402.5888438448
191 165177.2889498902
200 158886.6733960636
202 137844.1822091582
203 133101.7503053852
214 131266.1808136451
216 124764.8903212532
219 116002.8212563428
235 111154.0807505625
249 104138.5555757672
251 100500.5629918622
252 98232.2787058537
254 89295.1422979203
257 84065.2976039324
259 80931.1872492948
261 74491.8049771283
262 73229.1219304506
264 73041.9160310285
270 69262.8242765174
272 59310.0238830424
296 55503.0009736085
299 73587.5134748832
evaluations raw_y
1 67552399.3012461960
2 552328.2371753375
66 403643.3482976380
81 303652.9123712535
109 189762.7061311272
121 140172.3200688220
128 137533.6735564036
178 130242.0077855391
180 129663.2887998196
189 129106.1544501929
190 123600.9692275917
199 114856.3824094797
202 114278.2563076601
204 111437.5601372459
214 111076.2437705128
223 110103.6920607477
227 102955.4455504727
229 98043.9088068761
233 96669.0635977849
234 93568.0956590829
247 89642.8689777555
249 85065.1948573549
253 84347.1265191283
254 81948.5189769713
257 81578.3526053969
269 77821.3610157473
276 74757.1019952007
283 69204.5320649254
284 68263.5421466204
294 64808.9650543640
299 73142.0413580004
evaluations raw_y
1 67552399.3012461960
2 552328.2371753375
85 547981.4043063459
86 340324.5987489974
105 160486.1341850099
129 139090.3281391717
138 130371.4210521317
139 94923.4412893566
154 84460.7899468312
157 52576.5249616037
161 32915.1788064840
189 29528.7876783401
211 26801.6221963814
218 24748.9348516894
222 21212.2165024157
231 20615.6213420950
236 20043.6876667090
247 19168.9889518104
262 19038.8213863714
287 18730.5334066656
289 18575.6060432463
294 18345.7789878636
296 18192.9721942564
299 18176.1554449032
evaluations raw_y
1 67552399.3012461960
2 552328.2371753375
35 450129.6115707753
104 442590.7021706243
106 412793.5757355970
108 400441.3547819157
116 399373.4368292864
125 368893.9811753415
130 363100.2713372512
132 334106.1640176700
135 295542.2603135178
137 267716.2468951223
146 207383.2450758369
167 195142.5868519830
171 184141.9901062426
175 146035.4276361121
177 116763.7991092818
180 106101.9926827909
207 98453.0328598208
220 95645.7747964608
222 94397.3942494972
223 83954.7435824921
225 69755.4658857182
230 59739.4094676523
235 55440.9885069834
240 55333.0380326745
246 38423.8276531982
255 35801.1148351838
274 33039.5734089102
275 28879.4678551741
283 28163.2139310917
285 28067.9657066531
286 26784.7317740120
299 28959.9604485438
evaluations raw_y
1 67552399.3012461960
2 552328.2371753375
78 427458.4433653253
93 313377.6538187940
112 305557.9368377744
118 241492.2453138261
127 154072.1663317270
133 142063.1503886787
138 108768.2859211986
150 98439.0062582244
151 61327.4758791438
154 54663.2425051541
159 37824.4201677169
171 16095.4481696731
174 7225.1514831337
229 6938.7816447876
230 6752.5372548611
232 6728.5535270909
234 6143.7665008219
240 5981.7974674338
246 5358.5556563767
249 4120.1131136479
270 3510.8490742286
276 3441.8948612378
281 2862.0093500815
299 3441.6602135438
evaluations raw_y
1 6541116.1909492491
7 6242071.0730498098
8 4978162.5918500302
9 3851972.5143706240
21 2351106.4771924485
34 755422.0238460551
49 555774.8781025495
58 357788.4877003193
82 320358.9028074184
87 272335.6068702968
105 264650.5678178407
108 195239.3503306002
110 181081.9464381983
111 137122.8073381934
139 107198.7601393115
150 106479.4916073113
151 83820.0612416440
173 78985.7035647406
189 72697.2206428132
193 62623.8572657667
197 51859.9897664093
200 50211.1379069927
203 35890.3371061993
210 33175.2731293674
212 31043.3528103498
217 28970.9612442790
230 28167.3536886168
232 24705.8570466847
237 23313.1997160760
243 21875.8815322752
260 21623.6328373114
261 21253.3076391825
263 20152.7999203395
267 16652.3435566525
269 13864.5278013591
275 12687.9944197835
299 14053.2986526627
evaluations raw_y
1 6541116.1909492491
7 6242071.0730498098
8 4978162.5918500302
9 3851972.5143706240
21 2351106.4771924485
45 1604882.7492849501
50 1200727.4829466732
52 852906.8078818890
89 191903.4391105706
116 100928.9199194649
133 37231.3192479731
178 36058.5466551131
197 34889.3733712116
199 34844.8909457225
200 31600.7458749398
205 26656.3934837763
211 23269.3669632624
214 16958.3178195327
229 16808.7753325504
233 14718.1425114452
267 14710.5870282855
268 14285.4003376615
280 13921.6351346746
282 13915.8237679947
289 13868.9072792248
299 13830.8579371475
evaluations raw_y
1 6541116.1909492491
7 6242071.0730498098
8 4978162.5918500302
9 3851972.5143706240
21 2351106.4771924485
34 1276441.7930999319
35 1080459.5971867188
42 539140.2867164795
46 290670.6400307088
84 246619.9825155068
99 161145.6394872267
105 70649.3765462711
131 56823.0935538685
143 56171.9867362270
149 51740.0169144681
155 40196.1228968616
185 39986.0274424403
199 39667.2883267447
200 39629.9272267395
205 39494.9441759921
218 38861.6108643055
222 38820.3344074700
243 38496.0979571973
257 38320.1079846873
259 36601.6445252153
263 36178.6806976200
266 36083.6715072229
270 36025.6970290100
275 35709.5579957310
279 35408.8995834679
281 35308.5860364036
283 34911.8793815398
284 33831.5347257568
299 34169.2657232163
evaluations raw_y
1 6541116.1909492491
7 6242071.0730498098
8 4978162.5918500302
9 3851972.5143706240
21 2351106.4771924485
31 1427056.4821254988
55 1344134.9206605810
63 641691.1332161613
66 630097.8409004234
76 596443.2756372915
80 497938.6132508178
94 359682.7160030406
118 293582.5386463528
120 235321.6146242948
123 185782.8014148728
132 157237.2396522132
163 153249.1296260360
166 152188.5899427015
175 146434.8094047217
176 137557.8502655589
177 130864.9958092594
188 127206.2139177988
191 104057.4771819474
194 99384.5754181692
203 99345.2499598348
205 94691.2120174609
209 87561.0617757702
211 66830.5130537167
220 63546.0061434171
227 62753.9016409834
235 59089.4927173813
239 54948.0620169003
242 47558.5235305133
244 38585.7541978545
245 29958.1159010593
270 28522.0913068983
276 27988.0846401717
284 27639.0014818726
287 27145.7617926333
299 35836.2434180479
evaluations raw_y
1 6541116.1909492491
7 6242071.0730498098
8 4978162.5918500302
9 3851972.5143706240
21 2351106.4771924485
40 784030.0536784941
60 712443.3558405137
78 308812.7029480232
95 217450.5178093989
114 212574.6966281796
117 148662.4716422892
150 139783.7206039454
164 138013.9118627739
168 128032.5374806477
177 120195.0807471600
185 118530.8253150518
188 114793.2895973179
192 105797.4565443441
203 103348.4329401415
210 101384.4900643115
216 98188.8920770053
218 96983.4077510808
224 95579.4920606569
226 87829.5180934025
235 86570.2798685423
240 80429.2815528419
242 74530.3117903219
244 70760.4067178077
265 65048.5967080869
271 64535.8503775886
286 62838.6689774558
287 62709.5839930216
289 60549.0627122579
296 58965.7116773194
299 74396.5759502340
evaluations raw_y
1 28748336.2274924554
4 22288684.6904199384
6 11174694.7871310618
7 5928768.9791159891
13 4488326.4863713719
14 3194611.6325815907
31 1578431.8316815100
34 806101.7369556086
35 650864.7927033143
64 346714.9604274621
70 165843.7571404083
79 142120.9589309464
111 134360.6974105769
128 89576.7892703364
148 88139.8921687487
167 87459.5476887007
175 86629.4412060525
179 85151.6918655067
186 84275.2762460094
187 80284.5109313973
188 73411.7526227483
191 70907.3491996602
195 66148.2873974984
196 65081.8271810760
198 60923.8692467491
199 59608.6579044514
202 47976.1287806968
203 45790.2329093969
204 41641.2718220759
205 39565.3639100860
212 38569.3680688720
216 35867.2022002554
224 35670.4704530852
234 29712.4267138531
238 23610.9359044831
240 22881.1926654472
243 18781.2592840928
265 11422.3401968627
299 19729.8637850026
evaluations raw_y
1 28748336.2274924554
4 22288684.6904199384
6 11174694.7871310618
7 5928768.9791159891
13 4488326.4863713719
14 3194611.6325815907
39 1435015.9639523469
42 1333342.0042852464
45 820903.8922812961
73 514272.0842534542
92 356421.0000010381
103 325069.4523514907
108 253900.2821716735
124 164090.5215128075
141 140250.7447954682
143 128949.1806875254
150 124812.1530191833
151 119206.4990072122
194 116359.3039173958
203 105482.2024275319
205 100046.0870053315
213 91766.1645239982
216 88973.6043536385
219 85119.0570873087
221 84590.6101951936
222 77588.5979607511
225 70404.2117508952
255 70100.4725200665
258 67812.6365306644
259 65041.0087944877
287 64979.9991353772
291 64553.3509254651
292 63897.7096961633
297 63625.1910426010
298 63063.3264227155
299 64474.9725069990
evaluations raw_y
1 28748336.2274924554
4 22288684.6904199384
6 11174694.7871310618
7 5928768.9791159891
13 4488326.4863713719
14 3194611.6325815907
34 1263638.4764498980
44 1136322.0590767958
50 427506.0019172869
79 303953.8493716812
87 149263.0297542209
92 148115.5792297938
106 147084.5566258698
112 132084.1523250368
119 101764.9859595829
143 77437.8016478904
148 77209.8048538000
149 67070.3869070710
159 66105.2031603806
162 60256.4428271096
189 49342.0280756451
199 47596.1514000020
205 44532.8151597958
208 40437.5979590870
212 39681.9675133770
218 38769.7932051625
220 37666.5041158823
222 36738.0371498560
225 34186.9960688979
228 31639.7974555280
261 30705.7750343996
262 29704.9306383184
282 28300.2761827345
283 27093.6847421125
284 26115.3624084049
293 24567.9738940510
296 23901.4593885999
297 23352.7546049407
299 28909.0387000153
evaluations raw_y
1 28748336.2274924554
4 22288684.6904199384
6 11174694.7871310618
7 5928768.9791159891
13 4488326.4863713719
14 3194611.6325815907
66 2253143.2465311671
67 2048454.6826090678
72 1567767.5261451530
78 652057.4952597438
90 221320.0749710225
115 151672.4621422867
136 89494.7031828925
146 74189.8563585773
163 72993.1280721245
184 65761.7990119533
198 61403.0760580514
209 60598.7508082727
211 58118.1000325840
214 57324.5998175315
218 50953.4509329747
221 46557.1366954034
226 38069.8419674304
230 36206.4412316095
235 36180.7128247029
236 34410.6587869384
241 33887.8425926639
255 32518.3830147311
289 32296.9086475212
290 31707.5505565314
295 31585.7683293823
298 30195.0911880023
299 31286.4425446675
evaluations raw_y
1 28748336.2274924554
4 22288684.6904199384
6 11174694.7871310618
7 5928768.9791159891
13 4488326.4863713719
14 3194611.6325815907
31 2589952.5416949708
34 2257227.7428990877
39 1280431.8914421799
41 1176489.7187620646
43 901610.4176190579
44 245162.5246196678
105 216893.0154171259
106 210262.2550443204
118 101338.3796262090
140 97523.1470917195
151 94338.6461670231
157 84258.3382770287
163 77256.9789908152
169 77063.5996695792
184 73462.3583713656
188 69620.3545274251
192 67922.2161754724
204 66970.1532602471
211 64854.2938992650
231 64452.5420508003
238 63950.7914925299
245 63723.4151000855
248 63335.9861962889
262 63266.7745359581
269 62925.1968179007
270 62796.9159719758
278 62115.2583590072
289 61791.1995823208
299 63815.9855946898
evaluations raw_y
1 25626273.8008826040
3 19241880.1680665351
5 11778294.7665792853
6 7000472.8782748710
7 1594569.4804995856
27 638701.1421947452
58 431232.2730022852
65 277899.0754753512
86 179506.9875381292
94 156513.4222291271
102 137714.9551528682
119 96804.2250772887
122 88775.9255179389
124 74675.3805158147
132 52579.0233787706
140 48584.5845309434
161 24884.8865690644
172 19821.3194225901
194 15453.7260264484
227 15352.0540837529
228 15187.7847687033
231 14849.5965888776
239 13751.2745246790
255 13501.0476886715
266 13447.6949666103
268 13430.6042525918
277 13413.3435843249
278 13093.5838433208
279 13083.7984505546
299 13702.8313938300
evaluations raw_y
1 25626273.8008826040
3 19241880.1680665351
5 11778294.7665792853
6 7000472.8782748710
7 1594569.4804995856
27 638701.1421947452
87 442358.7899805190
123 412567.5788539575
124 331094.7967712969
128 315256.5479738451
132 294143.2541070742
137 291503.7335290796
138 271506.0202810986
141 252216.3213823954
149 216281.2138772570
150 211550.4749944107
153 136707.0561946500
164 136087.6127272774
179 132905.6005411580
188 98594.9320931548
202 86993.1358616110
207 71448.1518798911
227 70410.7103616697
231 63766.2665373082
233 58916.8097401227
246 53280.0479084157
248 52139.1260304210
249 51711.8610975823
252 50601.3371001519
257 50579.9245737579
268 48130.3357152464
269 46663.0560101703
275 39809.7484880528
288 35375.7265793458
290 34754.2900490478
295 33874.1685435817
299 34793.0457618922
evaluations raw_y
1 25626273.8008826040
3 19241880.1680665351
5 11778294.7665792853
6 7000472.8782748710
7 1594569.4804995856
27 638701.1421947452
79 358433.8644099084
116 276647.7497946496
122 257449.6066553046
123 218640.3214254420
124 182633.4180053051
134 156196.0109996382
142 120331.2109076491
143 109594.6699007814
151 43459.8258474419
173 42656.7237147582
212 39445.1658600893
221 37151.8040224027
222 36208.3808737322
226 35975.9783541255
230 31349.1265181674
235 29692.8025544619
240 26101.1342280262
241 22814.1906028060
249 21947.4144764775
260 21346.6914222124
261 19290.0699991902
269 18606.5281749306
285 18264.3830676883
299 18164.1578439687
evaluations raw_y
1 25626273.8008826040
3 19241880.1680665351
5 11778294.7665792853
6 7000472.8782748710
7 1594569.4804995856
27 638701.1421947452
64 436437.6777043373
73 404027.1763277217
80 223090.1029946351
125 202567.1597069285
153 182235.4314473534
154 159947.5904139378
174 153417.2169359736
180 128360.1766781897
183 117465.1563432964
201 112922.8862670823
203 106490.6616847655
204 100132.1715247936
206 97413.1381937269
214 91281.9545630724
217 89584.4652105424
219 84849.6709191615
221 83868.3811741778
226 79300.0478573046
228 77841.3476277248
232 68647.1599773968
233 67392.9729393454
234 57288.8496838125
237 55099.9432101178
238 47379.5730513621
283 46287.1802252523
290 42144.5602184028
296 42111.7348983372
299 48760.6619232746
evaluations raw_y
1 25626273.8008826040
3 19241880.1680665351
5 11778294.7665792853
6 7000472.8782748710
7 1594569.4804995856
27 638701.1421947452
69 184286.0429144263
117 167282.7587795171
130 136255.0515613720
147 92805.7661145279
152 84908.2395780492
162 78209.7286924343
169 52978.7601183639
173 50611.2460298747
174 48720.8202656431
179 47594.4215338259
189 46424.3774509949
198 45342.2535102631
213 44752.2086785823
245 44350.2707663928
251 44195.1145188062
257 44168.1851130998
268 44124.4472952535
272 44073.3465967447
274 43802.9479683315
285 43746.6396623605
286 43404.2702927095
288 43130.1317035665
299 43085.4780138275
evaluations raw_y
1 3628908.5496814810
5 2054483.8369834856
21 1430176.5545598685
47 1130699.5536457368
79 927215.1563490973
93 672122.3346210136
100 666021.3367513742
102 640812.9331749094
103 503964.5972723044
106 230344.8341458217
112 197499.0270922829
127 193043.8963306922
142 118676.7486484415
156 81746.9112162372
187 81684.1586429308
188 71535.4451604703
189 64741.4973612731
195 62960.0288253943
198 62136.1567369289
200 57397.5036035348
205 53292.3026579181
208 50346.3041890595
217 47128.3143689726
252 46880.3993082066
255 44403.9660477825
265 43821.3057533786
268 42412.3738312239
274 42387.2892861486
284 42373.3334072499
297 42131.2613143451
298 41943.5185997823
299 42368.6304378790
evaluations raw_y
1 3628908.5496814810
5 2054483.8369834856
21 1430176.5545598685
37 710726.5793341970
46 402877.4352377522
73 296049.1009171451
79 277703.7022419361
93 250372.4204865779
94 194072.8077552070
102 181021.8608921280
111 176808.5223241250
114 162532.6509942468
126 112303.5745440804
162 109892.8601762333
181 108343.7451800005
186 107614.0957947342
192 92245.4749203995
193 91041.8600834075
196 88683.4745706466
197 80885.9564954024
199 77545.7923320816
200 76803.8693111889
206 75142.9564722701
210 64132.8008922710
218 57693.6820318102
229 55875.4589643866
233 52784.4200120422
240 52560.1450814882
244 51537.7375748943
249 43461.8598474131
267 38828.4398319624
272 31759.6887090478
278 30643.0250417202
280 30642.2057365914
282 28740.2907585767
286 25427.8872897100
298 24344.4692449570
299 24673.9451880231
evaluations raw_y
1 3628908.5496814810
5 2054483.8369834856
21 1430176.5545598685
63 1291642.6130181653
71 823882.9181558432
81 404893.0110297144
82 335783.7988602712
97 288294.5758450070
109 145850.9438356847
128 131984.9408561959
130 126441.9671520583
141 100522.8246524177
148 100499.8373737504
149 69119.9870325811
164 60076.8025958168
194 53811.5034751180
199 52608.9111148066
210 50272.0979037049
212 46907.8625487677
215 46767.8437033153
226 46401.2359254399
227 45355.9368468763
233 43865.6689152789
236 42558.0513827545
241 38434.5574776866
243 35562.6968125475
258 34494.7875343433
265 33039.0695372199
278 31639.0567228920
279 29911.7888142300
281 28952.6445040012
299 30900.8954966088
evaluations raw_y
1 3628908.5496814810
5 2054483.8369834856
21 1430176.5545598685
32 912843.9802031484
38 304291.2947938672
68 213605.3544686352
71 124513.0249742139
101 67416.9694346346
121 59943.5306952926
123 49756.2728305802
138 49192.3158933916
143 38875.6694208018
146 33697.0786339272
148 30460.7217024002
173 29651.9496472054
184 27608.7791429447
189 24485.9172915925
194 21992.7787503765
202 21363.3491053598
207 20440.3434253407
215 18506.8071338010
224 16970.7915047528
225 14816.5860694705
226 12669.8826716923
229 11680.9176492717
235 10929.6136675042
249 10463.8277898364
254 8744.6741178006
260 7756.5676017909
263 6423.8460950101
284 5529.3546538436
291 5399.3065664529
293 5144.0511550752
299 5721.0605275767
evaluations raw_y
1 3628908.5496814810
5 2054483.8369834856
21 1430176.5545598685
31 637763.0892317255
63 459633.9353117187
65 457318.3967402790
71 50530.5050293918
129 34228.8043987944
162 33540.0707515687
163 29764.1333171586
164 28132.7056234885
169 26987.1820426179
170 26681.6100857541
171 24138.5820465305
173 22860.2376013254
182 21681.6889344853
184 21133.4758481960
190 20264.7565077324
191 20106.8323411377
215 19178.0177526932
231 17789.3876320549
233 17179.4201237812
237 17114.8876312225
248 16702.4547727320
254 16500.7358875066
258 15756.5170572071
261 14952.9432545175
272 14554.9050344390
281 14549.6343608112
283 13863.4356904816
285 13614.6310633462
293 13436.2525303217
295 13265.6383472175
299 12733.7180717535
evaluations raw_y
1 4336696.6428140355
2 838971.5705638466
16 587346.1209485012
177 575808.8601544561
178 495737.7344767634
179 483643.3718536523
182 394199.8663491132
193 393238.1761979047
200 385309.9477027106
209 382658.7987399872
210 367848.5952492813
211 355017.6449048337
215 347365.3064043488
217 302759.3287842559
218 281394.3664265677
238 230385.5513734964
244 216554.0940077705
246 196063.1850011039
255 194228.1364878119
262 144013.1160774769
264 141681.5954140754
268 121724.2405187986
275 70612.3260320314
286 60048.4177831885
299 93439.0856760978
evaluations raw_y
1 4336696.6428140355
2 838971.5705638466
16 587346.1209485012
91 234040.4929140113
125 155361.3736312449
127 118020.7856861309
137 97624.1791196298
164 84295.3551260561
176 84138.6452405987
178 75696.8269448776
186 59993.3113094159
188 44852.0057051002
189 41270.4387010739
195 30907.3733629178
199 26128.4520249772
228 23056.0491453302
233 16289.9301738290
238 13091.7262626793
240 10671.5037566053
245 10579.2998705551
255 10411.4471930800
263 10014.7088154423
265 9931.0194729582
271 9528.8032995146
272 7723.0136563910
292 6760.2495656031
298 6751.9049890785
299 13483.3443138118
evaluations raw_y
1 4336696.6428140355
2 838971.5705638466
16 587346.1209485012
40 524231.1184595251
76 513691.0593147187
88 346205.9921319726
94 284158.0973090175
97 225864.8753973113
113 193485.9456410379
128 190678.5095402001
130 184007.4218239700
138 149793.0582724577
144 135475.5806925449
160 123546.1621208423
171 120463.6816137459
174 96637.2219865073
175 87114.7090125353
177 82264.5892691919
179 75618.0529130823
182 69808.3069380760
183 56739.0351182039
212 54772.4376148318
225 52387.6618317664
242 52145.1405709584
246 49811.7018290662
250 46310.0834565146
258 44871.4416336758
262 44511.7089072276
263 43493.0038165140
270 43038.5299709864
275 40976.1408601890
278 37068.4095889208
290 36561.1731895535
296 35773.2802821001
299 45098.9823667399
evaluations raw_y
1 4336696.6428140355
2 838971.5705638466
16 587346.1209485012
34 326214.4664382580
70 302064.5215903971
89 291025.5456149983
93 263856.9515190888
99 147121.0894987019
126 131428.8512871318
138 119053.8206089448
151 107669.7840740559
156 105196.4825560039
165 101211.0631639316
168 95429.9823687392
176 88294.1076941796
177 84152.4963296829
182 83737.4285325182
201 74235.7448482020
202 66416.7290197112
204 62434.7435722112
206 57616.8202693211
211 45494.8112255218
225 42571.9058590691
230 40954.0466624614
231 36163.3092135899
233 28236.0547245151
240 26790.6073075334
246 26299.6752509538
252 16512.8645413813
257 15064.7572429817
266 12581.6185786564
278 11583.6449630959
287 9914.0506834196
299 11712.4760236908
evaluations raw_y
1 4336696.6428140355
2 838971.5705638466
16 587346.1209485012
116 506477.1995583880
119 465711.5814709941
120 454419.8521082911
124 428090.4548070474
127 401215.2410689552
129 213302.9084634764
140 201103.3176464735
166 181261.3885606962
194 176845.1485012935
196 144410.5977307587
201 136670.1443803567
203 132266.2352750636
211 127050.4244702141
213 124678.1572354391
216 122846.0879430019
232 119780.6129936797
245 115835.8923522933
259 113911.5934444063
262 109614.1979450462
263 105758.4534666784
265 103554.0474074422
268 100836.8534260458
274 99433.2572143808
298 96346.6909874405
299 104694.3675248150
evaluations raw_y
1 38404052.7137965709
3 15582293.6126221754
7 10140113.0362116341
10 4789879.5057860725
21 2102318.1150892815
28 1886345.4137646242
54 1729858.0098358595
86 1595822.8066760004
91 1586384.8397966605
93 1051612.3324408955
97 662406.3828024365
99 541735.1186478591
146 536403.1175705541
167 523093.5362797278
171 502447.0010108878
173 493875.7251734087
175 485166.4724200281
185 471059.2929092898
188 448816.8062312947
190 428433.2216487149
191 425842.8517804109
195 422855.7565950497
211 420783.8458692004
212 419892.9433528578
213 415440.3044264262
223 378298.3085115126
234 349429.7242985119
248 332289.1943975726
254 319167.8817280931
259 311993.2584255608
264 309868.7461160892
266 291444.7035312572
269 290543.0005184500
271 276250.3907216159
273 275892.8788501953
274 273768.5792256321
277 270299.3213078104
278 260637.9045066165
280 253819.3947924488
288 184492.8548267045
293 149379.4368892359
299 139070.8661311624
evaluations raw_y
1 38404052.7137965709
3 15582293.6126221754
7 10140113.0362116341
10 4789879.5057860725
21 2102318.1150892815
28 1886345.4137646242
42 1850491.3422785883
56 1756486.2793168793
76 1692365.6478100049
84 1515153.3865801927
85 1433567.0043195086
96 1108151.7829407642
98 1082543.1457020012
102 944262.2023079314
115 912660.5651615061
127 838741.3356838333
129 599579.8543312525
131 462756.3427580820
132 351744.9757799607
141 303562.1858490815
152 175886.3625375064
175 142775.8765531596
180 138192.8644427354
185 124118.0880325421
192 105206.4473063576
200 80244.7312515142
226 71203.5164225850
228 57331.5145830516
234 47733.2089422751
240 41752.5770040483
265 41605.0393909235
275 41593.1129946963
299 47519.3325858506
evaluations raw_y
1 38404052.7137965709
3 15582293.6126221754
7 10140113.0362116341
10 4789879.5057860725
21 2102318.1150892815
28 1886345.4137646242
44 1644614.3049655352
55 1229765.7297688469
67 1071907.2591455951
100 962652.0709912885
103 548955.7066966717
148 533109.3459775764
156 457910.5008576615
159 448394.6528217955
160 445239.1425608906
171 439185.4637397288
175 426303.3139929891
178 409789.5639407473
184 368870.4952291075
186 334715.4506635577
189 313694.3699049862
190 305093.3848081598
197 279724.6470504370
202 233866.5854531119
203 206513.8746124365
204 197338.0077866787
207 194039.8168203850
215 191489.8045228122
219 190122.2075316898
225 141515.4697839826
230 140327.1536992702
232 128973.0578364583
245 120659.2678463818
249 105486.4216111064
251 76779.4083575302
253 73464.9936830161
270 53849.1828782508
286 50231.8240383817
287 44354.7688269887
299 78723.2509158509
evaluations raw_y
1 38404052.7137965709
3 15582293.6126221754
7 10140113.0362116341
10 4789879.5057860725
21 2102318.1150892815
28 1886345.4137646242
78 1669132.0903751033
79 1083618.4636864264
108 821783.9928918912
121 564722.1967153847
122 494101.5357600814
142 492497.2971283225
145 464857.8425811410
151 381381.6817744151
166 369470.8711755110
167 361031.5351774869
176 351516.0853522688
182 337945.9973954253
183 316141.3513888659
188 268886.0997892588
195 208413.0848220708
197 202645.5257979842
201 169145.0542201184
204 138162.5689985141
221 116925.1746479383
222 104319.1379616577
225 77927.9097698782
230 55688.6970119164
235 54216.9070406326
255 46900.5178945353
275 42650.1834447924
286 41111.8261857397
299 44831.9928358261
evaluations raw_y
1 38404052.7137965709
3 15582293.6126221754
7 10140113.0362116341
10 4789879.5057860725
21 2102318.1150892815
28 1886345.4137646242
34 1592113.6451752065
54 1298554.1921761238
62 919870.5389984273
71 879899.8622749374
75 681366.3028830785
79 613260.0623888664
83 518590.0679003714
98 425839.5456693229
121 302894.7911837485
123 270207.3605207714
132 260180.1121218663
134 168561.8822213758
171 152608.5203664622
184 146297.6306631089
193 144935.0223886592
198 134996.2959151018
200 115363.6260023796
207 113837.8084290288
208 109124.8655605197
219 94563.4611710301
221 86858.2860760484
222 75500.5206323543
223 71993.6922710251
229 69299.5678817032
230 64392.9834546815
239 62331.4906059257
240 44618.2769587444
270 37688.6148467137
273 36064.3205949299
275 34875.8217281501
276 34180.3781926890
288 31161.7419336410
295 30152.9503335011
299 33794.2561619008
