evaluations raw_y
1 32664.7922362771
3 3893.4340020839
5 1381.4086838413
10 731.1095627796
12 117.2225801026
28 77.4531647113
41 71.4483816024
43 68.6046047440
49 0.5411591021
89 1.6031432953
evaluations raw_y
1 32664.7922362771
3 3893.4340020839
5 1381.4086838413
10 324.5015377265
22 122.5904297426
39 84.5725913310
40 49.9906010070
48 44.5939108986
49 42.5792485439
53 40.2589439306
58 33.8065187823
59 16.2295741786
65 15.2089185528
72 13.3134060023
89 31.2364596490
evaluations raw_y
1 32664.7922362771
3 3893.4340020839
5 1381.4086838413
10 338.0686450246
11 328.3547590495
22 98.2562149731
50 24.3026497428
54 1.5411908473
75 1.4847986407
89 3.0608162802
evaluations raw_y
1 32664.7922362771
3 3893.4340020839
5 1381.4086838413
11 1093.1988415117
16 1.9247640171
64 1.5568397384
76 0.3000674473
87 0.1838708473
89 0.1825385695
evaluations raw_y
1 32664.7922362771
3 3893.4340020839
5 1381.4086838413
12 1320.9027223805
18 708.8334236667
39 57.4222023028
54 44.3285664223
61 23.8418804608
69 2.3912788899
89 1.3979497152
evaluations raw_y
1 49739.5564505318
2 454.5561806634
18 149.5259264852
24 105.8585100465
52 93.4126045821
61 59.7013183623
78 7.0923774101
84 3.3591739469
87 2.7873510741
89 16.9932565439
evaluations raw_y
1 49739.5564505318
2 454.5561806634
13 140.4775472109
30 96.4876980313
42 37.3600769038
44 34.6656634834
47 29.8347268425
54 7.6682769597
88 6.3867030783
89 5.6192830563
evaluations raw_y
1 49739.5564505318
2 454.5561806634
10 44.4826292646
28 41.6896580804
33 22.2777608640
42 2.4815323485
74 2.2129161992
83 2.1417091663
85 2.0756648164
87 2.0661355765
89 2.2178897125
evaluations raw_y
1 49739.5564505318
2 454.5561806634
10 401.2108348882
11 317.8437585739
30 186.8885534333
32 129.1426500919
37 116.4770277988
41 29.6552156750
51 8.9915706636
78 7.1816104099
80 5.6867727548
81 3.6079397614
87 3.2746408186
89 4.0350377871
evaluations raw_y
1 49739.5564505318
2 454.5561806634
38 108.3950330684
39 2.8613970769
68 2.5305915963
84 2.4121983645
89 2.4652645342
evaluations raw_y
1 63415.6853524867
2 10981.6771344493
3 64.8987041921
24 47.8546445397
33 21.5658549597
52 10.2362752058
53 1.2167607479
62 0.9077083115
89 1.6347460117
evaluations raw_y
1 63415.6853524867
2 10981.6771344493
3 64.8987041921
41 62.5528292228
61 20.6085533270
64 0.9551069542
89 26.1204600328
evaluations raw_y
1 63415.6853524867
2 10981.6771344493
3 64.8987041921
47 44.0584772790
52 27.7229991550
56 9.9925451540
87 7.3457410523
89 3.3207654206
evaluations raw_y
1 63415.6853524867
2 10981.6771344493
3 64.8987041921
77 21.2628996764
89 230.9575601225
evaluations raw_y
1 63415.6853524867
2 10981.6771344493
3 64.8987041921
12 3.3544598633
60 2.7418272568
66 2.4700277902
72 2.3315797310
74 1.8946119937
76 1.8736082761
89 2.2260045165
evaluations raw_y
1 9965.1622965606
3 3617.3189765873
8 2718.6235096679
25 1291.7597319081
27 129.0941272776
34 36.5615316641
46 20.4424696857
56 18.3295049019
66 11.3837969616
78 7.1897942185
82 2.7445875346
89 78.2199555947
evaluations raw_y
1 9965.1622965606
3 3617.3189765873
8 2718.6235096679
10 59.6075194399
22 29.2026413930
38 13.4709434445
58 8.6163668657
59 5.9094061536
60 4.2267337879
62 2.1718798586
72 2.1223498074
83 1.9089500388
89 2.9406682716
evaluations raw_y
1 9965.1622965606
3 3617.3189765873
8 2718.6235096679
11 2689.9757712274
13 403.9028032029
15 355.6326691041
29 82.4827647135
51 32.2920792264
58 19.6290390552
62 11.0073249394
69 0.8759950913
89 7.0016923929
evaluations raw_y
1 9965.1622965606
3 3617.3189765873
8 2718.6235096679
19 1586.8891427033
20 872.5692211200
38 687.5283771047
40 95.3458549041
48 57.0336574427
57 48.2950008555
59 28.1144128750
63 20.1962294921
73 18.6500126252
78 10.8372870130
89 18.2642931796
evaluations raw_y
1 9965.1622965606
3 3617.3189765873
8 2718.6235096679
10 686.8491828165
13 87.6207033481
40 43.6997612546
52 35.1350122481
54 24.1392159322
57 19.2299282569
58 10.4680755708
62 3.4499798973
64 1.8463518335
89 4.5598297067
evaluations raw_y
1 8903.6015873609
2 3471.3171104789
10 1309.6844282171
11 1191.7859832318
25 617.6512256901
33 597.3311868686
42 460.8354341077
44 318.1528590396
45 53.3784386849
47 19.1032645774
75 2.8301700445
87 1.1457768554
89 24.5385491423
evaluations raw_y
1 8903.6015873609
2 3471.3171104789
14 1814.7088717322
17 1107.4773567204
23 900.6599277499
34 55.2911634714
68 33.7318355624
70 23.6447373069
71 22.6683327996
82 5.9156051877
89 17.8728626148
evaluations raw_y
1 8903.6015873609
2 3471.3171104789
10 102.9409426084
14 90.8204815632
44 61.2148948474
48 6.6274891925
54 3.2035328812
75 1.2001479467
79 1.0488092352
81 0.8531158362
85 0.3512884840
89 1.1227812013
evaluations raw_y
1 8903.6015873609
2 3471.3171104789
10 1171.7779183249
13 503.7894455931
24 135.2785907638
31 111.0703305043
40 99.9214457979
42 54.0619961287
47 2.1743410530
77 1.8214540974
87 0.9276724453
89 10.2710346603
evaluations raw_y
1 8903.6015873609
2 3471.3171104789
18 433.2452404718
40 95.2285161105
55 72.8872823778
56 24.6023631962
65 12.9223541788
78 7.2986003234
89 4.8454995954
evaluations raw_y
1 27836.4391152060
2 9468.4310690386
4 6610.2704754002
7 3752.8132427862
10 402.4607200368
21 49.1729404121
25 30.0191005361
35 24.2459759593
47 12.1437069385
64 5.6432146275
68 2.2326424060
78 1.5493947596
80 1.3149522138
83 1.2314958316
87 1.0774160834
89 1.3826369479
evaluations raw_y
1 27836.4391152060
2 9468.4310690386
4 6610.2704754002
7 3752.8132427862
10 1896.6059695189
13 214.1532863972
16 25.0606973781
56 12.9200632686
61 10.9203407938
66 9.1101520903
71 2.8542205476
76 2.4431088944
78 1.6285887367
85 1.6260421035
89 3.7970768746
evaluations raw_y
1 27836.4391152060
2 9468.4310690386
4 6610.2704754002
7 3752.8132427862
10 176.4187008053
12 9.5903529282
43 8.2286402134
60 8.0554166437
69 5.7311708680
84 5.6381890562
85 5.0130304123
86 4.4549569916
89 6.4744056853
evaluations raw_y
1 27836.4391152060
2 9468.4310690386
4 6610.2704754002
7 3752.8132427862
15 486.7420064055
26 352.1031059775
29 22.8936561267
72 10.8874350546
82 7.8267154611
89 68.8011554182
evaluations raw_y
1 27836.4391152060
2 9468.4310690386
4 6610.2704754002
7 3752.8132427862
12 1776.7996214372
14 985.8688489234
18 226.4969202571
45 63.9785551363
48 6.0587659801
67 4.6285683958
86 4.0747282189
89 4.5977247826
evaluations raw_y
1 151602.3923573209
2 67212.2434085936
3 23899.4675741768
4 712.4319065441
11 193.9912471298
21 162.1586215825
32 85.9459249773
42 55.6598091389
47 3.9769424501
50 2.5536297752
83 2.3211321394
89 8.5051176761
evaluations raw_y
1 151602.3923573209
2 67212.2434085936
3 23899.4675741768
4 712.4319065441
12 54.4074964115
17 7.1814952472
57 3.3956382989
63 2.3547009826
73 0.7414523820
89 0.8063684737
evaluations raw_y
1 151602.3923573209
2 67212.2434085936
3 23899.4675741768
4 712.4319065441
14 512.7291177116
28 398.7158704151
33 291.7001565083
43 13.5428479494
61 8.4442869260
79 8.3206339967
85 7.6325196330
86 5.5109399220
89 57.5406660986
evaluations raw_y
1 151602.3923573209
2 67212.2434085936
3 23899.4675741768
4 712.4319065441
24 563.6579213017
25 184.3593125306
60 136.8178444697
62 17.0686351098
63 14.6027365705
79 9.1250711122
89 87.1245833770
evaluations raw_y
1 151602.3923573209
2 67212.2434085936
3 23899.4675741768
4 712.4319065441
17 45.9840216231
35 23.0541900911
42 15.6925224336
46 9.1488713952
61 1.3026957263
65 0.3734153617
75 0.3441189958
86 0.2313273857
89 11.9689579078
evaluations raw_y
1 20730.0232756518
3 2991.8064576784
5 1496.2994698191
14 1366.2552868442
21 440.1831438038
25 422.6602811309
43 109.8973572752
49 68.3094637115
56 39.3548062389
59 35.8028218436
65 8.2229674292
82 7.1453605581
85 5.0792259520
89 36.1973448450
evaluations raw_y
1 20730.0232756518
3 2991.8064576784
5 1496.2994698191
17 877.5169626049
22 304.8570903866
28 5.2347898969
45 4.0098701502
62 3.9466180618
72 1.8724754841
80 1.8702031355
89 20.7822296422
evaluations raw_y
1 20730.0232756518
3 2991.8064576784
5 1496.2994698191
10 1123.1781719079
11 205.7766192650
12 75.3050683857
34 27.6695590473
41 18.9164987514
70 13.0839489212
72 9.9591603600
75 8.7456990512
77 7.6115516203
80 0.8698814819
89 59.9705642634
evaluations raw_y
1 20730.0232756518
3 2991.8064576784
5 1496.2994698191
15 875.3384593880
16 91.5499949572
52 41.0072590604
69 12.1852579263
78 5.0445186345
81 4.5515274911
83 1.9008640815
89 36.7932456458
evaluations raw_y
1 20730.0232756518
3 2991.8064576784
5 1496.2994698191
18 932.0486692963
20 926.9258529920
27 150.7298230949
38 56.0052717712
54 39.0565241718
63 7.1992941100
89 99.6386021407
evaluations raw_y
1 71194.0619656983
2 1697.3111674409
10 795.2485359469
15 258.5716393988
30 71.1639495583
39 1.6554114758
64 1.6183442947
79 1.1464305991
82 0.3278971888
89 0.8080942555
evaluations raw_y
1 71194.0619656983
2 1697.3111674409
11 210.1037365970
14 85.8904701383
44 49.1298273725
45 5.1442676302
64 3.5994507334
65 3.0170742686
76 2.9539309871
80 2.7304323901
81 2.7177301016
89 2.6762027577
evaluations raw_y
1 71194.0619656983
2 1697.3111674409
10 398.1528058077
26 54.7292758695
28 25.9949172566
38 4.5101944396
64 4.3488947458
81 4.2805141233
82 4.2483370802
86 3.9629977003
89 9.2612896461
evaluations raw_y
1 71194.0619656983
2 1697.3111674409
20 914.9394665136
27 346.7963212938
41 1.7450835474
85 1.4854435352
89 3.5293148811
evaluations raw_y
1 71194.0619656983
2 1697.3111674409
54 389.8126995699
57 356.4465931861
58 156.3165305512
59 152.6828094441
65 64.6681966040
66 39.7785707843
89 10568.0311796896
evaluations raw_y
1 12119.5016554390
3 3062.0494850956
6 177.7683139867
15 134.1578093229
29 5.7598405283
54 3.9443612808
55 1.1693923339
89 2.7698557528
evaluations raw_y
1 12119.5016554390
3 3062.0494850956
6 177.7683139867
19 164.7222590111
23 117.2082023324
24 42.3509754439
27 39.2122521544
43 21.8003778412
60 18.3265514387
61 18.2766196253
65 16.8065977871
75 6.9754654972
78 6.1259027575
88 5.2708002363
89 5.7121971099
evaluations raw_y
1 12119.5016554390
3 3062.0494850956
6 177.7683139867
11 70.2182650601
37 5.4227947043
51 3.9323529942
53 1.8041743165
75 1.4972870980
80 1.4146737428
88 1.3572005598
89 0.8890307761
evaluations raw_y
1 12119.5016554390
3 3062.0494850956
6 177.7683139867
37 94.5263977801
48 32.8264256111
54 13.6507210644
63 8.6205965065
74 6.0900789913
76 5.9421225580
77 4.7162048099
84 2.8544649907
89 6.2953470241
evaluations raw_y
1 12119.5016554390
3 3062.0494850956
6 177.7683139867
17 29.8629804728
18 26.1950287171
28 2.3370683199
65 1.3198013542
74 0.6962719638
75 0.1463238540
89 7.9489057240
evaluations raw_y
1 44170.9916897215
2 12477.6330747981
3 667.4481565177
10 157.3798507358
11 122.3047317233
17 100.9342533543
37 11.1897390105
38 4.9363749774
43 2.9362386532
61 2.5779058057
77 0.5552786282
80 0.3328777325
81 0.1577776853
89 17.8869870358
evaluations raw_y
1 44170.9916897215
2 12477.6330747981
3 667.4481565177
10 326.2843209610
21 249.9865110955
34 163.8278165470
37 56.4377208081
43 8.3166855866
69 5.1778172067
73 1.4763240826
75 0.4792329636
89 4.3382430959
evaluations raw_y
1 44170.9916897215
2 12477.6330747981
3 667.4481565177
10 173.1076661130
31 43.0291755549
37 39.2645072095
44 5.5188991795
78 3.5730092303
89 3.5368951877
evaluations raw_y
1 44170.9916897215
2 12477.6330747981
3 667.4481565177
20 562.8640164523
21 184.0860476956
33 5.7178872363
61 1.6306437982
62 0.5701011316
71 0.5400041409
88 0.4594513202
89 3.6583429200
evaluations raw_y
1 44170.9916897215
2 12477.6330747981
3 667.4481565177
12 259.6279473887
18 50.2640843704
47 39.0307359008
49 14.5258745441
56 7.0699391166
74 6.8398841318
75 6.5012416599
76 5.1122536581
86 3.5822272115
89 9.5642058158
evaluations raw_y
1 70968.8070587661
2 530.2803086021
34 344.8362118977
50 308.6028882384
56 131.1769531140
66 70.6746285071
72 24.4235443996
78 19.1638640646
82 8.2312572101
89 84.8140107863
evaluations raw_y
1 70968.8070587661
2 530.2803086021
28 174.5450571045
37 35.5176453445
56 29.7143908399
64 26.5204225041
65 14.3296896654
72 9.1300865994
75 4.8311279050
80 1.5304186143
89 12.0783099954
evaluations raw_y
1 70968.8070587661
2 530.2803086021
15 286.1103539244
47 67.0773011705
72 44.7683933197
75 18.6813260894
76 16.4557751282
89 21.1387683808
evaluations raw_y
1 70968.8070587661
2 530.2803086021
12 96.4017954911
45 70.3186108520
46 16.6629068444
55 10.4084373963
60 8.8027477220
65 1.4380213046
89 2.6701329931
evaluations raw_y
1 70968.8070587661
2 530.2803086021
32 525.4203437336
35 503.8777321788
47 455.3146936350
48 271.7727952863
53 74.9676574848
63 39.4162357898
77 5.6218869162
89 45.5558217196
evaluations raw_y
1 2838.9694472876
4 2559.8288999276
5 800.0865332436
31 241.2188706362
41 180.9121468590
44 24.5330258344
73 7.2912357114
88 3.5077076670
89 7.0932894404
evaluations raw_y
1 2838.9694472876
4 2559.8288999276
5 800.0865332436
16 18.0074836492
39 14.7441006335
50 5.4522272089
51 4.0980834829
53 1.2987827213
85 1.2497949128
87 0.9525802062
89 1.1863982558
evaluations raw_y
1 2838.9694472876
4 2559.8288999276
5 800.0865332436
11 107.4491303724
12 98.3286143272
38 23.4252463475
45 8.4385594084
67 5.7501769877
76 3.4378429083
89 4.2726993432
evaluations raw_y
1 2838.9694472876
4 2559.8288999276
5 800.0865332436
10 109.9188823456
15 9.3001596088
57 3.8114267990
60 2.1785211395
65 0.7138837572
77 0.2019385001
89 0.2498594048
evaluations raw_y
1 2838.9694472876
4 2559.8288999276
5 800.0865332436
12 400.9819087100
28 187.4939518253
31 62.4902567951
41 34.9714120837
59 20.1499050702
65 14.1342288267
66 0.7518901611
89 15.8253247075
evaluations raw_y
1 68984.9409986353
2 27229.9233225171
5 14272.6183696357
9 2254.4573567692
12 2014.5176374383
18 362.0046190505
40 194.8707590015
43 188.1932876893
45 56.5408952690
62 9.1875554010
84 5.9474655072
88 4.2047088914
89 3.9221884941
evaluations raw_y
1 68984.9409986353
2 27229.9233225171
5 14272.6183696357
9 2254.4573567692
16 307.5828572543
31 236.7441691421
45 100.8394798043
62 25.0676486891
64 14.7796909592
70 5.1026390952
74 3.4836846990
89 2.9273113446
evaluations raw_y
1 68984.9409986353
2 27229.9233225171
5 14272.6183696357
9 2254.4573567692
10 1742.2793507983
14 811.1433842929
20 389.4334696047
22 43.5100261564
39 11.2636114906
57 5.5664149081
73 4.2474920520
74 3.0507215648
76 1.5210860726
88 1.4996115714
89 3.3316395145
evaluations raw_y
1 68984.9409986353
2 27229.9233225171
5 14272.6183696357
9 2254.4573567692
10 532.3427511185
18 519.0283507844
33 344.2198567080
39 190.8999401838
40 83.9169314150
41 9.5556583022
43 3.7389051064
58 1.8049941044
89 2.7334476161
evaluations raw_y
1 68984.9409986353
2 27229.9233225171
5 14272.6183696357
9 2254.4573567692
12 718.7235154572
18 348.9250988441
30 75.4070669368
41 6.3422405473
64 3.3766448145
66 3.1290933471
69 2.4389405368
73 1.4091100802
89 3.8565789896
