evaluations raw_y
1 74.7115734991
2 42.1260735243
11 2.0287357327
30 1.9494682625
55 1.0137263738
67 0.7706613070
86 1.2395693238
evaluations raw_y
1 74.7115734991
2 42.1260735243
10 31.8240730971
19 15.3523602951
27 14.4213046282
29 0.5311214681
39 0.0261565214
86 80.6399512831
evaluations raw_y
1 74.7115734991
2 42.1260735243
13 27.1949265743
14 18.0214448167
22 11.1976957125
28 3.0380861769
71 2.8793872793
81 2.4237043178
85 1.9823802655
86 9.5947448617
evaluations raw_y
1 74.7115734991
2 42.1260735243
14 8.9539245815
28 0.7222037411
36 0.4877636805
49 0.0356655625
86 11.8171671973
evaluations raw_y
1 74.7115734991
2 42.1260735243
10 25.6438301662
11 25.0177902377
14 10.6961126486
18 6.9868654100
28 6.8602403863
32 2.0277958165
57 1.9912730475
62 1.8969319868
72 0.8567664305
86 2.0053089010
evaluations raw_y
1 71.2909946469
4 32.1330754619
12 19.3857561774
19 12.3201596932
25 10.5055606628
35 2.0035447404
41 1.9672543725
43 0.6365040776
45 0.0552585062
86 0.4669642616
evaluations raw_y
1 71.2909946469
4 32.1330754619
15 12.2879757334
17 10.0224773141
86 42.1407422886
evaluations raw_y
1 71.2909946469
4 32.1330754619
11 32.0272857772
28 18.7240354806
66 13.7447280828
76 11.2711171922
78 8.8789689553
86 51.8694878851
evaluations raw_y
1 71.2909946469
4 32.1330754619
12 13.9976044362
24 2.1650869254
46 1.1672319440
47 0.1277098806
61 0.0165567109
74 0.0010656270
86 10.2630110510
evaluations raw_y
1 71.2909946469
4 32.1330754619
10 18.7756954530
12 6.8894096782
13 6.0461352613
29 1.6920969773
33 0.3969782466
86 51.9028397904
evaluations raw_y
1 72.4274012823
2 5.7432490317
45 1.8504083239
86 63.6342949311
evaluations raw_y
1 72.4274012823
2 5.7432490317
65 2.6854932573
86 5.4055714366
evaluations raw_y
1 72.4274012823
2 5.7432490317
81 5.6978633039
85 5.5524842847
86 37.5422431512
evaluations raw_y
1 72.4274012823
2 5.7432490317
86 39.6181501855
evaluations raw_y
1 72.4274012823
2 5.7432490317
11 4.3092540376
31 2.0223476538
86 15.8017098618
evaluations raw_y
1 76.7912151371
2 69.3792777138
3 64.1482918264
10 59.9099361803
11 51.4668262692
15 41.7196452906
18 31.1929215580
22 10.3298558624
42 0.7047589537
43 0.5880626669
84 0.0370770924
86 48.1835991283
evaluations raw_y
1 76.7912151371
2 69.3792777138
3 64.1482918264
12 54.0146387294
13 49.4074999395
25 38.2948698714
29 22.0812998190
32 7.4152279574
62 6.9927989939
77 6.6747910650
86 8.1737891539
evaluations raw_y
1 76.7912151371
2 69.3792777138
3 64.1482918264
10 29.6045701358
36 21.0992420539
54 8.0379982751
56 3.5910673672
65 1.4572725034
86 63.1749168414
evaluations raw_y
1 76.7912151371
2 69.3792777138
3 64.1482918264
10 41.0555011780
11 32.1498750347
12 27.3904513834
14 14.6014486052
56 1.5663663510
86 55.6251738191
evaluations raw_y
1 76.7912151371
2 69.3792777138
3 64.1482918264
11 37.3458227084
12 18.6880409426
16 7.6172442604
21 7.4308525228
66 1.3988857987
86 4.6629067519
evaluations raw_y
1 81.0519311683
2 72.9244862923
3 62.0465289856
4 46.3817673361
11 17.3347686756
38 12.0032669942
51 10.2610732144
69 8.4600761015
86 11.0444786778
evaluations raw_y
1 81.0519311683
2 72.9244862923
3 62.0465289856
4 46.3817673361
13 32.0921428040
15 19.0210651830
20 7.8907101144
58 2.0458115054
86 27.1744189101
evaluations raw_y
1 81.0519311683
2 72.9244862923
3 62.0465289856
4 46.3817673361
11 4.5420892240
86 46.9359881050
evaluations raw_y
1 81.0519311683
2 72.9244862923
3 62.0465289856
4 46.3817673361
23 41.7501099239
26 15.9819823153
28 12.0664848212
50 9.3925949629
85 4.9673229302
86 22.6313850995
evaluations raw_y
1 81.0519311683
2 72.9244862923
3 62.0465289856
4 46.3817673361
11 17.3821552692
31 14.8549680480
40 12.0521075741
41 4.1982692309
52 3.5891493385
85 3.4983611911
86 67.5290315356
evaluations raw_y
1 54.3346097677
9 16.8272699629
33 7.7264229578
58 6.4031628470
86 7.0572312379
evaluations raw_y
1 54.3346097677
9 16.8272699629
23 7.4531994352
45 2.5814906908
66 1.9788332243
86 23.2570881257
evaluations raw_y
1 54.3346097677
9 16.8272699629
33 7.7546989372
51 7.0777228551
72 5.4062052860
79 3.6539956193
86 7.5844568869
evaluations raw_y
1 54.3346097677
9 16.8272699629
18 10.3162243587
19 6.5963909306
20 0.4901805087
86 29.7904778317
evaluations raw_y
1 54.3346097677
9 16.8272699629
20 2.4982939785
32 0.3449264381
86 24.1008814391
evaluations raw_y
1 69.0267280662
2 5.9767129724
22 3.3487075998
83 0.0149002484
86 16.9108700292
evaluations raw_y
1 69.0267280662
2 5.9767129724
60 4.1743317103
86 12.0008758840
evaluations raw_y
1 69.0267280662
2 5.9767129724
44 4.4593219278
50 3.4052623418
51 0.0440918794
85 0.0069462138
86 0.4123924375
evaluations raw_y
1 69.0267280662
2 5.9767129724
50 3.1473484159
71 0.7470499228
86 66.4280412316
evaluations raw_y
1 69.0267280662
2 5.9767129724
75 1.8428547712
86 39.3200379151
evaluations raw_y
1 52.5299347228
3 14.7947056835
6 5.5734189477
62 5.0225637568
83 4.5003730880
84 2.9388135421
86 7.0653830009
evaluations raw_y
1 52.5299347228
3 14.7947056835
6 5.5734189477
86 62.9890874020
evaluations raw_y
1 52.5299347228
3 14.7947056835
6 5.5734189477
70 5.2056262221
81 2.7239103025
86 10.7972576903
evaluations raw_y
1 52.5299347228
3 14.7947056835
6 5.5734189477
86 75.4839632199
evaluations raw_y
1 52.5299347228
3 14.7947056835
6 5.5734189477
58 4.1431554682
66 3.8168069970
70 2.1210838051
72 1.0978353377
74 0.8340805335
86 5.1913402670
evaluations raw_y
1 80.0118052328
2 65.8130636199
3 51.7401384933
4 18.9580766015
8 6.8488673282
26 5.6218527626
52 5.2775949468
53 2.6438022057
74 2.1412559674
86 19.2502277381
evaluations raw_y
1 80.0118052328
2 65.8130636199
3 51.7401384933
4 18.9580766015
8 6.8488673282
20 2.8812261253
47 1.3515515338
73 1.0073894114
82 0.9562568244
83 0.8810660940
86 1.2060076480
evaluations raw_y
1 80.0118052328
2 65.8130636199
3 51.7401384933
4 18.9580766015
8 6.8488673282
11 4.0329524573
20 1.9040356482
86 3.0086311487
evaluations raw_y
1 80.0118052328
2 65.8130636199
3 51.7401384933
4 18.9580766015
8 6.8488673282
38 0.0802443340
50 0.0610305474
80 0.0544995490
86 12.7619350872
evaluations raw_y
1 80.0118052328
2 65.8130636199
3 51.7401384933
4 18.9580766015
8 6.8488673282
30 0.9109269951
55 0.1806832190
86 0.5906083140
evaluations raw_y
1 85.5373420618
2 78.5121200076
3 69.5311125728
4 59.4057049010
5 54.5287880027
7 28.7699075422
10 16.8719961003
47 9.0732962528
77 3.0066850472
86 12.4582275404
evaluations raw_y
1 85.5373420618
2 78.5121200076
3 69.5311125728
4 59.4057049010
5 54.5287880027
7 28.7699075422
32 24.4696573661
33 7.3912321401
71 2.0919704726
86 51.7514571307
evaluations raw_y
1 85.5373420618
2 78.5121200076
3 69.5311125728
4 59.4057049010
5 54.5287880027
7 28.7699075422
13 22.0809209271
31 16.3402057811
41 2.3605219369
47 2.3171003032
66 2.0246194516
86 53.0569754586
evaluations raw_y
1 85.5373420618
2 78.5121200076
3 69.5311125728
4 59.4057049010
5 54.5287880027
7 28.7699075422
41 5.8995230791
86 35.4813392084
evaluations raw_y
1 85.5373420618
2 78.5121200076
3 69.5311125728
4 59.4057049010
5 54.5287880027
7 28.7699075422
10 13.1879596693
15 6.9895674274
86 64.1767865420
evaluations raw_y
1 61.6003981488
2 43.3656340680
12 26.6792219353
13 23.1312204394
18 20.3666048090
21 7.4640072243
50 1.9923541079
79 1.2497998869
86 69.6907123249
evaluations raw_y
1 61.6003981488
2 43.3656340680
11 29.9236255174
12 25.7450927342
18 7.3185059395
32 6.2290599542
86 34.9228513688
evaluations raw_y
1 61.6003981488
2 43.3656340680
13 10.6159135920
26 5.2151801574
45 2.6014289565
86 53.2677940887
evaluations raw_y
1 61.6003981488
2 43.3656340680
12 13.1466600463
17 11.0961120082
27 8.9743520425
41 3.6703808479
86 5.3973649037
evaluations raw_y
1 61.6003981488
2 43.3656340680
12 36.6389199745
13 13.7949407884
22 0.4867958848
86 18.6100188710
evaluations raw_y
1 44.8183065142
6 40.8421311565
15 22.2359008283
16 18.3741220492
21 10.7065664471
26 3.9618693598
57 3.5062248174
76 2.6116740665
80 2.1132826830
86 22.1794127186
evaluations raw_y
1 44.8183065142
6 40.8421311565
15 37.6613182858
19 23.2606430484
32 5.6436076755
38 5.5908437759
41 4.2996731591
56 0.5973615368
86 62.8605049664
evaluations raw_y
1 44.8183065142
6 40.8421311565
11 38.4788090892
12 14.8203865687
40 5.3482193025
41 3.7764903926
70 3.6473689180
73 0.9864250462
86 14.2832635192
evaluations raw_y
1 44.8183065142
6 40.8421311565
13 7.5405107807
69 4.3040069069
77 0.1862207588
86 5.2589191308
evaluations raw_y
1 44.8183065142
6 40.8421311565
24 16.2850241545
29 1.0342479514
44 0.9083425046
79 0.4678959285
86 24.4212260052
evaluations raw_y
1 29.5888326669
4 23.0154989271
23 20.9513894025
25 16.4419912961
62 9.8160912135
72 5.3985778157
76 4.2522697006
84 2.0369507911
86 63.1619836357
evaluations raw_y
1 29.5888326669
4 23.0154989271
14 22.5218539438
23 22.2963463625
33 18.0114334113
41 14.1789091380
63 13.2872872733
64 9.8421714011
86 17.3790812577
evaluations raw_y
1 29.5888326669
4 23.0154989271
25 13.8146687314
28 0.5378274916
86 70.2082383848
evaluations raw_y
1 29.5888326669
4 23.0154989271
11 11.3545358279
40 7.5934987029
86 57.1165409339
evaluations raw_y
1 29.5888326669
4 23.0154989271
14 16.8455669252
26 14.0100733643
39 12.4927868554
48 8.8623261751
68 5.2858404915
86 19.9355899724
evaluations raw_y
1 39.2360380461
3 28.1540473856
5 5.8719611520
37 4.4578762482
45 0.9667114956
86 4.2429204515
evaluations raw_y
1 39.2360380461
3 28.1540473856
5 5.8719611520
16 1.8909334017
86 2.0432189162
evaluations raw_y
1 39.2360380461
3 28.1540473856
5 5.8719611520
86 39.8365731950
evaluations raw_y
1 39.2360380461
3 28.1540473856
5 5.8719611520
20 4.9009871084
86 66.9658452308
evaluations raw_y
1 39.2360380461
3 28.1540473856
5 5.8719611520
52 2.8305313833
63 2.1736895016
69 2.0692132917
70 1.8133007599
80 1.7355171132
86 22.5757804749
