evaluations raw_y
1 26.6373910661
3 18.6192667441
5 9.1100533640
13 6.9917836830
17 6.3323812327
18 5.0875406873
27 0.9608031299
28 0.4667314353
59 2.8693679687
evaluations raw_y
1 26.6373910661
3 18.6192667441
5 9.1100533640
10 4.7689998543
11 0.3634687508
59 14.6596011144
evaluations raw_y
1 26.6373910661
3 18.6192667441
5 9.1100533640
8 3.7510825299
9 2.8157178994
15 2.7840220100
42 2.3952070614
55 2.0543809178
59 3.9170131542
evaluations raw_y
1 26.6373910661
3 18.6192667441
5 9.1100533640
19 5.3490422152
39 4.5339213785
59 23.8314292466
evaluations raw_y
1 26.6373910661
3 18.6192667441
5 9.1100533640
11 4.7272259982
14 1.0641554745
22 0.7339966495
52 0.7037428928
59 12.7505758003
evaluations raw_y
1 28.1840357691
2 0.9857123883
43 0.4433296699
59 7.0571034282
evaluations raw_y
1 28.1840357691
2 0.9857123883
45 0.2998849758
48 0.0665345854
59 17.2829884972
evaluations raw_y
1 28.1840357691
2 0.9857123883
28 0.0822648437
59 19.9045470977
evaluations raw_y
1 28.1840357691
2 0.9857123883
34 0.5841816169
36 0.3245914562
48 0.0315962348
59 1.7427349938
evaluations raw_y
1 28.1840357691
2 0.9857123883
43 0.2412914286
59 19.6441552458
evaluations raw_y
1 15.9551152295
2 2.3427201450
15 0.2426192228
49 0.2372697170
59 16.2771511445
evaluations raw_y
1 15.9551152295
2 2.3427201450
20 2.1608429801
30 0.0712323983
52 0.0195296775
59 20.0196216184
evaluations raw_y
1 15.9551152295
2 2.3427201450
39 2.1847227667
44 2.1270802567
59 3.7776353005
evaluations raw_y
1 15.9551152295
2 2.3427201450
34 1.2112986282
36 1.1473396134
40 0.9280919168
59 1.6565555107
evaluations raw_y
1 15.9551152295
2 2.3427201450
31 0.0526804320
59 0.3183959585
evaluations raw_y
1 20.2869574151
3 6.5290480009
5 6.5136348359
18 2.1301728935
59 19.5720447668
evaluations raw_y
1 20.2869574151
3 6.5290480009
5 6.5136348359
32 2.1307462435
41 0.3348287026
59 4.1621232656
evaluations raw_y
1 20.2869574151
3 6.5290480009
5 6.5136348359
12 1.7783251688
15 0.0318491465
59 0.8516747663
evaluations raw_y
1 20.2869574151
3 6.5290480009
5 6.5136348359
12 5.0274029846
15 4.3205670243
26 0.5113680219
42 0.1475631603
57 0.0664825246
59 20.0078532212
evaluations raw_y
1 20.2869574151
3 6.5290480009
5 6.5136348359
16 5.7476803793
19 0.8121158465
52 0.6293329585
59 18.9742705435
evaluations raw_y
1 20.1767821539
2 3.0603586096
7 0.1541043889
59 15.0033937144
evaluations raw_y
1 20.1767821539
2 3.0603586096
7 0.0556448912
46 0.0339734685
56 0.0264471767
59 0.0133614943
evaluations raw_y
1 20.1767821539
2 3.0603586096
7 2.3737059095
11 2.0329628270
34 1.3848225998
40 0.8227957991
51 0.5688111368
59 0.7226206807
evaluations raw_y
1 20.1767821539
2 3.0603586096
14 1.7855655950
15 1.3869060325
22 1.2673941041
43 1.0206457561
56 0.3773058409
59 19.3319002790
evaluations raw_y
1 20.1767821539
2 3.0603586096
17 1.7423280324
33 0.5153538617
41 0.5034338401
47 0.1638610778
59 11.7359177942
evaluations raw_y
1 44.6080369747
2 17.7290616007
3 12.8632917883
5 1.8153842666
14 0.6625941697
55 0.1130133350
59 14.1233464150
evaluations raw_y
1 44.6080369747
2 17.7290616007
3 12.8632917883
5 1.8153842666
18 1.3196491857
59 9.3903612491
evaluations raw_y
1 44.6080369747
2 17.7290616007
3 12.8632917883
5 1.8153842666
10 1.2447935985
31 1.1460104743
37 0.2516181850
39 0.1447036842
59 12.2062549771
evaluations raw_y
1 44.6080369747
2 17.7290616007
3 12.8632917883
5 1.8153842666
21 0.3930189495
55 0.3618743475
57 0.1001823947
58 0.0641441276
59 13.7292766209
evaluations raw_y
1 44.6080369747
2 17.7290616007
3 12.8632917883
5 1.8153842666
23 0.4483971541
59 1.1239099638
evaluations raw_y
1 9.6289994392
4 0.8157690465
59 1.6981301860
evaluations raw_y
1 9.6289994392
4 0.8157690465
58 0.3670180598
59 7.1024209893
evaluations raw_y
1 9.6289994392
4 0.8157690465
59 23.3872109688
evaluations raw_y
1 9.6289994392
4 0.8157690465
7 0.4322260779
30 0.3121983195
59 19.6093912109
evaluations raw_y
1 9.6289994392
4 0.8157690465
51 0.7165804783
59 1.2615842672
evaluations raw_y
1 12.9826256190
6 4.3955793691
14 4.3258661832
30 1.5005224373
52 1.3703057955
57 0.7730697006
59 9.4096333616
evaluations raw_y
1 12.9826256190
6 4.3955793691
21 3.4059497499
35 1.1642132776
36 0.9630825214
57 0.7093135323
59 11.9651931592
evaluations raw_y
1 12.9826256190
6 4.3955793691
10 1.6882498851
29 1.0685388670
53 0.7688020478
59 18.9676886018
evaluations raw_y
1 12.9826256190
6 4.3955793691
16 1.8482932197
20 1.5138946464
59 4.0452758007
evaluations raw_y
1 12.9826256190
6 4.3955793691
12 3.8126403598
13 2.6193674917
21 1.8964761564
40 1.1279938342
45 0.2957042098
59 10.3118459063
evaluations raw_y
1 18.1699692733
2 2.9571362581
4 0.5944030094
39 0.2722242495
47 0.1295190461
52 0.0003239848
59 0.6059968073
evaluations raw_y
1 18.1699692733
2 2.9571362581
4 0.5944030094
20 0.0629383183
59 9.3404009163
evaluations raw_y
1 18.1699692733
2 2.9571362581
4 0.5944030094
46 0.3016106752
50 0.0060449223
59 19.3504676929
evaluations raw_y
1 18.1699692733
2 2.9571362581
4 0.5944030094
39 0.3042763227
59 2.9990986193
evaluations raw_y
1 18.1699692733
2 2.9571362581
4 0.5944030094
34 0.4647578712
41 0.0880428175
59 11.9207955864
evaluations raw_y
1 115.9693695599
2 6.6286940709
3 4.9355666950
6 3.9918142045
11 0.2374401029
52 0.1495205005
59 2.1891934868
evaluations raw_y
1 115.9693695599
2 6.6286940709
3 4.9355666950
6 3.9918142045
20 2.2395321108
36 0.1845700697
59 4.0675278102
evaluations raw_y
1 115.9693695599
2 6.6286940709
3 4.9355666950
6 3.9918142045
15 3.8257010185
26 2.6603576951
40 2.4489506630
42 1.0972923774
58 0.3726989477
59 0.5502212911
evaluations raw_y
1 115.9693695599
2 6.6286940709
3 4.9355666950
6 3.9918142045
10 3.9812559601
15 3.2130520683
33 0.6210468010
48 0.3007807925
59 14.3252405404
evaluations raw_y
1 115.9693695599
2 6.6286940709
3 4.9355666950
6 3.9918142045
22 1.8780848122
31 1.6528808124
43 0.3005718332
59 0.3374281098
evaluations raw_y
1 18.5854302252
6 7.2943354362
21 6.7601464108
41 6.6384282349
45 0.6095794203
59 3.5947122081
evaluations raw_y
1 18.5854302252
6 7.2943354362
24 3.0230185532
29 0.0012890520
59 19.6476507907
evaluations raw_y
1 18.5854302252
6 7.2943354362
10 6.4271358021
12 3.9029358721
14 3.8787513215
35 3.3109675083
55 2.3359429086
59 20.7383869687
evaluations raw_y
1 18.5854302252
6 7.2943354362
10 1.1664278062
18 1.0981526252
49 0.8221741284
52 0.4380189231
59 9.5449614855
evaluations raw_y
1 18.5854302252
6 7.2943354362
12 2.6812237039
15 1.5075128982
21 0.3681875937
53 0.2653335654
59 10.0336393971
evaluations raw_y
1 69.9174494226
2 31.4680533730
3 11.4894916792
8 10.3373139725
13 3.6378579719
25 1.9953394324
39 0.7096333859
59 15.2515403213
evaluations raw_y
1 69.9174494226
2 31.4680533730
3 11.4894916792
12 6.9222071177
18 6.4397979338
24 2.9051510134
25 2.7313993712
29 1.0132279214
48 0.6523312690
50 0.1586990455
59 21.2457211214
evaluations raw_y
1 69.9174494226
2 31.4680533730
3 11.4894916792
7 2.0984957712
17 0.4241453489
40 0.3298459563
41 0.2684280932
59 20.1511746394
evaluations raw_y
1 69.9174494226
2 31.4680533730
3 11.4894916792
7 0.4516721482
36 0.1262674991
59 2.3645521233
evaluations raw_y
1 69.9174494226
2 31.4680533730
3 11.4894916792
7 2.7434166617
26 2.6237759731
33 2.5896339653
37 0.1422423563
59 17.0425999735
evaluations raw_y
1 48.8743183265
2 25.9146072731
3 3.6558067924
9 1.9545773126
27 1.2293333554
39 0.9886399817
54 0.5940633085
59 0.3075237400
evaluations raw_y
1 48.8743183265
2 25.9146072731
3 3.6558067924
8 0.2002569010
39 0.0593666591
51 0.0487634164
57 0.0139698796
59 0.7465596875
evaluations raw_y
1 48.8743183265
2 25.9146072731
3 3.6558067924
7 3.5794188066
9 0.3482138658
15 0.1524077143
56 0.0501195341
59 0.0512486704
evaluations raw_y
1 48.8743183265
2 25.9146072731
3 3.6558067924
31 1.1793441748
46 0.7171762183
59 3.6066509492
evaluations raw_y
1 48.8743183265
2 25.9146072731
3 3.6558067924
11 0.1480071815
59 18.7496279030
evaluations raw_y
1 29.3924140278
2 19.4256730417
4 18.2950289632
5 7.1566471943
7 1.5636194427
8 1.0926946581
14 0.2495471651
55 0.0839276869
59 0.4576114312
evaluations raw_y
1 29.3924140278
2 19.4256730417
4 18.2950289632
5 7.1566471943
7 1.0102241158
15 0.7147807584
17 0.5052757692
56 0.2074502648
59 7.4098356157
evaluations raw_y
1 29.3924140278
2 19.4256730417
4 18.2950289632
5 7.1566471943
8 1.0983995024
9 0.8794151585
28 0.3566121506
59 7.4301274433
evaluations raw_y
1 29.3924140278
2 19.4256730417
4 18.2950289632
5 7.1566471943
7 0.1897481217
44 0.1138003126
47 0.0157230821
59 18.8758014539
evaluations raw_y
1 29.3924140278
2 19.4256730417
4 18.2950289632
5 7.1566471943
7 3.8801083172
19 2.1879153428
25 1.3637110514
29 0.6415652406
54 0.1986420813
59 13.0250980798
