evaluations raw_y
1 55.3013127562
9 21.8377100476
10 6.4072899082
44 6.3453151182
49 4.9855060403
52 4.6174059347
60 4.3584281434
evaluations raw_y
1 55.3013127562
9 21.8377100476
10 6.4072899082
44 6.3453151182
49 4.9855060403
52 4.6174059347
60 4.3584281434
evaluations raw_y
1 55.3013127562
9 21.8377100476
10 6.4072899082
44 6.3453151182
49 4.9855060403
52 4.6174059347
60 4.3584281434
evaluations raw_y
1 55.3013127562
9 21.8377100476
10 6.4072899082
44 6.3453151182
49 4.9855060403
52 4.6174059347
60 4.3584281434
evaluations raw_y
1 55.3013127562
9 21.8377100476
10 6.4072899082
44 6.3453151182
49 4.9855060403
52 4.6174059347
60 4.3584281434
evaluations raw_y
1 108.9999840181
5 107.6471833107
6 75.4797132927
10 57.5703827231
13 38.7890462578
21 29.1980129717
31 17.0095014238
36 6.0889962246
44 4.9016873434
45 4.0410255543
60 201.9776592572
evaluations raw_y
1 108.9999840181
5 107.6471833107
6 75.4797132927
10 57.5703827231
13 38.7890462578
21 29.1980129717
31 17.0095014238
36 6.0889962246
44 4.9016873434
45 4.0410255543
60 201.9776592572
evaluations raw_y
1 108.9999840181
5 107.6471833107
6 75.4797132927
10 57.5703827231
13 38.7890462578
21 29.1980129717
31 17.0095014238
36 6.0889962246
44 4.9016873434
45 4.0410255543
60 201.9776592572
evaluations raw_y
1 108.9999840181
5 107.6471833107
6 75.4797132927
10 57.5703827231
13 38.7890462578
21 29.1980129717
31 17.0095014238
36 6.0889962246
44 4.9016873434
45 4.0410255543
60 201.9776592572
evaluations raw_y
1 108.9999840181
5 107.6471833107
6 75.4797132927
10 57.5703827231
13 38.7890462578
21 29.1980129717
31 17.0095014238
36 6.0889962246
44 4.9016873434
45 4.0410255543
60 201.9776592572
evaluations raw_y
1 110.6987002471
2 11.3211559697
28 3.4615985736
31 1.7756610425
32 1.5168789206
37 1.4675728656
39 1.1765894090
40 1.0121735708
60 112.9320159491
evaluations raw_y
1 110.6987002471
2 11.3211559697
28 3.4615985736
31 1.7756610425
32 1.5168789206
37 1.4675728656
39 1.1765894090
40 1.0121735708
60 112.9320159491
evaluations raw_y
1 110.6987002471
2 11.3211559697
28 3.4615985736
31 1.7756610425
32 1.5168789206
37 1.4675728656
39 1.1765894090
40 1.0121735708
60 112.9320159491
evaluations raw_y
1 110.6987002471
2 11.3211559697
28 3.4615985736
31 1.7756610425
32 1.5168789206
37 1.4675728656
39 1.1765894090
40 1.0121735708
60 112.9320159491
evaluations raw_y
1 110.6987002471
2 11.3211559697
28 3.4615985736
31 1.7756610425
32 1.5168789206
37 1.4675728656
39 1.1765894090
40 1.0121735708
60 112.9320159491
evaluations raw_y
1 56.5688588305
3 27.8077272590
7 16.8314481974
15 5.4632110190
45 3.3555535430
47 2.6310105021
53 2.2611159213
60 75.7020596994
evaluations raw_y
1 56.5688588305
3 27.8077272590
7 16.8314481974
15 5.4632110190
45 3.3555535430
47 2.6310105021
53 2.2611159213
60 75.7020596994
evaluations raw_y
1 56.5688588305
3 27.8077272590
7 16.8314481974
15 5.4632110190
45 3.3555535430
47 2.6310105021
53 2.2611159213
60 75.7020596994
evaluations raw_y
1 56.5688588305
3 27.8077272590
7 16.8314481974
15 5.4632110190
45 3.3555535430
47 2.6310105021
53 2.2611159213
60 75.7020596994
evaluations raw_y
1 56.5688588305
3 27.8077272590
7 16.8314481974
15 5.4632110190
45 3.3555535430
47 2.6310105021
53 2.2611159213
60 75.7020596994
evaluations raw_y
1 45.3221162082
3 33.5137072170
8 13.7153747454
11 5.6452093248
22 2.3282665220
29 1.9610860895
31 1.7742765377
32 0.8431486020
44 0.3960254277
52 0.2691683441
60 66.4573734109
evaluations raw_y
1 45.3221162082
3 33.5137072170
8 13.7153747454
11 5.6452093248
22 2.3282665220
29 1.9610860895
31 1.7742765377
32 0.8431486020
44 0.3960254277
52 0.2691683441
60 66.4573734109
evaluations raw_y
1 45.3221162082
3 33.5137072170
8 13.7153747454
11 5.6452093248
22 2.3282665220
29 1.9610860895
31 1.7742765377
32 0.8431486020
44 0.3960254277
52 0.2691683441
60 66.4573734109
evaluations raw_y
1 45.3221162082
3 33.5137072170
8 13.7153747454
11 5.6452093248
22 2.3282665220
29 1.9610860895
31 1.7742765377
32 0.8431486020
44 0.3960254277
52 0.2691683441
60 66.4573734109
evaluations raw_y
1 45.3221162082
3 33.5137072170
8 13.7153747454
11 5.6452093248
22 2.3282665220
29 1.9610860895
31 1.7742765377
32 0.8431486020
44 0.3960254277
52 0.2691683441
60 66.4573734109
evaluations raw_y
1 208.5309217471
2 126.7496766905
4 17.5785071172
12 12.1184605793
14 9.7947436462
20 8.2546031547
21 5.8409136771
48 0.7148926658
50 0.0554046156
60 44.7671985517
evaluations raw_y
1 208.5309217471
2 126.7496766905
4 17.5785071172
12 12.1184605793
14 9.7947436462
20 8.2546031547
21 5.8409136771
48 0.7148926658
50 0.0554046156
60 44.7671985517
evaluations raw_y
1 208.5309217471
2 126.7496766905
4 17.5785071172
12 12.1184605793
14 9.7947436462
20 8.2546031547
21 5.8409136771
48 0.7148926658
50 0.0554046156
60 44.7671985517
evaluations raw_y
1 208.5309217471
2 126.7496766905
4 17.5785071172
12 12.1184605793
14 9.7947436462
20 8.2546031547
21 5.8409136771
48 0.7148926658
50 0.0554046156
60 44.7671985517
evaluations raw_y
1 208.5309217471
2 126.7496766905
4 17.5785071172
12 12.1184605793
14 9.7947436462
20 8.2546031547
21 5.8409136771
48 0.7148926658
50 0.0554046156
60 44.7671985517
evaluations raw_y
1 126.0179434932
4 17.3633231878
8 6.6283000732
21 2.4431865319
29 1.7422228619
31 1.7412022592
53 1.6885264232
60 50.5051922597
evaluations raw_y
1 126.0179434932
4 17.3633231878
8 6.6283000732
21 2.4431865319
29 1.7422228619
31 1.7412022592
53 1.6885264232
60 50.5051922597
evaluations raw_y
1 126.0179434932
4 17.3633231878
8 6.6283000732
21 2.4431865319
29 1.7422228619
31 1.7412022592
53 1.6885264232
60 50.5051922597
evaluations raw_y
1 126.0179434932
4 17.3633231878
8 6.6283000732
21 2.4431865319
29 1.7422228619
31 1.7412022592
53 1.6885264232
60 50.5051922597
evaluations raw_y
1 126.0179434932
4 17.3633231878
8 6.6283000732
21 2.4431865319
29 1.7422228619
31 1.7412022592
53 1.6885264232
60 50.5051922597
evaluations raw_y
1 81.6740564799
2 74.4299291544
5 35.7722655425
6 30.1125768619
11 29.3869235103
14 20.6158308312
25 8.3230728220
43 1.6611298458
44 0.6846032522
47 0.2667828047
48 0.2116091252
60 0.3127878406
evaluations raw_y
1 81.6740564799
2 74.4299291544
5 35.7722655425
6 30.1125768619
11 29.3869235103
14 20.6158308312
25 8.3230728220
43 1.6611298458
44 0.6846032522
47 0.2667828047
48 0.2116091252
60 0.3127878406
evaluations raw_y
1 81.6740564799
2 74.4299291544
5 35.7722655425
6 30.1125768619
11 29.3869235103
14 20.6158308312
25 8.3230728220
43 1.6611298458
44 0.6846032522
47 0.2667828047
48 0.2116091252
60 0.3127878406
evaluations raw_y
1 81.6740564799
2 74.4299291544
5 35.7722655425
6 30.1125768619
11 29.3869235103
14 20.6158308312
25 8.3230728220
43 1.6611298458
44 0.6846032522
47 0.2667828047
48 0.2116091252
60 0.3127878406
evaluations raw_y
1 81.6740564799
2 74.4299291544
5 35.7722655425
6 30.1125768619
11 29.3869235103
14 20.6158308312
25 8.3230728220
43 1.6611298458
44 0.6846032522
47 0.2667828047
48 0.2116091252
60 0.3127878406
evaluations raw_y
1 63.0067633049
2 6.8148167487
21 5.3932911119
47 4.0893588253
48 4.0408830736
60 75.5699366400
evaluations raw_y
1 63.0067633049
2 6.8148167487
21 5.3932911119
47 4.0893588253
48 4.0408830736
60 75.5699366400
evaluations raw_y
1 63.0067633049
2 6.8148167487
21 5.3932911119
47 4.0893588253
48 4.0408830736
60 75.5699366400
evaluations raw_y
1 63.0067633049
2 6.8148167487
21 5.3932911119
47 4.0893588253
48 4.0408830736
60 75.5699366400
evaluations raw_y
1 63.0067633049
2 6.8148167487
21 5.3932911119
47 4.0893588253
48 4.0408830736
60 75.5699366400
evaluations raw_y
1 110.3997306219
2 50.5522369853
4 20.2859657306
30 10.5522329683
36 6.4085994494
41 2.1091588509
47 2.0130031578
60 189.8574440162
evaluations raw_y
1 110.3997306219
2 50.5522369853
4 20.2859657306
30 10.5522329683
36 6.4085994494
41 2.1091588509
47 2.0130031578
60 189.8574440162
evaluations raw_y
1 110.3997306219
2 50.5522369853
4 20.2859657306
30 10.5522329683
36 6.4085994494
41 2.1091588509
47 2.0130031578
60 189.8574440162
evaluations raw_y
1 110.3997306219
2 50.5522369853
4 20.2859657306
30 10.5522329683
36 6.4085994494
41 2.1091588509
47 2.0130031578
60 189.8574440162
evaluations raw_y
1 110.3997306219
2 50.5522369853
4 20.2859657306
30 10.5522329683
36 6.4085994494
41 2.1091588509
47 2.0130031578
60 189.8574440162
evaluations raw_y
1 65.1667300998
2 42.9135400887
3 18.6122730485
11 9.9347490581
36 4.8748562569
60 73.2396970505
evaluations raw_y
1 65.1667300998
2 42.9135400887
3 18.6122730485
11 9.9347490581
36 4.8748562569
60 73.2396970505
evaluations raw_y
1 65.1667300998
2 42.9135400887
3 18.6122730485
11 9.9347490581
36 4.8748562569
60 73.2396970505
evaluations raw_y
1 65.1667300998
2 42.9135400887
3 18.6122730485
11 9.9347490581
36 4.8748562569
60 73.2396970505
evaluations raw_y
1 65.1667300998
2 42.9135400887
3 18.6122730485
11 9.9347490581
36 4.8748562569
60 73.2396970505
evaluations raw_y
1 253.1435638220
2 33.1297553478
7 1.6360433791
28 0.4721778767
53 0.3003501957
60 41.7668289507
evaluations raw_y
1 253.1435638220
2 33.1297553478
7 1.6360433791
28 0.4721778767
53 0.3003501957
60 41.7668289507
evaluations raw_y
1 253.1435638220
2 33.1297553478
7 1.6360433791
28 0.4721778767
53 0.3003501957
60 41.7668289507
evaluations raw_y
1 253.1435638220
2 33.1297553478
7 1.6360433791
28 0.4721778767
53 0.3003501957
60 41.7668289507
evaluations raw_y
1 253.1435638220
2 33.1297553478
7 1.6360433791
28 0.4721778767
53 0.3003501957
60 41.7668289507
evaluations raw_y
1 160.2679902656
2 17.8856046578
4 12.8202343308
39 11.1969341146
51 3.9770926210
60 53.7949489468
evaluations raw_y
1 160.2679902656
2 17.8856046578
4 12.8202343308
39 11.1969341146
51 3.9770926210
60 53.7949489468
evaluations raw_y
1 160.2679902656
2 17.8856046578
4 12.8202343308
39 11.1969341146
51 3.9770926210
60 53.7949489468
evaluations raw_y
1 160.2679902656
2 17.8856046578
4 12.8202343308
39 11.1969341146
51 3.9770926210
60 53.7949489468
evaluations raw_y
1 160.2679902656
2 17.8856046578
4 12.8202343308
39 11.1969341146
51 3.9770926210
60 53.7949489468
evaluations raw_y
1 98.6331286750
2 98.0101686595
3 46.1293848767
11 41.5677661071
15 6.6849403944
16 0.2228960644
37 0.1596636057
39 0.0320257015
60 0.7294321106
evaluations raw_y
1 98.6331286750
2 98.0101686595
3 46.1293848767
11 41.5677661071
15 6.6849403944
16 0.2228960644
37 0.1596636057
39 0.0320257015
60 0.7294321106
evaluations raw_y
1 98.6331286750
2 98.0101686595
3 46.1293848767
11 41.5677661071
15 6.6849403944
16 0.2228960644
37 0.1596636057
39 0.0320257015
60 0.7294321106
evaluations raw_y
1 98.6331286750
2 98.0101686595
3 46.1293848767
11 41.5677661071
15 6.6849403944
16 0.2228960644
37 0.1596636057
39 0.0320257015
60 0.7294321106
evaluations raw_y
1 98.6331286750
2 98.0101686595
3 46.1293848767
11 41.5677661071
15 6.6849403944
16 0.2228960644
37 0.1596636057
39 0.0320257015
60 0.7294321106
