evaluations raw_y
1 17303.6440546435
4 6760.0780570068
5 2902.0524677182
10 487.4820064452
23 74.6584365936
24 4.6847390486
34 3.8294792996
42 3.5567301528
68 3.3323201805
70 3.2104036814
72 2.9641509084
76 2.6519604379
78 2.5439600436
85 2.4615024218
88 2.2607365212
89 3.0073923764
evaluations raw_y
1 17303.6440546435
4 6760.0780570068
5 2902.0524677182
10 566.4984817267
26 4.2034717863
29 3.4462558389
42 3.0009143099
54 2.9909528782
72 2.3262181390
89 6.2222403050
evaluations raw_y
1 17303.6440546435
4 6760.0780570068
5 2902.0524677182
22 1580.3976603929
25 5.5279214594
27 4.0582855094
38 2.6401025439
89 3.7450810308
evaluations raw_y
1 17303.6440546435
4 6760.0780570068
5 2902.0524677182
21 1301.9741079957
39 5.7730644952
51 2.5181123826
75 2.3994876294
76 1.9811181478
89 3.6504424310
evaluations raw_y
1 17303.6440546435
4 6760.0780570068
5 2902.0524677182
12 2367.4629497076
15 512.4283635631
42 5.9520040161
46 5.7627835230
48 3.5724263786
52 2.8938388560
55 1.8394193832
85 1.8285717899
89 3.0774876979
evaluations raw_y
1 23567.6058181433
7 2269.3735371161
16 1302.6236258285
20 447.4354462174
28 3.5917076148
31 2.6012318682
69 2.1702558608
79 2.1254927335
89 2.2005061459
evaluations raw_y
1 23567.6058181433
7 2269.3735371161
10 338.1712477962
13 6.7038836385
20 4.8909116725
21 4.5033200118
24 3.9426888694
29 3.9298712594
43 3.7184260252
56 3.6614137953
76 3.2236225827
88 2.8111523909
89 48.5336804198
evaluations raw_y
1 23567.6058181433
7 2269.3735371161
15 1593.5518173879
20 54.8131885242
34 4.8839376395
48 4.0116872908
50 3.5909871517
66 3.5715014552
67 3.1482715711
70 2.3454192534
74 2.0300693910
89 162.3064171808
evaluations raw_y
1 23567.6058181433
7 2269.3735371161
11 258.2065946700
17 4.4734894656
22 2.1795320732
58 1.0719624862
81 0.8775513817
89 1.2618393911
evaluations raw_y
1 23567.6058181433
7 2269.3735371161
29 3.1691146574
36 3.1137168625
85 3.0805392545
86 2.2890021460
89 3.0546420744
evaluations raw_y
1 53975.6660061862
2 41414.6494273877
4 2323.1643861107
7 1826.9774196186
17 420.4504615524
18 256.2591676573
22 4.4711199430
54 3.5770207529
60 2.1861120420
69 1.7137169955
89 2.5883645618
evaluations raw_y
1 53975.6660061862
2 41414.6494273877
4 2323.1643861107
7 1826.9774196186
11 43.9566297936
22 5.8201009738
31 5.6637749705
33 3.0632260282
79 2.9509595230
89 4.5383627212
evaluations raw_y
1 53975.6660061862
2 41414.6494273877
4 2323.1643861107
7 1826.9774196186
10 434.0252380972
17 1.7555971684
50 1.6036997977
60 1.3495872029
69 0.8579399446
86 0.6946212523
87 0.5704440739
89 0.8321697617
evaluations raw_y
1 53975.6660061862
2 41414.6494273877
4 2323.1643861107
7 1826.9774196186
10 111.3733514522
15 79.6281677723
34 2.2791187984
68 2.2398928051
89 2.1343637912
evaluations raw_y
1 53975.6660061862
2 41414.6494273877
4 2323.1643861107
7 1826.9774196186
32 319.0667575576
45 298.9697097021
57 55.1525864503
66 4.7513696996
70 3.4846739900
80 2.5428507881
86 2.5421891569
89 3.9444223881
evaluations raw_y
1 1319.5495893299
25 335.8861844822
35 2.1404216166
87 2.1141986116
89 2.5398893414
evaluations raw_y
1 1319.5495893299
17 1315.9655137904
31 293.7382091842
32 1.6256614365
75 1.4770586213
79 0.9019426052
80 0.7244439555
82 0.4155021353
83 0.2312332229
84 0.1595231661
89 0.6557331105
evaluations raw_y
1 1319.5495893299
21 4.4295292778
29 1.8940697232
86 1.8393302187
89 1.7268561154
evaluations raw_y
1 1319.5495893299
19 413.5317670046
22 1.9601157786
74 1.6402787550
79 1.4165293512
88 1.0907514100
89 4.4414974876
evaluations raw_y
1 1319.5495893299
25 922.5621209951
58 5.4193666135
67 5.2857066940
69 4.4090090869
70 3.2860696334
73 3.1871252909
75 2.1037052442
89 3.9817594649
evaluations raw_y
1 100599.0817246745
2 46865.9351362277
3 212.5013694109
10 36.3914703170
36 2.1941607657
47 1.9798042912
73 1.8693770395
77 1.7522844031
89 2.5881172393
evaluations raw_y
1 100599.0817246745
2 46865.9351362277
3 212.5013694109
43 80.8418358629
46 38.7029450575
47 3.5698684253
72 2.8964735389
82 2.7832199091
89 22.5204797673
evaluations raw_y
1 100599.0817246745
2 46865.9351362277
3 212.5013694109
15 3.7664279204
49 3.4315129479
55 2.6110021857
62 2.4215349974
89 2.2539852901
evaluations raw_y
1 100599.0817246745
2 46865.9351362277
3 212.5013694109
13 4.0215821451
38 3.9602884421
41 2.5116525610
65 2.3685451475
77 2.1419943352
89 3.6716558295
evaluations raw_y
1 100599.0817246745
2 46865.9351362277
3 212.5013694109
18 4.4713750329
19 4.3474772758
41 4.1843096321
50 2.7044901297
56 1.9384831672
89 2.2353302639
evaluations raw_y
1 40509.6331247983
2 11244.7738547976
3 6704.3733859106
9 4523.9487774546
18 3.5127896241
41 2.3330121633
52 1.4258976441
61 1.0581506382
78 1.0192846958
87 0.8261151755
88 0.6762007916
89 0.4526974138
evaluations raw_y
1 40509.6331247983
2 11244.7738547976
3 6704.3733859106
9 4523.9487774546
22 2098.9849930314
23 4.0364588190
39 3.6144636712
54 3.5489716394
58 3.5415329827
68 1.9991975504
80 1.8634044641
89 4.6144463270
evaluations raw_y
1 40509.6331247983
2 11244.7738547976
3 6704.3733859106
9 4523.9487774546
20 670.2023487987
35 5.1661201944
37 3.8683626802
49 3.2697172938
67 2.1465447994
89 2.6898676164
evaluations raw_y
1 40509.6331247983
2 11244.7738547976
3 6704.3733859106
9 4523.9487774546
12 1088.8000825363
24 22.6326550678
25 4.6810633791
37 3.7908386613
39 3.4808529189
48 2.5499493267
70 2.2625893671
81 2.2534230156
89 2.3500022787
evaluations raw_y
1 40509.6331247983
2 11244.7738547976
3 6704.3733859106
9 4523.9487774546
10 2924.6963243809
16 69.0111316305
18 3.3562203184
52 3.2331214462
53 1.0997261652
73 0.8533230880
89 1.1997285639
evaluations raw_y
1 531.3601777375
3 525.6580383871
21 230.0241550467
25 139.8849032113
29 126.2637138421
36 4.4042871224
50 4.3150516570
51 3.9637361932
72 2.7126122449
89 4.2660510777
evaluations raw_y
1 531.3601777375
3 525.6580383871
44 335.3830382606
55 321.4322271659
58 2.6217760083
81 0.9281603505
89 1.7850409997
evaluations raw_y
1 531.3601777375
3 525.6580383871
24 6.0521077370
47 3.6439590250
49 3.4269016594
53 3.2301828612
64 2.2942199854
89 12.8550599400
evaluations raw_y
1 531.3601777375
3 525.6580383871
25 172.4953371268
31 103.7277848528
35 37.1895267594
36 4.2084336307
53 2.5304364141
67 2.0944535279
89 2.1916998429
evaluations raw_y
1 531.3601777375
3 525.6580383871
21 365.1887359831
33 82.0302286461
52 81.5278869503
53 4.4716822483
64 4.0937733490
78 2.4580313647
89 3.7843851686
evaluations raw_y
1 25724.1204736374
5 1441.2538497151
12 208.8138476021
14 4.5086410905
39 3.5981998121
40 2.6963321810
68 1.9749004452
71 1.4931977405
89 1.5152286760
evaluations raw_y
1 25724.1204736374
5 1441.2538497151
20 13.0931115588
22 5.4106417168
49 4.1071111534
57 3.8503043917
59 3.1701135011
69 2.7640618037
88 2.3357203212
89 5.2446812576
evaluations raw_y
1 25724.1204736374
5 1441.2538497151
18 66.0698753246
21 4.6441438570
53 3.6514504859
55 3.4729207318
57 2.8656582816
58 2.1616172669
64 1.4522320624
89 1.6763945952
evaluations raw_y
1 25724.1204736374
5 1441.2538497151
31 440.6662886210
42 364.3007300284
45 65.1189547144
51 4.7829703567
53 4.0580733133
55 3.0413940487
77 2.9177677116
89 3.1534083174
evaluations raw_y
1 25724.1204736374
5 1441.2538497151
49 196.8029381045
58 144.8875238413
59 7.6638805885
60 5.9360293085
73 4.3527059303
77 2.8637230383
89 405.7569456882
evaluations raw_y
1 87188.5454063297
2 18473.7451285153
3 1402.0772973041
6 3.9087466787
44 3.7932406443
52 1.9781865655
86 1.3724985770
89 2.9324163457
evaluations raw_y
1 87188.5454063297
2 18473.7451285153
3 1402.0772973041
6 3.9087466787
45 3.6056492510
68 2.8860660134
89 4.3833506830
evaluations raw_y
1 87188.5454063297
2 18473.7451285153
3 1402.0772973041
6 3.9087466787
16 1.2816871490
79 1.2041794701
89 1.4549324236
evaluations raw_y
1 87188.5454063297
2 18473.7451285153
3 1402.0772973041
6 3.9087466787
26 3.6824287394
40 2.9361113281
70 2.4317477873
89 4.0225577077
evaluations raw_y
1 87188.5454063297
2 18473.7451285153
3 1402.0772973041
6 3.9087466787
52 2.6470222378
72 2.5884764623
82 2.3067017309
89 3.0668293561
evaluations raw_y
1 506.1184996878
10 3.8827501115
37 3.4423070007
51 3.3061932393
53 3.2172848037
64 3.0727660081
71 3.0595161971
73 2.8235548309
89 3.3813149150
evaluations raw_y
1 506.1184996878
15 4.5792833888
39 3.8159603709
56 3.4825608900
60 2.6495647809
88 2.3969840279
89 2.7717697907
evaluations raw_y
1 506.1184996878
42 24.3042041562
48 4.0233819272
52 2.6876010616
77 2.3673580051
89 3.6167735051
evaluations raw_y
1 506.1184996878
34 80.7018935382
38 3.8895851885
51 2.9849463828
62 2.7327263594
81 2.0732366121
89 3.2698671226
evaluations raw_y
1 506.1184996878
18 309.3166279302
20 3.4552469940
51 2.9938869211
58 2.6048252273
61 1.3490949658
89 4.6626709183
evaluations raw_y
1 21600.9074630080
4 7354.7663710216
7 5.4896031571
50 2.1627641507
55 1.4906375586
89 3.6265140534
evaluations raw_y
1 21600.9074630080
4 7354.7663710216
7 5.4896031571
10 4.2911525473
14 3.2651862978
16 2.8520358586
66 2.6708356803
80 1.9998564886
89 2.0592175047
evaluations raw_y
1 21600.9074630080
4 7354.7663710216
7 5.4896031571
53 4.0239136345
56 2.9488941323
60 2.0001036082
89 3.6189456807
evaluations raw_y
1 21600.9074630080
4 7354.7663710216
7 5.4896031571
21 2.8803106741
29 2.3459113750
58 1.9906293728
61 1.7575633717
89 1.9128935796
evaluations raw_y
1 21600.9074630080
4 7354.7663710216
7 5.4896031571
39 4.7048080059
66 2.8951279006
76 2.7110450419
82 2.6662063868
86 1.6329957294
89 51.2698985904
evaluations raw_y
1 93606.1612452446
2 10879.7710374664
4 7858.2092294941
6 5255.9730454640
10 2260.0577989180
22 1224.2370148263
26 132.5940624374
37 79.2576526838
40 60.0931757320
44 4.7215571590
52 4.6648537664
58 3.9819191148
63 3.8378400068
64 3.5703016846
68 2.5371160626
89 323.6042843155
evaluations raw_y
1 93606.1612452446
2 10879.7710374664
4 7858.2092294941
6 5255.9730454640
10 5124.7137540054
11 218.3505078328
33 53.9494673464
36 4.0667852597
37 3.8437049912
44 2.1934424785
54 1.4712631811
89 2.5603132784
evaluations raw_y
1 93606.1612452446
2 10879.7710374664
4 7858.2092294941
6 5255.9730454640
10 4579.0362300956
14 4161.9384151999
17 1276.4013733936
20 4.4120934538
21 4.3208448820
39 4.2906660729
42 2.8290125616
54 2.7431181914
57 1.7615104807
74 1.3801737426
87 1.2373582937
89 2.1515676260
evaluations raw_y
1 93606.1612452446
2 10879.7710374664
4 7858.2092294941
6 5255.9730454640
14 121.1020865034
19 9.5954003142
20 3.4734296768
63 3.0069699694
73 2.0394498822
87 1.9556177851
89 2.6452237512
evaluations raw_y
1 93606.1612452446
2 10879.7710374664
4 7858.2092294941
6 5255.9730454640
15 204.4059829909
25 86.2449347845
41 4.1449035057
64 2.4104980005
83 1.6724015271
89 3.7703379552
evaluations raw_y
1 4688.6170110364
6 3557.7879821966
7 1643.0878144592
32 1567.9024694867
39 990.6504588455
46 57.8202245922
51 4.0471328078
74 3.7045464503
75 3.6557664843
78 3.2884443436
85 3.0572991375
87 2.4739646480
89 3.5505546489
evaluations raw_y
1 4688.6170110364
6 3557.7879821966
7 1643.0878144592
13 234.9567563167
16 49.5689465062
18 3.9096773257
62 3.8879663849
79 3.7914727097
89 3.9366486052
evaluations raw_y
1 4688.6170110364
6 3557.7879821966
7 1643.0878144592
11 940.5402944758
19 13.5985245826
21 3.2169861308
53 2.7226983599
57 2.6563443749
79 2.2298080074
89 2.9405198692
evaluations raw_y
1 4688.6170110364
6 3557.7879821966
7 1643.0878144592
10 243.1711449158
11 179.4068425909
15 23.6990923475
32 2.8406621976
52 2.6901707455
66 2.5844184685
68 0.9671217596
89 1.6968859662
evaluations raw_y
1 4688.6170110364
6 3557.7879821966
7 1643.0878144592
10 9.5030684787
12 2.5890170104
47 1.9973693752
59 1.9681906060
62 1.9564562064
78 1.7038880219
83 1.6958582884
84 1.6702510121
89 3.2612101710
evaluations raw_y
1 14556.2803610676
2 5078.0875916063
4 904.3029836671
6 4.3130101079
28 4.0638487947
30 3.2165499118
36 2.6155326629
68 2.2242168552
84 2.2195616179
87 2.1936401111
89 2.1985439713
evaluations raw_y
1 14556.2803610676
2 5078.0875916063
4 904.3029836671
6 4.3130101079
14 3.0860515700
51 2.3673234926
72 1.7279477541
73 1.0033448569
89 1.2987750289
evaluations raw_y
1 14556.2803610676
2 5078.0875916063
4 904.3029836671
6 4.3130101079
10 3.1522112807
43 3.0462964311
56 2.7325311810
59 2.5993581081
83 2.5749948627
89 2.8849173594
evaluations raw_y
1 14556.2803610676
2 5078.0875916063
4 904.3029836671
6 4.3130101079
69 3.9320538587
75 3.2612807973
87 2.8347333507
89 3.1754336404
evaluations raw_y
1 14556.2803610676
2 5078.0875916063
4 904.3029836671
6 4.3130101079
32 2.3353038774
84 2.0635385469
89 2.1831851718
