evaluations raw_y
1 56.3774303642
3 14.4200533507
52 12.2143859758
53 11.2770281811
64 9.2206264038
72 7.4719861548
122 6.4894335724
178 6.0048850332
179 5.8698142046
276 5.4264189248
278 3.1962464408
300 11.2464964768
evaluations raw_y
1 56.3774303642
3 14.4200533507
52 12.2143859758
53 11.2770281811
64 9.2206264038
72 7.4719861548
122 6.4894335724
178 6.0048850332
179 5.8698142046
276 5.4264189248
278 3.1962464408
300 11.2464964768
evaluations raw_y
1 56.3774303642
3 14.4200533507
52 12.2143859758
53 11.2770281811
64 9.2206264038
72 7.4719861548
122 6.4894335724
178 6.0048850332
179 5.8698142046
276 5.4264189248
278 3.1962464408
300 11.2464964768
evaluations raw_y
1 56.3774303642
3 14.4200533507
52 12.2143859758
53 11.2770281811
64 9.2206264038
72 7.4719861548
122 6.4894335724
178 6.0048850332
179 5.8698142046
276 5.4264189248
278 3.1962464408
300 11.2464964768
evaluations raw_y
1 56.3774303642
3 14.4200533507
52 12.2143859758
53 11.2770281811
64 9.2206264038
72 7.4719861548
122 6.4894335724
178 6.0048850332
179 5.8698142046
276 5.4264189248
278 3.1962464408
300 11.2464964768
evaluations raw_y
1 75.9934096754
2 72.1315127733
3 39.5315576614
7 20.5320930065
27 19.7893474447
30 12.9395651599
85 9.9138257057
87 9.5346365938
95 9.4427124752
112 5.0875378209
300 14.6998298437
evaluations raw_y
1 75.9934096754
2 72.1315127733
3 39.5315576614
7 20.5320930065
27 19.7893474447
30 12.9395651599
85 9.9138257057
87 9.5346365938
95 9.4427124752
112 5.0875378209
300 14.6998298437
evaluations raw_y
1 75.9934096754
2 72.1315127733
3 39.5315576614
7 20.5320930065
27 19.7893474447
30 12.9395651599
85 9.9138257057
87 9.5346365938
95 9.4427124752
112 5.0875378209
300 14.6998298437
evaluations raw_y
1 75.9934096754
2 72.1315127733
3 39.5315576614
7 20.5320930065
27 19.7893474447
30 12.9395651599
85 9.9138257057
87 9.5346365938
95 9.4427124752
112 5.0875378209
300 14.6998298437
evaluations raw_y
1 75.9934096754
2 72.1315127733
3 39.5315576614
7 20.5320930065
27 19.7893474447
30 12.9395651599
85 9.9138257057
87 9.5346365938
95 9.4427124752
112 5.0875378209
300 14.6998298437
evaluations raw_y
1 40.1331792334
3 31.4957705696
5 28.7783947701
8 23.1486131295
13 20.7844702440
22 17.9759955510
45 11.6261856141
54 10.7042150933
66 10.6148776494
67 9.9101597684
135 9.8056051741
146 8.1696419169
157 7.8220266849
199 7.6180623496
300 12.3990894822
evaluations raw_y
1 40.1331792334
3 31.4957705696
5 28.7783947701
8 23.1486131295
13 20.7844702440
22 17.9759955510
45 11.6261856141
54 10.7042150933
66 10.6148776494
67 9.9101597684
135 9.8056051741
146 8.1696419169
157 7.8220266849
199 7.6180623496
300 12.3990894822
evaluations raw_y
1 40.1331792334
3 31.4957705696
5 28.7783947701
8 23.1486131295
13 20.7844702440
22 17.9759955510
45 11.6261856141
54 10.7042150933
66 10.6148776494
67 9.9101597684
135 9.8056051741
146 8.1696419169
157 7.8220266849
199 7.6180623496
300 12.3990894822
evaluations raw_y
1 40.1331792334
3 31.4957705696
5 28.7783947701
8 23.1486131295
13 20.7844702440
22 17.9759955510
45 11.6261856141
54 10.7042150933
66 10.6148776494
67 9.9101597684
135 9.8056051741
146 8.1696419169
157 7.8220266849
199 7.6180623496
300 12.3990894822
evaluations raw_y
1 40.1331792334
3 31.4957705696
5 28.7783947701
8 23.1486131295
13 20.7844702440
22 17.9759955510
45 11.6261856141
54 10.7042150933
66 10.6148776494
67 9.9101597684
135 9.8056051741
146 8.1696419169
157 7.8220266849
199 7.6180623496
300 12.3990894822
evaluations raw_y
1 118.3695963904
2 59.9997372624
3 41.2444402448
4 38.0402753211
7 32.0727011830
14 24.8594084139
26 11.0545814844
56 10.2142837399
89 8.2841546829
212 6.8658019775
216 5.4953517145
300 13.3401590999
evaluations raw_y
1 118.3695963904
2 59.9997372624
3 41.2444402448
4 38.0402753211
7 32.0727011830
14 24.8594084139
26 11.0545814844
56 10.2142837399
89 8.2841546829
212 6.8658019775
216 5.4953517145
300 13.3401590999
evaluations raw_y
1 118.3695963904
2 59.9997372624
3 41.2444402448
4 38.0402753211
7 32.0727011830
14 24.8594084139
26 11.0545814844
56 10.2142837399
89 8.2841546829
212 6.8658019775
216 5.4953517145
300 13.3401590999
evaluations raw_y
1 118.3695963904
2 59.9997372624
3 41.2444402448
4 38.0402753211
7 32.0727011830
14 24.8594084139
26 11.0545814844
56 10.2142837399
89 8.2841546829
212 6.8658019775
216 5.4953517145
300 13.3401590999
evaluations raw_y
1 118.3695963904
2 59.9997372624
3 41.2444402448
4 38.0402753211
7 32.0727011830
14 24.8594084139
26 11.0545814844
56 10.2142837399
89 8.2841546829
212 6.8658019775
216 5.4953517145
300 13.3401590999
evaluations raw_y
1 77.7106504310
2 38.5921151285
4 18.8335737694
47 17.4768669283
49 10.0396745982
77 10.0065314127
95 9.3613678966
103 8.4901014293
115 6.9690257637
141 3.7787047322
300 15.1758776152
evaluations raw_y
1 77.7106504310
2 38.5921151285
4 18.8335737694
47 17.4768669283
49 10.0396745982
77 10.0065314127
95 9.3613678966
103 8.4901014293
115 6.9690257637
141 3.7787047322
300 15.1758776152
evaluations raw_y
1 77.7106504310
2 38.5921151285
4 18.8335737694
47 17.4768669283
49 10.0396745982
77 10.0065314127
95 9.3613678966
103 8.4901014293
115 6.9690257637
141 3.7787047322
300 15.1758776152
evaluations raw_y
1 77.7106504310
2 38.5921151285
4 18.8335737694
47 17.4768669283
49 10.0396745982
77 10.0065314127
95 9.3613678966
103 8.4901014293
115 6.9690257637
141 3.7787047322
300 15.1758776152
evaluations raw_y
1 77.7106504310
2 38.5921151285
4 18.8335737694
47 17.4768669283
49 10.0396745982
77 10.0065314127
95 9.3613678966
103 8.4901014293
115 6.9690257637
141 3.7787047322
300 15.1758776152
evaluations raw_y
1 35.5901057103
7 35.4093282603
12 30.5428351933
15 17.8670883089
24 12.3911539365
41 10.7628993144
72 9.7837967219
73 9.2540267719
82 8.7159115660
123 8.1005003434
167 7.4492266139
170 6.8978337929
190 6.2449988179
292 6.0607639942
300 10.3185771512
evaluations raw_y
1 35.5901057103
7 35.4093282603
12 30.5428351933
15 17.8670883089
24 12.3911539365
41 10.7628993144
72 9.7837967219
73 9.2540267719
82 8.7159115660
123 8.1005003434
167 7.4492266139
170 6.8978337929
190 6.2449988179
292 6.0607639942
300 10.3185771512
evaluations raw_y
1 35.5901057103
7 35.4093282603
12 30.5428351933
15 17.8670883089
24 12.3911539365
41 10.7628993144
72 9.7837967219
73 9.2540267719
82 8.7159115660
123 8.1005003434
167 7.4492266139
170 6.8978337929
190 6.2449988179
292 6.0607639942
300 10.3185771512
evaluations raw_y
1 35.5901057103
7 35.4093282603
12 30.5428351933
15 17.8670883089
24 12.3911539365
41 10.7628993144
72 9.7837967219
73 9.2540267719
82 8.7159115660
123 8.1005003434
167 7.4492266139
170 6.8978337929
190 6.2449988179
292 6.0607639942
300 10.3185771512
evaluations raw_y
1 35.5901057103
7 35.4093282603
12 30.5428351933
15 17.8670883089
24 12.3911539365
41 10.7628993144
72 9.7837967219
73 9.2540267719
82 8.7159115660
123 8.1005003434
167 7.4492266139
170 6.8978337929
190 6.2449988179
292 6.0607639942
300 10.3185771512
evaluations raw_y
1 45.9672317886
3 24.6394171184
7 22.2786841093
49 20.4751414116
55 16.9979774102
56 12.4617961081
57 9.2736972359
58 7.9324470771
145 6.0328269967
215 4.3533268729
300 8.8446805097
evaluations raw_y
1 45.9672317886
3 24.6394171184
7 22.2786841093
49 20.4751414116
55 16.9979774102
56 12.4617961081
57 9.2736972359
58 7.9324470771
145 6.0328269967
215 4.3533268729
300 8.8446805097
evaluations raw_y
1 45.9672317886
3 24.6394171184
7 22.2786841093
49 20.4751414116
55 16.9979774102
56 12.4617961081
57 9.2736972359
58 7.9324470771
145 6.0328269967
215 4.3533268729
300 8.8446805097
evaluations raw_y
1 45.9672317886
3 24.6394171184
7 22.2786841093
49 20.4751414116
55 16.9979774102
56 12.4617961081
57 9.2736972359
58 7.9324470771
145 6.0328269967
215 4.3533268729
300 8.8446805097
evaluations raw_y
1 45.9672317886
3 24.6394171184
7 22.2786841093
49 20.4751414116
55 16.9979774102
56 12.4617961081
57 9.2736972359
58 7.9324470771
145 6.0328269967
215 4.3533268729
300 8.8446805097
evaluations raw_y
1 141.0928099102
2 81.2886960606
3 44.1592877121
5 31.1357933734
9 25.5839551923
11 13.0131522636
29 11.0858991122
62 8.8768331210
71 8.1504674855
90 7.6373411207
170 7.5117364752
243 6.3419109952
272 5.4757016269
300 10.9384081595
evaluations raw_y
1 141.0928099102
2 81.2886960606
3 44.1592877121
5 31.1357933734
9 25.5839551923
11 13.0131522636
29 11.0858991122
62 8.8768331210
71 8.1504674855
90 7.6373411207
170 7.5117364752
243 6.3419109952
272 5.4757016269
300 10.9384081595
evaluations raw_y
1 141.0928099102
2 81.2886960606
3 44.1592877121
5 31.1357933734
9 25.5839551923
11 13.0131522636
29 11.0858991122
62 8.8768331210
71 8.1504674855
90 7.6373411207
170 7.5117364752
243 6.3419109952
272 5.4757016269
300 10.9384081595
evaluations raw_y
1 141.0928099102
2 81.2886960606
3 44.1592877121
5 31.1357933734
9 25.5839551923
11 13.0131522636
29 11.0858991122
62 8.8768331210
71 8.1504674855
90 7.6373411207
170 7.5117364752
243 6.3419109952
272 5.4757016269
300 10.9384081595
evaluations raw_y
1 141.0928099102
2 81.2886960606
3 44.1592877121
5 31.1357933734
9 25.5839551923
11 13.0131522636
29 11.0858991122
62 8.8768331210
71 8.1504674855
90 7.6373411207
170 7.5117364752
243 6.3419109952
272 5.4757016269
300 10.9384081595
evaluations raw_y
1 21.0775797462
7 14.7157004153
27 14.6393086002
51 14.2496299061
52 10.0032993838
53 7.2995715499
159 6.4631939799
269 6.1956827254
280 3.4439281743
300 16.6957120627
evaluations raw_y
1 21.0775797462
7 14.7157004153
27 14.6393086002
51 14.2496299061
52 10.0032993838
53 7.2995715499
159 6.4631939799
269 6.1956827254
280 3.4439281743
300 16.6957120627
evaluations raw_y
1 21.0775797462
7 14.7157004153
27 14.6393086002
51 14.2496299061
52 10.0032993838
53 7.2995715499
159 6.4631939799
269 6.1956827254
280 3.4439281743
300 16.6957120627
evaluations raw_y
1 21.0775797462
7 14.7157004153
27 14.6393086002
51 14.2496299061
52 10.0032993838
53 7.2995715499
159 6.4631939799
269 6.1956827254
280 3.4439281743
300 16.6957120627
evaluations raw_y
1 21.0775797462
7 14.7157004153
27 14.6393086002
51 14.2496299061
52 10.0032993838
53 7.2995715499
159 6.4631939799
269 6.1956827254
280 3.4439281743
300 16.6957120627
evaluations raw_y
1 74.6901459992
2 30.5094007189
3 14.3216425446
47 13.9765871286
54 13.7906718176
55 13.0126289525
56 12.0223325951
57 11.4568188962
72 7.9825675116
89 7.6977251693
199 6.7625283486
235 6.1743541342
264 6.1439040724
300 9.2264848029
evaluations raw_y
1 74.6901459992
2 30.5094007189
3 14.3216425446
47 13.9765871286
54 13.7906718176
55 13.0126289525
56 12.0223325951
57 11.4568188962
72 7.9825675116
89 7.6977251693
199 6.7625283486
235 6.1743541342
264 6.1439040724
300 9.2264848029
evaluations raw_y
1 74.6901459992
2 30.5094007189
3 14.3216425446
47 13.9765871286
54 13.7906718176
55 13.0126289525
56 12.0223325951
57 11.4568188962
72 7.9825675116
89 7.6977251693
199 6.7625283486
235 6.1743541342
264 6.1439040724
300 9.2264848029
evaluations raw_y
1 74.6901459992
2 30.5094007189
3 14.3216425446
47 13.9765871286
54 13.7906718176
55 13.0126289525
56 12.0223325951
57 11.4568188962
72 7.9825675116
89 7.6977251693
199 6.7625283486
235 6.1743541342
264 6.1439040724
300 9.2264848029
evaluations raw_y
1 74.6901459992
2 30.5094007189
3 14.3216425446
47 13.9765871286
54 13.7906718176
55 13.0126289525
56 12.0223325951
57 11.4568188962
72 7.9825675116
89 7.6977251693
199 6.7625283486
235 6.1743541342
264 6.1439040724
300 9.2264848029
evaluations raw_y
1 110.2770760591
2 43.1633889261
11 22.4073222130
40 18.4924527177
41 10.6033188156
83 8.3929160447
85 5.5398705385
218 4.0901361110
300 11.6274255351
evaluations raw_y
1 110.2770760591
2 43.1633889261
11 22.4073222130
40 18.4924527177
41 10.6033188156
83 8.3929160447
85 5.5398705385
218 4.0901361110
300 11.6274255351
evaluations raw_y
1 110.2770760591
2 43.1633889261
11 22.4073222130
40 18.4924527177
41 10.6033188156
83 8.3929160447
85 5.5398705385
218 4.0901361110
300 11.6274255351
evaluations raw_y
1 110.2770760591
2 43.1633889261
11 22.4073222130
40 18.4924527177
41 10.6033188156
83 8.3929160447
85 5.5398705385
218 4.0901361110
300 11.6274255351
evaluations raw_y
1 110.2770760591
2 43.1633889261
11 22.4073222130
40 18.4924527177
41 10.6033188156
83 8.3929160447
85 5.5398705385
218 4.0901361110
300 11.6274255351
evaluations raw_y
1 40.9831529733
2 33.0827362951
9 17.2851131155
50 14.9705645681
52 12.8137455307
58 8.7964352201
203 8.2913616247
224 8.2656567362
253 7.2775076891
266 6.4473946331
300 11.5112484150
evaluations raw_y
1 40.9831529733
2 33.0827362951
9 17.2851131155
50 14.9705645681
52 12.8137455307
58 8.7964352201
203 8.2913616247
224 8.2656567362
253 7.2775076891
266 6.4473946331
300 11.5112484150
evaluations raw_y
1 40.9831529733
2 33.0827362951
9 17.2851131155
50 14.9705645681
52 12.8137455307
58 8.7964352201
203 8.2913616247
224 8.2656567362
253 7.2775076891
266 6.4473946331
300 11.5112484150
evaluations raw_y
1 40.9831529733
2 33.0827362951
9 17.2851131155
50 14.9705645681
52 12.8137455307
58 8.7964352201
203 8.2913616247
224 8.2656567362
253 7.2775076891
266 6.4473946331
300 11.5112484150
evaluations raw_y
1 40.9831529733
2 33.0827362951
9 17.2851131155
50 14.9705645681
52 12.8137455307
58 8.7964352201
203 8.2913616247
224 8.2656567362
253 7.2775076891
266 6.4473946331
300 11.5112484150
evaluations raw_y
1 80.0913810994
2 31.7014496615
3 10.8443317266
66 10.8336928669
76 10.6577615395
84 10.0378163447
121 9.6934727367
126 7.7967228412
179 5.7359421387
237 3.2780003328
300 14.1005777640
evaluations raw_y
1 80.0913810994
2 31.7014496615
3 10.8443317266
66 10.8336928669
76 10.6577615395
84 10.0378163447
121 9.6934727367
126 7.7967228412
179 5.7359421387
237 3.2780003328
300 14.1005777640
evaluations raw_y
1 80.0913810994
2 31.7014496615
3 10.8443317266
66 10.8336928669
76 10.6577615395
84 10.0378163447
121 9.6934727367
126 7.7967228412
179 5.7359421387
237 3.2780003328
300 14.1005777640
evaluations raw_y
1 80.0913810994
2 31.7014496615
3 10.8443317266
66 10.8336928669
76 10.6577615395
84 10.0378163447
121 9.6934727367
126 7.7967228412
179 5.7359421387
237 3.2780003328
300 14.1005777640
evaluations raw_y
1 80.0913810994
2 31.7014496615
3 10.8443317266
66 10.8336928669
76 10.6577615395
84 10.0378163447
121 9.6934727367
126 7.7967228412
179 5.7359421387
237 3.2780003328
300 14.1005777640
evaluations raw_y
1 32.6849329845
9 24.2369058901
21 21.9091484837
23 15.9138422918
56 11.1091025898
90 10.0985204298
110 9.6152234094
158 9.2514036696
188 7.7633565796
208 7.7248894344
233 7.4853759162
238 7.0783451116
297 4.6169678147
300 13.6528833637
evaluations raw_y
1 32.6849329845
9 24.2369058901
21 21.9091484837
23 15.9138422918
56 11.1091025898
90 10.0985204298
110 9.6152234094
158 9.2514036696
188 7.7633565796
208 7.7248894344
233 7.4853759162
238 7.0783451116
297 4.6169678147
300 13.6528833637
evaluations raw_y
1 32.6849329845
9 24.2369058901
21 21.9091484837
23 15.9138422918
56 11.1091025898
90 10.0985204298
110 9.6152234094
158 9.2514036696
188 7.7633565796
208 7.7248894344
233 7.4853759162
238 7.0783451116
297 4.6169678147
300 13.6528833637
evaluations raw_y
1 32.6849329845
9 24.2369058901
21 21.9091484837
23 15.9138422918
56 11.1091025898
90 10.0985204298
110 9.6152234094
158 9.2514036696
188 7.7633565796
208 7.7248894344
233 7.4853759162
238 7.0783451116
297 4.6169678147
300 13.6528833637
evaluations raw_y
1 32.6849329845
9 24.2369058901
21 21.9091484837
23 15.9138422918
56 11.1091025898
90 10.0985204298
110 9.6152234094
158 9.2514036696
188 7.7633565796
208 7.7248894344
233 7.4853759162
238 7.0783451116
297 4.6169678147
300 13.6528833637
