evaluations raw_y
1 28.7824622270
2 11.5706394763
4 9.5652233145
8 7.5395692394
22 6.7955574300
24 4.7683949073
82 4.5281348596
247 3.7055124759
300 7.3484828565
evaluations raw_y
1 28.7824622270
2 11.5706394763
4 9.5652233145
8 7.5395692394
22 6.7955574300
24 4.7683949073
73 4.5961777680
175 3.1733215165
300 13.7431741053
evaluations raw_y
1 28.7824622270
2 11.5706394763
4 9.5652233145
8 7.5395692394
22 6.7955574300
24 4.7683949073
139 4.2279135704
215 2.0131450659
300 11.0531968773
evaluations raw_y
1 28.7824622270
2 11.5706394763
4 9.5652233145
8 7.5395692394
22 6.7955574300
24 4.7683949073
56 3.9419408389
66 3.5609063810
293 3.3042672594
300 7.8836157598
evaluations raw_y
1 28.7824622270
2 11.5706394763
4 9.5652233145
8 7.5395692394
22 6.7955574300
24 4.7683949073
300 8.1696656251
evaluations raw_y
1 11.8982473539
3 10.9110044027
5 4.0395391642
172 3.8256134844
189 2.4163024520
300 21.4180375474
evaluations raw_y
1 11.8982473539
3 10.9110044027
5 4.0395391642
42 1.5872442249
300 17.1653877339
evaluations raw_y
1 11.8982473539
3 10.9110044027
5 4.0395391642
57 3.3977070116
300 14.0653740738
evaluations raw_y
1 11.8982473539
3 10.9110044027
5 4.0395391642
90 3.5467069452
300 21.4995856019
evaluations raw_y
1 11.8982473539
3 10.9110044027
5 4.0395391642
82 2.6843257590
300 12.3183801502
evaluations raw_y
1 4.5353985701
53 3.9171092616
265 3.3891730471
300 8.1651176913
evaluations raw_y
1 4.5353985701
42 4.1136745110
151 1.6201414435
300 5.1360179656
evaluations raw_y
1 4.5353985701
87 3.6571532197
300 20.2105392067
evaluations raw_y
1 4.5353985701
71 1.8330847537
300 6.7892151709
evaluations raw_y
1 4.5353985701
45 4.0160813568
119 3.1258963369
300 5.5889470266
evaluations raw_y
1 16.5316475923
3 6.8918237903
23 6.8618369654
41 5.1904069220
115 4.4556192406
161 3.6563578352
300 10.6248369063
evaluations raw_y
1 16.5316475923
3 6.8918237903
23 6.8618369654
56 6.2846374237
76 5.5948391316
107 4.9445093943
114 4.6083258393
177 4.1651883385
255 4.0674263981
300 11.2450347849
evaluations raw_y
1 16.5316475923
3 6.8918237903
23 6.8618369654
31 5.2964032272
129 2.8500205229
261 2.8029774583
300 5.4602015906
evaluations raw_y
1 16.5316475923
3 6.8918237903
23 6.8618369654
58 3.7912929160
300 18.0955425783
evaluations raw_y
1 16.5316475923
3 6.8918237903
23 6.8618369654
53 6.2466963101
78 3.9174003874
135 3.5086705612
300 13.5715820696
evaluations raw_y
1 10.1686762077
2 9.4936066676
6 5.4823363383
40 5.2463030390
62 4.5638874982
136 3.8114711832
300 11.2944407243
evaluations raw_y
1 10.1686762077
2 9.4936066676
6 5.4823363383
39 4.1852089778
217 3.5694083444
300 12.5851479970
evaluations raw_y
1 10.1686762077
2 9.4936066676
6 5.4823363383
32 5.2668288288
177 2.7482112415
220 1.5762243588
300 16.5235176742
evaluations raw_y
1 10.1686762077
2 9.4936066676
6 5.4823363383
92 4.9055930263
152 4.2999396050
300 8.5244509560
evaluations raw_y
1 10.1686762077
2 9.4936066676
6 5.4823363383
35 5.1588208929
90 4.6445982180
188 3.6801088501
230 3.6168134646
300 9.9923109012
evaluations raw_y
1 18.9406288718
2 11.3564381162
3 6.9934859149
28 5.1174077530
190 4.7603217506
300 8.6628533322
evaluations raw_y
1 18.9406288718
2 11.3564381162
3 6.9934859149
28 5.1174077530
227 4.9069561222
288 4.8958011570
300 22.2605532744
evaluations raw_y
1 18.9406288718
2 11.3564381162
3 6.9934859149
28 5.1174077530
34 4.2285305661
110 1.4317544738
300 18.6190316530
evaluations raw_y
1 18.9406288718
2 11.3564381162
3 6.9934859149
28 5.1174077530
104 4.5016808254
136 3.2837392002
300 17.4185348891
evaluations raw_y
1 18.9406288718
2 11.3564381162
3 6.9934859149
28 5.1174077530
72 4.6429274116
96 4.5419551491
198 4.4435795993
252 4.4204927885
300 15.8338883841
evaluations raw_y
1 17.5153780573
2 16.7030251797
4 13.9325658099
6 10.4024398089
7 4.7072911133
78 3.6223322629
300 12.4332890530
evaluations raw_y
1 17.5153780573
2 16.7030251797
4 13.9325658099
6 10.4024398089
7 4.7072911133
102 3.5354897510
236 2.4312890249
300 15.8882644723
evaluations raw_y
1 17.5153780573
2 16.7030251797
4 13.9325658099
6 10.4024398089
7 4.7072911133
47 2.8092873073
300 22.0574280308
evaluations raw_y
1 17.5153780573
2 16.7030251797
4 13.9325658099
6 10.4024398089
7 4.7072911133
73 4.1439808680
238 3.7102342194
300 11.3364790857
evaluations raw_y
1 17.5153780573
2 16.7030251797
4 13.9325658099
6 10.4024398089
7 4.7072911133
89 3.1812431083
226 3.0895532947
300 17.6317844627
evaluations raw_y
1 8.0192774231
15 7.3189421296
36 3.7300464296
268 3.6425421093
300 9.5256418916
evaluations raw_y
1 8.0192774231
15 7.3189421296
33 7.0839187414
40 4.0351224648
55 3.2726132885
231 3.1390128685
300 12.8854396641
evaluations raw_y
1 8.0192774231
15 7.3189421296
32 4.8915263292
92 4.0207886805
179 3.6925028173
300 12.1082920220
evaluations raw_y
1 8.0192774231
15 7.3189421296
59 5.9914824357
117 3.0917509393
244 2.4120182323
300 19.4582047693
evaluations raw_y
1 8.0192774231
15 7.3189421296
32 7.3087316811
39 4.3667798890
81 4.0459285568
89 2.3287897130
143 2.1434703164
300 11.4221258998
evaluations raw_y
1 31.0003859656
2 17.7454325253
3 16.0378381576
4 9.2178521100
5 8.1427731287
12 3.8295470306
133 3.1267684270
300 10.3546037817
evaluations raw_y
1 31.0003859656
2 17.7454325253
3 16.0378381576
4 9.2178521100
5 8.1427731287
12 3.8295470306
205 3.2030055638
212 2.4605584411
300 14.1879224797
evaluations raw_y
1 31.0003859656
2 17.7454325253
3 16.0378381576
4 9.2178521100
5 8.1427731287
12 3.8295470306
100 3.1248523752
287 3.0786101470
300 17.9167199818
evaluations raw_y
1 31.0003859656
2 17.7454325253
3 16.0378381576
4 9.2178521100
5 8.1427731287
12 3.8295470306
289 3.0003325644
300 12.3220030984
evaluations raw_y
1 31.0003859656
2 17.7454325253
3 16.0378381576
4 9.2178521100
5 8.1427731287
12 3.8295470306
131 2.4075183282
300 8.7974768786
evaluations raw_y
1 11.8285956920
13 9.9883733726
17 6.4319365190
41 4.9559312099
55 4.9026628509
232 3.3667869113
300 11.9506859431
evaluations raw_y
1 11.8285956920
13 9.9883733726
17 6.4319365190
53 3.4212996485
300 9.3592324913
evaluations raw_y
1 11.8285956920
13 9.9883733726
17 6.4319365190
54 3.4772756440
300 10.8873974956
evaluations raw_y
1 11.8285956920
13 9.9883733726
17 6.4319365190
86 5.3946666343
89 3.9260160619
254 3.7912086844
300 21.2836176402
evaluations raw_y
1 11.8285956920
13 9.9883733726
17 6.4319365190
74 5.9942810357
97 5.8292486652
125 4.3482568908
205 3.7540079405
300 29.0796740924
evaluations raw_y
1 17.4972736776
4 14.3315084763
5 5.0561305512
6 1.9756146351
300 6.8004639840
evaluations raw_y
1 17.4972736776
4 14.3315084763
5 5.0561305512
6 1.9756146351
300 7.5710229326
evaluations raw_y
1 17.4972736776
4 14.3315084763
5 5.0561305512
6 1.9756146351
300 3.8960952341
evaluations raw_y
1 17.4972736776
4 14.3315084763
5 5.0561305512
6 1.9756146351
300 19.3703889068
evaluations raw_y
1 17.4972736776
4 14.3315084763
5 5.0561305512
6 1.9756146351
300 15.4815105735
evaluations raw_y
1 12.2265729983
9 9.3457880248
15 8.5346458233
30 7.8336675029
34 5.8856590430
37 5.2652148752
42 4.4529798280
51 4.1205620156
300 14.3633389353
evaluations raw_y
1 12.2265729983
9 9.3457880248
15 8.5346458233
30 7.8336675029
31 7.0704762274
53 6.1982130222
90 5.9443515354
93 5.5733837220
200 4.7967704636
249 4.0562893490
300 21.6781831875
evaluations raw_y
1 12.2265729983
9 9.3457880248
15 8.5346458233
30 7.8336675029
39 5.3894232418
45 4.2322774807
103 3.9882638391
135 3.3664414323
148 3.3018703097
241 2.9144946773
300 21.5872387504
evaluations raw_y
1 12.2265729983
9 9.3457880248
15 8.5346458233
30 7.8336675029
31 6.0913045561
39 4.0193607210
76 3.8880253428
295 3.7098004343
300 22.4530559352
evaluations raw_y
1 12.2265729983
9 9.3457880248
15 8.5346458233
30 7.8336675029
48 4.6632190051
192 4.0168748798
300 14.9701483730
evaluations raw_y
1 19.6668047768
2 5.6540850159
67 4.3417344346
174 3.9023890368
300 15.5133764075
evaluations raw_y
1 19.6668047768
2 5.6540850159
93 3.1395571128
170 2.9754317404
300 13.5497267534
evaluations raw_y
1 19.6668047768
2 5.6540850159
63 4.0470822469
268 4.0230766952
269 2.6671305343
300 15.9801455978
evaluations raw_y
1 19.6668047768
2 5.6540850159
101 4.3784068368
180 4.1188702261
282 3.6046072626
300 22.0521101857
evaluations raw_y
1 19.6668047768
2 5.6540850159
41 5.0360427652
79 2.9282888089
300 27.0258844417
evaluations raw_y
1 17.7551396857
2 12.0083346345
4 7.0597089746
7 7.0512664361
9 4.1345916950
43 2.9656783454
300 8.9107281786
evaluations raw_y
1 17.7551396857
2 12.0083346345
4 7.0597089746
7 7.0512664361
9 4.1345916950
206 3.7656058839
226 3.3559124580
300 22.0517405830
evaluations raw_y
1 17.7551396857
2 12.0083346345
4 7.0597089746
7 7.0512664361
9 4.1345916950
225 3.9017333311
227 3.7547151309
300 21.6202909447
evaluations raw_y
1 17.7551396857
2 12.0083346345
4 7.0597089746
7 7.0512664361
9 4.1345916950
57 3.6936083230
298 3.5915669566
300 17.4640513912
evaluations raw_y
1 17.7551396857
2 12.0083346345
4 7.0597089746
7 7.0512664361
9 4.1345916950
124 3.1043970137
300 15.3426936853
