evaluations raw_y
1 32.2233603963
3 14.2180158429
7 5.5123077591
14 1.6553799777
90 51.7538886494
evaluations raw_y
1 43.6180693915
2 13.1275449302
7 5.1326456137
16 3.2657835387
90 4.9975944917
evaluations raw_y
1 14.4963659188
2 5.8734479919
12 2.1992368503
38 0.6163908430
90 38.2935982150
evaluations raw_y
1 26.4197526810
3 13.9648601105
11 2.8041904880
18 2.0871404267
41 2.0679293428
54 0.3541040593
90 4.9105805493
evaluations raw_y
1 38.3952695095
2 33.1386980814
3 19.8721433181
4 19.7496709795
5 14.4721363191
7 2.3137936833
27 2.1326460765
49 1.3699827224
90 34.8609564406
evaluations raw_y
1 99.1963680600
2 24.2962262517
6 17.8088444710
8 6.8263891654
37 6.0922772937
75 4.5997626989
90 40.3126833434
evaluations raw_y
1 4.4502632135
16 2.9642742517
47 1.8991332680
90 45.9611569512
evaluations raw_y
1 0.7930118156
90 85.3079487368
evaluations raw_y
1 34.9968479351
8 12.5417500480
12 3.8195930757
90 25.6324354374
evaluations raw_y
1 44.8514830966
2 16.5366748546
16 7.6748765062
29 0.6852479295
90 4.4434908897
evaluations raw_y
1 35.0059896142
2 30.4115056509
3 3.2774207219
54 2.7754634949
90 38.7497038611
evaluations raw_y
1 27.2000771587
2 5.4024259710
6 3.0925837886
16 2.8225656877
90 58.0505705711
evaluations raw_y
1 28.8382905337
2 21.5873018136
3 21.3938757762
5 11.7256662011
8 1.5722094881
90 16.1853573112
evaluations raw_y
1 5.4448424730
6 2.9910911049
8 2.4730643886
59 1.6149511115
90 11.3231369560
evaluations raw_y
1 39.7836532933
2 26.5404765751
5 10.2557598804
13 7.0144931313
16 1.1170880171
90 17.4645162127
evaluations raw_y
1 27.4773546379
2 14.5521462306
17 7.4185601726
33 5.0510941067
65 3.6549787711
90 40.0838858975
evaluations raw_y
1 4.9688277892
33 0.9267598845
90 40.6349462622
evaluations raw_y
1 28.2214845392
2 7.1367117280
7 3.4090177881
54 2.2500605327
90 32.9641507028
evaluations raw_y
1 20.6419452731
10 17.4871046109
17 7.0443654856
20 2.0923578316
61 1.5446419092
90 61.7324334340
evaluations raw_y
1 8.6137459040
9 6.7082267044
14 6.0052043361
19 2.3095472414
83 0.9159664675
90 47.6781654930
evaluations raw_y
1 90.9241756591
2 65.8464613487
3 64.2509036854
4 1.2547980277
90 76.8232888464
evaluations raw_y
1 82.8668023582
2 39.5963804420
3 9.0801631050
42 2.5475737702
84 1.3758309617
90 51.0443452550
evaluations raw_y
1 19.4665700316
4 9.9564651954
11 1.7963548916
90 37.2715627382
evaluations raw_y
1 31.8354202412
7 27.5023345725
12 17.0593577821
15 6.8316320190
32 3.2071179102
59 2.1183414832
90 51.1713177804
evaluations raw_y
1 21.3211711090
3 16.6122180001
7 12.0654378717
17 9.1369665848
26 0.1686404398
90 36.6180846827
evaluations raw_y
1 17.1635944055
3 7.5468718369
18 5.2679505055
28 1.5305433256
34 0.8258467895
90 31.3710791250
evaluations raw_y
1 19.9323803940
6 13.5588481957
8 8.8351042382
19 2.7070409340
90 48.3555584204
evaluations raw_y
1 20.7214029674
6 17.0274753223
7 15.0934956107
10 7.2296344929
26 6.6004349742
51 6.0020111114
54 3.3225705736
76 1.7627373766
86 0.0919335991
90 13.6159023248
evaluations raw_y
1 26.1980376603
2 14.9660057119
7 3.6269425687
33 2.5723318606
90 25.1985036076
evaluations raw_y
1 22.0042316814
3 21.2813279136
7 6.1773881187
8 3.3904826576
38 2.8009104092
51 1.6588670752
90 1.9037486893
evaluations raw_y
1 23.6925049054
3 21.2474924999
4 5.6264868850
12 2.2330583257
90 24.9277059011
evaluations raw_y
1 19.7136453469
5 15.7900909784
8 12.8263502513
9 4.8381671741
18 4.3703663710
49 0.9975910454
90 35.3367812792
evaluations raw_y
1 46.7594634783
2 26.0713908592
4 6.1544940085
28 5.6300323091
37 3.4636302160
77 0.9637179510
90 17.0109119814
evaluations raw_y
1 7.6733406871
2 5.3544697715
3 3.9516762173
8 1.3582446289
90 31.9249833591
evaluations raw_y
1 30.2971913314
2 26.3730715260
3 3.6875057550
15 1.7537395543
22 1.5746937736
90 14.0963479966
evaluations raw_y
1 48.6887236898
2 24.7713403004
3 5.4511205695
4 5.2072793539
65 1.0682417245
90 129.7317976669
evaluations raw_y
1 29.1697953471
3 2.3167165221
35 2.2889041151
67 0.3489046044
90 27.7712496343
evaluations raw_y
1 63.2851766444
2 51.8660025902
3 2.7601414679
90 36.7546044977
evaluations raw_y
1 2.0533852021
90 70.5468004273
evaluations raw_y
1 44.1888595333
2 20.5804242737
4 4.2840168722
38 2.1151822680
90 14.0165430838
evaluations raw_y
1 24.2725405874
2 8.1267303947
7 0.7956275611
90 84.2434586738
evaluations raw_y
1 94.9425754134
2 59.3348743691
4 26.6434742943
5 3.8554398985
11 3.3842475433
41 1.9215114832
90 71.7951451546
evaluations raw_y
1 23.6136989771
3 4.7808955951
14 4.2133560468
20 1.6052130180
90 6.5018977364
evaluations raw_y
1 74.5095211716
2 42.4219243732
3 24.8945183024
9 14.1074202293
16 7.3341778146
17 6.5020944243
37 5.1243757714
60 0.9915557969
90 87.3019223670
evaluations raw_y
1 23.4682344938
2 15.3629414466
6 12.6756737508
9 6.4334623104
12 1.6075024093
90 41.2171349457
evaluations raw_y
1 25.5047272752
2 24.0970386867
4 20.8351798309
7 15.8074907508
9 10.9370401470
18 2.1997673180
52 1.3147700133
90 34.0094330637
evaluations raw_y
1 15.9038614477
3 9.9411451944
24 9.2491764940
26 7.2740990292
87 5.9375226068
90 15.1322364492
evaluations raw_y
1 28.6568148685
3 12.6833046535
7 4.6038626930
19 1.9211130106
90 5.1084117721
evaluations raw_y
1 7.5854365590
12 6.0271918586
29 1.2094793062
90 37.2149912593
evaluations raw_y
1 38.9132647155
2 28.2504577396
5 24.2588633879
6 20.3168384183
13 4.4411190555
38 3.1324909270
90 15.8097597880
evaluations raw_y
1 24.8716101319
7 2.5037842152
90 74.7227575946
evaluations raw_y
1 79.9110414897
2 20.3970072587
8 15.8476244919
20 6.0277160358
34 3.7141728649
59 0.8379260805
67 0.5861751137
87 0.4607690265
90 17.3632468304
evaluations raw_y
1 39.7362831502
12 25.5760375019
22 5.7700720679
29 2.0826885788
74 0.4568511724
90 61.9257404019
evaluations raw_y
1 44.9061232626
3 10.6555996094
8 8.0630188249
15 8.0155249164
51 5.9423464548
54 3.0001257080
90 8.6406882257
evaluations raw_y
1 43.0934231605
3 19.1053478908
7 12.1447322339
11 6.4422035273
23 5.5643307615
75 3.2242825946
90 28.5388495131
evaluations raw_y
1 29.6627209964
2 23.8454157632
3 4.6162824959
50 4.4709346762
90 1.2971281015
evaluations raw_y
1 90.4216268693
2 10.5214254693
5 1.9843450822
74 1.5832327687
90 6.5535960734
evaluations raw_y
1 140.6952980514
2 91.8451030397
3 43.2147808962
12 35.7391364625
14 13.6797287804
23 4.9352272885
90 35.1130302278
evaluations raw_y
1 39.2703579277
4 5.2921957204
6 3.6048591909
90 30.0936914164
evaluations raw_y
1 43.7161429391
2 30.1273635867
3 14.5664921013
5 4.8853775723
19 4.7961724836
39 3.4583107077
90 19.3884495154
evaluations raw_y
1 55.2790575579
2 18.4619896378
5 3.7063944385
11 1.4764932420
39 0.8025500072
80 0.6949131535
90 59.5372460748
evaluations raw_y
1 31.0445840567
2 17.7424566793
10 12.3059507685
19 6.4211675771
22 5.9917677522
29 1.6775576569
53 1.0857054544
90 17.2095444656
evaluations raw_y
1 2.6949635224
12 0.9344260447
90 53.5053885419
evaluations raw_y
1 22.7522627106
2 14.4775483303
12 6.9223472053
23 6.6445335604
50 1.6925043717
54 1.5144943143
90 3.1277834946
evaluations raw_y
1 25.8925090856
2 22.8446884340
3 8.1548834717
26 5.7540007806
44 5.3544056026
69 2.3420212315
90 39.7121871022
evaluations raw_y
1 10.7219892107
8 7.6255387505
9 4.9445818100
46 2.8569176638
90 31.3311041448
evaluations raw_y
1 12.0870272593
2 8.0279123280
3 3.0910998350
56 2.1792911002
75 0.6554098455
90 33.7322886571
evaluations raw_y
1 3.0756490199
61 1.2211468246
90 23.9252854302
evaluations raw_y
1 34.8642599758
4 20.6247219496
7 7.0067349090
12 0.8045411777
90 34.5520506900
evaluations raw_y
1 79.6643020302
2 49.8855824126
3 30.6791851984
4 21.8468786247
6 17.9353591865
8 9.6631582242
11 6.3613959089
12 2.3726104736
42 1.6736353780
90 22.4760842597
