evaluations raw_y
1 176872.1732130040
2 8104.1350475977
4 885.6373291788
9 234.2299166645
72 160.1398639614
90 27401.5124335657
evaluations raw_y
1 176872.1732130040
2 8104.1350475977
4 885.6373291788
9 234.2299166645
31 49.7059812110
90 39707.5410640999
evaluations raw_y
1 176872.1732130040
2 8104.1350475977
4 885.6373291788
9 234.2299166645
90 380.5683028642
evaluations raw_y
1 176872.1732130040
2 8104.1350475977
4 885.6373291788
9 234.2299166645
18 136.7544377021
90 3184.5684368649
evaluations raw_y
1 176872.1732130040
2 8104.1350475977
4 885.6373291788
9 234.2299166645
90 56710.2750099886
evaluations raw_y
1 35667.0033998336
2 27944.8717454500
3 2485.5023052599
4 199.7973471276
73 90.7404693891
90 58767.3102068641
evaluations raw_y
1 35667.0033998336
2 27944.8717454500
3 2485.5023052599
4 199.7973471276
14 4.5643115043
90 44366.7307708659
evaluations raw_y
1 35667.0033998336
2 27944.8717454500
3 2485.5023052599
4 199.7973471276
47 101.2054135451
90 21915.8844365734
evaluations raw_y
1 35667.0033998336
2 27944.8717454500
3 2485.5023052599
4 199.7973471276
30 155.6293654144
39 102.8021896231
51 55.3700581303
90 10715.9027651636
evaluations raw_y
1 35667.0033998336
2 27944.8717454500
3 2485.5023052599
4 199.7973471276
90 81696.0060508208
evaluations raw_y
1 17684.9733137514
3 4708.8495804743
4 2866.5116041791
6 164.2120586009
90 1271.7459517114
evaluations raw_y
1 17684.9733137514
3 4708.8495804743
4 2866.5116041791
6 164.2120586009
90 112347.3793890828
evaluations raw_y
1 17684.9733137514
3 4708.8495804743
4 2866.5116041791
6 164.2120586009
21 146.2335189833
62 138.7900030155
77 8.9927693847
90 14755.6329780372
evaluations raw_y
1 17684.9733137514
3 4708.8495804743
4 2866.5116041791
6 164.2120586009
21 98.5328028431
90 1910.5173568914
evaluations raw_y
1 17684.9733137514
3 4708.8495804743
4 2866.5116041791
6 164.2120586009
90 1639.8065728889
evaluations raw_y
1 49075.8535918709
2 14109.5275301546
5 1661.6111990854
14 664.5976494244
22 262.0821573403
55 84.0783361945
90 13769.5292528814
evaluations raw_y
1 49075.8535918709
2 14109.5275301546
5 1661.6111990854
14 506.1599160337
19 54.7589744945
66 0.5335363946
90 12756.6095351732
evaluations raw_y
1 49075.8535918709
2 14109.5275301546
5 1661.6111990854
10 1281.4478212636
22 283.6389072430
90 7220.2331293850
evaluations raw_y
1 49075.8535918709
2 14109.5275301546
5 1661.6111990854
26 141.6780439338
90 3084.1388480121
evaluations raw_y
1 49075.8535918709
2 14109.5275301546
5 1661.6111990854
13 736.9793869508
14 722.5196725347
23 37.4180742990
90 21064.6076487404
evaluations raw_y
1 45272.2406672014
3 27846.1977686326
4 66.4937297842
90 44969.1036497356
evaluations raw_y
1 45272.2406672014
3 27846.1977686326
4 66.4937297842
90 143865.2271327986
evaluations raw_y
1 45272.2406672014
3 27846.1977686326
4 66.4937297842
90 2669.8216310772
evaluations raw_y
1 45272.2406672014
3 27846.1977686326
4 66.4937297842
90 6404.8756797068
evaluations raw_y
1 45272.2406672014
3 27846.1977686326
4 66.4937297842
90 37072.8158520333
evaluations raw_y
1 3144.4203315576
2 1554.8782795881
7 647.7011254121
13 582.9989304664
37 456.6445351928
58 78.0886042410
90 109131.5506384285
evaluations raw_y
1 3144.4203315576
2 1554.8782795881
7 647.7011254121
55 330.1939128569
77 91.3106109250
90 19890.2619154804
evaluations raw_y
1 3144.4203315576
2 1554.8782795881
7 647.7011254121
10 554.6801336096
27 145.6804521579
55 106.7694383343
90 204298.1643783057
evaluations raw_y
1 3144.4203315576
2 1554.8782795881
7 647.7011254121
11 415.0460548274
44 338.6191466710
86 192.2066268478
90 8050.5749004588
evaluations raw_y
1 3144.4203315576
2 1554.8782795881
7 647.7011254121
15 40.3363750352
27 39.3624522909
90 910.7037886344
evaluations raw_y
1 21543.3759165418
3 8308.0143554514
7 1250.5062576848
11 330.9059470957
16 302.7684893290
90 102641.2214796177
evaluations raw_y
1 21543.3759165418
3 8308.0143554514
7 1250.5062576848
11 563.9934351836
16 313.1752067575
27 307.6765435781
53 89.3613026877
90 3532.6749770717
evaluations raw_y
1 21543.3759165418
3 8308.0143554514
7 1250.5062576848
15 1065.3841453620
18 55.0723790142
90 105570.9958326000
evaluations raw_y
1 21543.3759165418
3 8308.0143554514
7 1250.5062576848
31 217.4264633028
51 33.4982655550
90 9091.1013935387
evaluations raw_y
1 21543.3759165418
3 8308.0143554514
7 1250.5062576848
14 892.0284438934
35 759.9978774691
39 308.6654207173
45 149.2724115731
57 146.0029578232
82 40.4201324782
90 11889.2648836699
evaluations raw_y
1 734.0825777797
2 733.3197844379
29 203.4774784024
77 79.1073804633
90 2797.7787748305
evaluations raw_y
1 734.0825777797
2 733.3197844379
12 544.1974983201
30 79.0955342693
79 77.4530340866
90 3468.2161846454
evaluations raw_y
1 734.0825777797
2 733.3197844379
20 133.2216573097
41 96.2366862843
90 132311.2335427692
evaluations raw_y
1 734.0825777797
2 733.3197844379
32 631.7613091779
33 475.3435423053
51 445.6076508122
90 3257.8745309481
evaluations raw_y
1 734.0825777797
2 733.3197844379
29 246.2599434495
90 27125.2420426360
evaluations raw_y
1 28509.5006201518
3 9340.3390939121
6 1918.3759949667
12 1078.6038948911
16 201.0028543269
90 111490.7227009477
evaluations raw_y
1 28509.5006201518
3 9340.3390939121
6 1918.3759949667
17 1477.1953021265
18 1247.7540470240
34 897.8456551393
71 518.6806973984
74 176.2606009163
90 52449.3464944312
evaluations raw_y
1 28509.5006201518
3 9340.3390939121
6 1918.3759949667
13 1343.8545900884
31 137.5413258959
45 116.8034659742
90 35847.0410573107
evaluations raw_y
1 28509.5006201518
3 9340.3390939121
6 1918.3759949667
11 484.9047365122
20 280.2869303300
76 136.2670083585
90 26265.4297478196
evaluations raw_y
1 28509.5006201518
3 9340.3390939121
6 1918.3759949667
11 314.1519053146
61 99.7243127329
90 9663.0588062668
evaluations raw_y
1 2088.2304882533
10 451.5881798291
64 147.8088276861
90 47161.1873644266
evaluations raw_y
1 2088.2304882533
14 566.4031995315
27 425.7458055389
32 35.7939278595
90 9693.0778802107
evaluations raw_y
1 2088.2304882533
10 1984.7361762820
14 218.3493347535
90 39764.8421127995
evaluations raw_y
1 2088.2304882533
35 297.7061319260
47 261.1583793803
90 26920.5296003443
evaluations raw_y
1 2088.2304882533
10 1657.9157727415
23 1528.8671597061
27 391.8555538122
45 68.0400656678
71 48.6432561183
90 5517.4261771941
evaluations raw_y
1 23487.5480376158
3 9556.7418895552
5 433.6461973724
17 90.6489266326
90 2990.7174684774
evaluations raw_y
1 23487.5480376158
3 9556.7418895552
5 433.6461973724
49 387.8745608368
69 337.6722456610
72 63.9100793183
90 7976.8801859642
evaluations raw_y
1 23487.5480376158
3 9556.7418895552
5 433.6461973724
12 427.6632140318
49 418.1553660685
52 351.8408545700
66 342.7271719574
88 199.9368586494
90 5454.1846718590
evaluations raw_y
1 23487.5480376158
3 9556.7418895552
5 433.6461973724
16 282.3193475962
23 12.8854871397
90 17701.9636745006
evaluations raw_y
1 23487.5480376158
3 9556.7418895552
5 433.6461973724
14 321.1431880694
43 47.2280201871
90 31323.2705535753
evaluations raw_y
1 9173.6830963657
3 2335.3711121895
6 1410.4272868556
8 1282.7286792182
13 472.6704147621
62 250.1070679175
90 105.6824642906
evaluations raw_y
1 9173.6830963657
3 2335.3711121895
6 1410.4272868556
8 1282.7286792182
14 512.9429058354
55 142.7108966600
88 24.0275606751
90 10715.1507078427
evaluations raw_y
1 9173.6830963657
3 2335.3711121895
6 1410.4272868556
8 1282.7286792182
10 1166.8615427355
12 1017.5266009497
14 921.6363689977
36 136.4866489541
90 304.0512285745
evaluations raw_y
1 9173.6830963657
3 2335.3711121895
6 1410.4272868556
8 1282.7286792182
30 164.3352525611
74 47.8854774008
90 8037.5775386892
evaluations raw_y
1 9173.6830963657
3 2335.3711121895
6 1410.4272868556
8 1282.7286792182
19 1189.3469640783
49 1182.3500521126
53 465.5594661056
60 7.3453172978
90 1737.6900419387
evaluations raw_y
1 84071.3592442008
2 77.7184301326
90 466.0156253395
evaluations raw_y
1 84071.3592442008
2 77.7184301326
90 7611.4280086737
evaluations raw_y
1 84071.3592442008
2 77.7184301326
54 56.5794866672
90 288.0556003378
evaluations raw_y
1 84071.3592442008
2 77.7184301326
44 62.2010961772
90 218474.5216723910
evaluations raw_y
1 84071.3592442008
2 77.7184301326
90 1882.1465553738
evaluations raw_y
1 12344.8827990706
4 1803.5574688871
5 525.2912758126
74 495.5768866140
90 5205.9550661359
evaluations raw_y
1 12344.8827990706
4 1803.5574688871
5 525.2912758126
90 32360.4714923900
evaluations raw_y
1 12344.8827990706
4 1803.5574688871
5 525.2912758126
21 390.7331635150
33 331.7980414291
82 305.3664065476
90 104462.8439582643
evaluations raw_y
1 12344.8827990706
4 1803.5574688871
5 525.2912758126
67 430.1716278888
69 9.6795020690
90 47839.2070333476
evaluations raw_y
1 12344.8827990706
4 1803.5574688871
5 525.2912758126
32 99.6060993134
90 72943.5531873438
