evaluations raw_y
1 10807.4197601290
13 6.5107131855
43 4.7921362831
53 0.8412912168
54 4.1599202080
evaluations raw_y
1 10807.4197601290
13 8321.9728197442
19 10.1114508700
35 3.4237192612
37 2.6866972430
38 2.5145212907
50 0.7323697259
54 13.4875447414
evaluations raw_y
1 10807.4197601290
15 7754.8665602479
17 3.9168779531
44 1.2001426978
54 68.3217288361
evaluations raw_y
1 10807.4197601290
11 7403.5156848306
17 158.0461250214
24 32.3171920655
35 12.5321433914
37 0.7431965185
54 34373.3814420495
evaluations raw_y
1 10807.4197601290
25 7968.6494718475
33 7222.8682901939
41 86.5120707576
42 71.4476643379
44 46.7198955493
53 45.8772624356
54 55.5745106343
evaluations raw_y
1 529074.0652364212
2 59023.3995626931
3 17263.5862672118
7 7.9400175798
8 0.1911499712
54 22.9750526066
evaluations raw_y
1 529074.0652364212
2 59023.3995626931
3 17263.5862672118
7 12414.2609932883
10 2609.9772643439
11 1433.2937293663
12 38.9626731605
14 27.5969345604
25 22.6334051496
36 7.7906846561
44 6.7281386106
51 1.9237830773
54 12.4765941956
evaluations raw_y
1 529074.0652364212
2 59023.3995626931
3 17263.5862672118
7 722.1850425349
8 5.6675053640
54 345243.2547103027
evaluations raw_y
1 529074.0652364212
2 59023.3995626931
3 17263.5862672118
16 3684.4317267155
23 216.8768498287
25 46.6129887607
33 20.1674205781
54 775.5523967508
evaluations raw_y
1 529074.0652364212
2 59023.3995626931
3 17263.5862672118
7 4591.4295311368
11 112.4171100558
16 108.2512401926
17 75.6256504992
19 41.7799805249
23 2.5365464615
52 1.1981271789
54 54.0300653305
evaluations raw_y
1 44.0595110475
6 23.5415516691
9 22.8000843341
13 5.0877443004
27 2.7138718109
54 41.2705240826
evaluations raw_y
1 44.0595110475
6 23.5415516691
17 15.4519882729
23 6.7572961402
25 5.9823004744
32 2.1007592981
47 1.9140214637
50 0.7624611378
54 8.8198204203
evaluations raw_y
1 44.0595110475
6 23.5415516691
11 12.7355484267
18 8.0310309748
23 6.9100838812
30 6.7959815999
35 6.2177994800
44 4.5694311914
49 4.4437558608
51 2.0290855135
54 3.8418201268
evaluations raw_y
1 44.0595110475
6 23.5415516691
14 16.6532556726
35 12.1213572061
37 0.5426592104
54 16.5745788804
evaluations raw_y
1 44.0595110475
6 23.5415516691
26 12.6112494805
41 7.1294958223
42 2.5513319282
48 0.2044888098
54 18.1135462976
evaluations raw_y
1 132.0861222634
4 52.8510677166
10 46.3114599385
14 42.6956265235
17 24.9421442888
20 6.7945135475
44 4.3411657879
54 8.5481411909
evaluations raw_y
1 132.0861222634
4 52.8510677166
9 38.0103716228
10 25.0815233948
11 12.6096030576
35 9.4695644431
37 7.6984982577
54 8.2768441892
evaluations raw_y
1 132.0861222634
4 52.8510677166
7 32.2009077638
10 30.6352403003
18 23.0163428086
27 21.6101506611
28 16.1997540021
37 13.3911298962
52 12.8450015725
53 12.5584653538
54 12.2071767516
evaluations raw_y
1 132.0861222634
4 52.8510677166
10 12.6443986340
12 1.3519865883
52 1.2883851435
54 841.1306741260
evaluations raw_y
1 132.0861222634
4 52.8510677166
17 41.2675443198
22 24.1938581325
44 23.2253839941
52 7.9804574062
54 49.3653849917
evaluations raw_y
1 100226.0414807870
2 95091.6675684782
3 80.7222662938
4 51.1457162317
13 41.9140097011
19 40.8493977493
20 24.1757046374
23 12.6369698705
45 11.6229309536
51 1.9278095325
54 12.4173346706
evaluations raw_y
1 100226.0414807870
2 95091.6675684782
3 80.7222662938
4 51.1457162317
38 43.5537064093
48 41.3232616214
49 20.1655086084
54 106.1504324241
evaluations raw_y
1 100226.0414807870
2 95091.6675684782
3 80.7222662938
4 51.1457162317
7 42.9915755214
30 18.0324194661
37 6.4127884374
54 113.5734913151
evaluations raw_y
1 100226.0414807870
2 95091.6675684782
3 80.7222662938
4 51.1457162317
8 17.0587682879
50 14.7195017221
54 23.4457722320
evaluations raw_y
1 100226.0414807870
2 95091.6675684782
3 80.7222662938
4 51.1457162317
10 26.6317546589
16 20.0017343993
23 13.7981068884
27 7.1880583205
37 1.7369052137
47 0.6844105836
54 33998.9193062439
evaluations raw_y
1 5.5742032881
5 1.7921236042
33 1.2009078203
54 0.5582024307
evaluations raw_y
1 5.5742032881
5 1.7921236042
54 6.4746330510
evaluations raw_y
1 5.5742032881
5 1.7921236042
54 47.9460553093
evaluations raw_y
1 5.5742032881
5 1.7921236042
54 20.4474318496
evaluations raw_y
1 5.5742032881
5 1.7921236042
26 0.5803874276
43 0.1615875204
54 6248.1837782455
evaluations raw_y
1 190814.1851923359
2 18296.3371442756
11 373.8103740312
14 9.5159023777
16 8.1036058422
27 6.8381049230
45 6.6324010261
48 4.1335227222
53 1.6292421889
54 1.4057015165
evaluations raw_y
1 190814.1851923359
2 18296.3371442756
8 2006.0736747107
25 1.6747908103
47 0.4722259548
54 404.1110590267
evaluations raw_y
1 190814.1851923359
2 18296.3371442756
9 13087.3464783342
10 164.0300989971
14 1.3673971887
42 0.8118902418
46 0.0536820563
54 116.4805100431
evaluations raw_y
1 190814.1851923359
2 18296.3371442756
11 6347.5155051625
24 5750.4232294848
27 0.1507596296
41 0.0090105493
54 2.3320926371
evaluations raw_y
1 190814.1851923359
2 18296.3371442756
10 1.2771253313
54 133.8541283628
evaluations raw_y
1 214.3523931068
2 68.9287525322
4 22.2388454166
13 8.1145639240
21 2.9113467359
33 1.2280555563
54 812.9307264197
evaluations raw_y
1 214.3523931068
2 68.9287525322
4 22.2388454166
30 18.3905199322
31 9.7597911833
37 8.5261022649
39 5.7272515954
49 4.0987009347
54 23.3816083795
evaluations raw_y
1 214.3523931068
2 68.9287525322
4 22.2388454166
20 6.8148933053
39 2.8709329113
51 2.2135169146
53 1.3901913845
54 6.4814277754
evaluations raw_y
1 214.3523931068
2 68.9287525322
4 22.2388454166
10 12.5686928001
14 7.5369516884
20 5.3266028057
25 3.0744941460
32 2.5158817221
45 2.2293938242
47 1.5653294663
54 2.9991866030
evaluations raw_y
1 214.3523931068
2 68.9287525322
4 22.2388454166
11 0.7501408553
52 0.3218017614
54 4.8102170693
evaluations raw_y
1 66742.5415180300
10 22891.7243530994
16 102.8210315124
17 28.1005320086
42 12.4606429030
46 9.5663639627
54 47.9935980702
evaluations raw_y
1 66742.5415180300
14 20.3281380909
29 7.6046432342
46 4.8650407413
50 3.3354748987
54 3591.3159017535
evaluations raw_y
1 66742.5415180300
10 40426.7824489617
11 37333.3800257430
12 28.1015790785
14 4.8003494212
41 4.4401456714
52 0.3718661334
54 169.3272698735
evaluations raw_y
1 66742.5415180300
7 55497.3628729223
17 30397.7060474402
18 12384.1327746979
22 1900.9401315469
23 6.2913405961
54 32.5525153559
evaluations raw_y
1 66742.5415180300
12 59467.2157868362
15 3748.9330993396
19 7.1560499467
33 1.5115869858
54 66.6520651232
evaluations raw_y
1 194160.7734649119
4 129278.7860106252
5 28.1112294602
22 15.6144794951
23 0.2503953825
54 44.8831652485
evaluations raw_y
1 194160.7734649119
4 129278.7860106252
5 28.1112294602
12 2.5325862953
53 1.7025957725
54 16.6149345434
evaluations raw_y
1 194160.7734649119
4 129278.7860106252
5 28.1112294602
16 8.6815551913
22 4.5153528519
27 2.3849160549
54 14213.7280146959
evaluations raw_y
1 194160.7734649119
4 129278.7860106252
5 28.1112294602
31 23.6132178951
33 5.1067092761
37 0.2297762350
54 7.3356801532
evaluations raw_y
1 194160.7734649119
4 129278.7860106252
5 28.1112294602
11 14.0552436184
37 12.6065379584
39 7.0513760970
43 0.1465644124
54 73659.3080559534
evaluations raw_y
1 121320.4494961821
2 118.8241398796
6 19.4099152505
12 10.2191096618
14 9.4484230008
19 3.9060120763
32 3.4023123073
54 4.9158260313
evaluations raw_y
1 121320.4494961821
2 118.8241398796
6 19.4099152505
13 12.4726515745
14 4.9178457311
32 2.1170818912
37 0.9953169455
39 0.0087390792
54 10.4787772987
evaluations raw_y
1 121320.4494961821
2 118.8241398796
6 19.4099152505
22 10.8217197896
23 10.7268062984
36 8.3309654064
54 10.0393447996
evaluations raw_y
1 121320.4494961821
2 118.8241398796
6 19.4099152505
22 17.9968018957
32 8.9494285610
38 2.3247472013
54 33.2488530343
evaluations raw_y
1 121320.4494961821
2 118.8241398796
6 19.4099152505
10 12.3486055065
12 1.9121430035
23 0.5636099798
54 3.4552252489
evaluations raw_y
1 109.4798367838
2 24.5523568063
12 22.8742002298
16 3.7224720010
31 2.4666352461
47 1.7862494270
54 2.9773052212
evaluations raw_y
1 109.4798367838
2 24.5523568063
15 23.6285496908
17 12.5296060185
27 5.5858939682
34 4.2689564819
36 3.8090448160
42 0.1777343391
54 21.9180171292
evaluations raw_y
1 109.4798367838
2 24.5523568063
17 6.4976958149
21 2.7358993663
37 2.5036905143
43 1.4204019496
54 6.9815049712
evaluations raw_y
1 109.4798367838
2 24.5523568063
14 11.7846007110
20 8.6636119968
25 5.7899379707
27 3.6533745641
31 1.4588591316
54 2.2749298073
evaluations raw_y
1 109.4798367838
2 24.5523568063
7 23.3371893460
9 23.2998460439
23 3.1180655668
28 2.0477900595
46 0.2648476411
54 1.2998148759
evaluations raw_y
1 29531.1269627230
4 22198.5113438281
17 12597.9865608668
24 101.8687555124
25 62.6034481522
29 60.8657693794
31 14.2348318692
38 4.6005876830
54 56.4440001885
evaluations raw_y
1 29531.1269627230
4 22198.5113438281
24 4268.0283820281
26 679.1695369273
27 319.3890924028
28 98.9499051682
32 15.2042751568
36 0.3702146347
54 400.3048023712
evaluations raw_y
1 29531.1269627230
4 22198.5113438281
8 15402.5886275056
15 11021.3884123214
16 404.0406425163
19 193.7983285687
23 68.0301223391
25 37.1608351919
32 24.0263700339
37 9.9846806312
39 4.6396423179
54 38957.5590818781
evaluations raw_y
1 29531.1269627230
4 22198.5113438281
19 4.8078311414
54 24.0315534726
evaluations raw_y
1 29531.1269627230
4 22198.5113438281
27 79.8335434135
31 27.3257059657
34 12.1868230456
41 1.3693116739
54 12.5481983494
evaluations raw_y
1 286.7083103203
3 37.3079207994
4 8.5192389304
7 7.4648314637
25 2.5661708858
45 0.4433288278
49 0.2101729824
54 19367.4326486112
evaluations raw_y
1 286.7083103203
3 37.3079207994
4 8.5192389304
28 3.7422782752
31 2.5212334685
53 0.5384610634
54 8.4590470492
evaluations raw_y
1 286.7083103203
3 37.3079207994
4 8.5192389304
23 5.1817022024
39 0.3752637535
54 7.5922679969
evaluations raw_y
1 286.7083103203
3 37.3079207994
4 8.5192389304
19 0.9425183858
51 0.1517206844
54 0.7355561346
evaluations raw_y
1 286.7083103203
3 37.3079207994
4 8.5192389304
27 3.6730492994
38 2.4468790055
54 7.0317029783
