evaluations raw_y
1 13.6049315377
2 12.6586587491
5 12.4946635506
9 10.6895106409
13 5.0332617834
36 2.9228966711
64 1.1395349600
90 1.1168615479
evaluations raw_y
1 13.6049315377
2 12.6586587491
5 12.4946635506
9 10.6895106409
13 5.0332617834
36 2.9228966711
64 1.1395349600
90 1.1168615479
evaluations raw_y
1 13.6049315377
2 12.6586587491
5 12.4946635506
9 10.6895106409
13 5.0332617834
36 2.9228966711
64 1.1395349600
90 1.1168615479
evaluations raw_y
1 13.6049315377
2 12.6586587491
5 12.4946635506
9 10.6895106409
13 5.0332617834
36 2.9228966711
64 1.1395349600
90 1.1168615479
evaluations raw_y
1 13.6049315377
2 12.6586587491
5 12.4946635506
9 10.6895106409
13 5.0332617834
36 2.9228966711
64 1.1395349600
90 1.1168615479
evaluations raw_y
1 14.6424223789
3 12.9454392291
4 6.6354543175
34 1.9311486525
90 23.1035189075
evaluations raw_y
1 14.6424223789
3 12.9454392291
4 6.6354543175
34 1.9311486525
90 23.1035189075
evaluations raw_y
1 14.6424223789
3 12.9454392291
4 6.6354543175
34 1.9311486525
90 23.1035189075
evaluations raw_y
1 14.6424223789
3 12.9454392291
4 6.6354543175
34 1.9311486525
90 23.1035189075
evaluations raw_y
1 14.6424223789
3 12.9454392291
4 6.6354543175
34 1.9311486525
90 23.1035189075
evaluations raw_y
1 50.6571029423
2 18.1462347745
3 13.1066107307
5 12.5382832346
16 12.3153148711
31 3.1725527552
56 1.6258310045
90 9.2001845432
evaluations raw_y
1 50.6571029423
2 18.1462347745
3 13.1066107307
5 12.5382832346
16 12.3153148711
31 3.1725527552
56 1.6258310045
90 9.2001845432
evaluations raw_y
1 50.6571029423
2 18.1462347745
3 13.1066107307
5 12.5382832346
16 12.3153148711
31 3.1725527552
56 1.6258310045
90 9.2001845432
evaluations raw_y
1 50.6571029423
2 18.1462347745
3 13.1066107307
5 12.5382832346
16 12.3153148711
31 3.1725527552
56 1.6258310045
90 9.2001845432
evaluations raw_y
1 50.6571029423
2 18.1462347745
3 13.1066107307
5 12.5382832346
16 12.3153148711
31 3.1725527552
56 1.6258310045
90 9.2001845432
evaluations raw_y
1 197.2482673602
2 39.8352522872
3 25.2087743491
7 5.2161419789
13 4.7081017204
22 3.9826591197
55 1.7644661467
90 13.6559273377
evaluations raw_y
1 197.2482673602
2 39.8352522872
3 25.2087743491
7 5.2161419789
13 4.7081017204
22 3.9826591197
55 1.7644661467
90 13.6559273377
evaluations raw_y
1 197.2482673602
2 39.8352522872
3 25.2087743491
7 5.2161419789
13 4.7081017204
22 3.9826591197
55 1.7644661467
90 13.6559273377
evaluations raw_y
1 197.2482673602
2 39.8352522872
3 25.2087743491
7 5.2161419789
13 4.7081017204
22 3.9826591197
55 1.7644661467
90 13.6559273377
evaluations raw_y
1 197.2482673602
2 39.8352522872
3 25.2087743491
7 5.2161419789
13 4.7081017204
22 3.9826591197
55 1.7644661467
90 13.6559273377
evaluations raw_y
1 13.0062945852
4 10.2938415589
7 6.1842797730
13 4.9139689933
38 4.6423061601
42 3.3718835157
63 1.7256599554
65 1.3742224669
90 10.5610313606
evaluations raw_y
1 13.0062945852
4 10.2938415589
7 6.1842797730
13 4.9139689933
38 4.6423061601
42 3.3718835157
63 1.7256599554
65 1.3742224669
90 10.5610313606
evaluations raw_y
1 13.0062945852
4 10.2938415589
7 6.1842797730
13 4.9139689933
38 4.6423061601
42 3.3718835157
63 1.7256599554
65 1.3742224669
90 10.5610313606
evaluations raw_y
1 13.0062945852
4 10.2938415589
7 6.1842797730
13 4.9139689933
38 4.6423061601
42 3.3718835157
63 1.7256599554
65 1.3742224669
90 10.5610313606
evaluations raw_y
1 13.0062945852
4 10.2938415589
7 6.1842797730
13 4.9139689933
38 4.6423061601
42 3.3718835157
63 1.7256599554
65 1.3742224669
90 10.5610313606
evaluations raw_y
1 119.1499984031
2 58.3266607884
3 58.2344546385
4 43.1386035553
7 27.5771365801
11 11.2506939469
22 2.4593972562
90 11.3659233328
evaluations raw_y
1 119.1499984031
2 58.3266607884
3 58.2344546385
4 43.1386035553
7 27.5771365801
11 11.2506939469
22 2.4593972562
90 11.3659233328
evaluations raw_y
1 119.1499984031
2 58.3266607884
3 58.2344546385
4 43.1386035553
7 27.5771365801
11 11.2506939469
22 2.4593972562
90 11.3659233328
evaluations raw_y
1 119.1499984031
2 58.3266607884
3 58.2344546385
4 43.1386035553
7 27.5771365801
11 11.2506939469
22 2.4593972562
90 11.3659233328
evaluations raw_y
1 119.1499984031
2 58.3266607884
3 58.2344546385
4 43.1386035553
7 27.5771365801
11 11.2506939469
22 2.4593972562
90 11.3659233328
evaluations raw_y
1 55.2518328237
3 29.5831998993
5 18.5807881368
12 10.8557968228
26 7.8808158449
27 6.7195771064
32 0.4064965781
90 0.4353221956
evaluations raw_y
1 55.2518328237
3 29.5831998993
5 18.5807881368
12 10.8557968228
26 7.8808158449
27 6.7195771064
32 0.4064965781
90 0.4353221956
evaluations raw_y
1 55.2518328237
3 29.5831998993
5 18.5807881368
12 10.8557968228
26 7.8808158449
27 6.7195771064
32 0.4064965781
90 0.4353221956
evaluations raw_y
1 55.2518328237
3 29.5831998993
5 18.5807881368
12 10.8557968228
26 7.8808158449
27 6.7195771064
32 0.4064965781
90 0.4353221956
evaluations raw_y
1 55.2518328237
3 29.5831998993
5 18.5807881368
12 10.8557968228
26 7.8808158449
27 6.7195771064
32 0.4064965781
90 0.4353221956
evaluations raw_y
1 182.2256763888
2 85.7267665891
3 8.2362475968
14 7.4664822781
27 6.3778596087
31 3.1170610160
37 1.2734416522
70 0.2851578106
90 10.2372080953
evaluations raw_y
1 182.2256763888
2 85.7267665891
3 8.2362475968
14 7.4664822781
27 6.3778596087
31 3.1170610160
37 1.2734416522
70 0.2851578106
90 10.2372080953
evaluations raw_y
1 182.2256763888
2 85.7267665891
3 8.2362475968
14 7.4664822781
27 6.3778596087
31 3.1170610160
37 1.2734416522
70 0.2851578106
90 10.2372080953
evaluations raw_y
1 182.2256763888
2 85.7267665891
3 8.2362475968
14 7.4664822781
27 6.3778596087
31 3.1170610160
37 1.2734416522
70 0.2851578106
90 10.2372080953
evaluations raw_y
1 182.2256763888
2 85.7267665891
3 8.2362475968
14 7.4664822781
27 6.3778596087
31 3.1170610160
37 1.2734416522
70 0.2851578106
90 10.2372080953
evaluations raw_y
1 8.5200751693
26 5.9724813429
41 1.5658596178
90 7.9444226825
evaluations raw_y
1 8.5200751693
26 5.9724813429
41 1.5658596178
90 7.9444226825
evaluations raw_y
1 8.5200751693
26 5.9724813429
41 1.5658596178
90 7.9444226825
evaluations raw_y
1 8.5200751693
26 5.9724813429
41 1.5658596178
90 7.9444226825
evaluations raw_y
1 8.5200751693
26 5.9724813429
41 1.5658596178
90 7.9444226825
evaluations raw_y
1 140.3600773803
2 19.9097658399
3 10.1738296317
5 5.3176492129
12 2.9519988443
36 2.3686016432
38 1.3677682764
41 0.1903168010
64 0.1647951342
70 0.1531195807
73 0.1295182319
90 6.9614150449
evaluations raw_y
1 140.3600773803
2 19.9097658399
3 10.1738296317
5 5.3176492129
12 2.9519988443
36 2.3686016432
38 1.3677682764
41 0.1903168010
64 0.1647951342
70 0.1531195807
73 0.1295182319
90 6.9614150449
evaluations raw_y
1 140.3600773803
2 19.9097658399
3 10.1738296317
5 5.3176492129
12 2.9519988443
36 2.3686016432
38 1.3677682764
41 0.1903168010
64 0.1647951342
70 0.1531195807
73 0.1295182319
90 6.9614150449
evaluations raw_y
1 140.3600773803
2 19.9097658399
3 10.1738296317
5 5.3176492129
12 2.9519988443
36 2.3686016432
38 1.3677682764
41 0.1903168010
64 0.1647951342
70 0.1531195807
73 0.1295182319
90 6.9614150449
evaluations raw_y
1 140.3600773803
2 19.9097658399
3 10.1738296317
5 5.3176492129
12 2.9519988443
36 2.3686016432
38 1.3677682764
41 0.1903168010
64 0.1647951342
70 0.1531195807
73 0.1295182319
90 6.9614150449
evaluations raw_y
1 171.4396771058
2 58.1261728990
5 36.4724853328
6 32.3418660590
7 23.5623992241
11 13.9289072129
12 13.4029586585
22 7.2715580606
33 6.1916878016
37 3.0536601393
39 2.3562492367
54 2.2631385188
80 2.2577673484
90 14.2183896950
evaluations raw_y
1 171.4396771058
2 58.1261728990
5 36.4724853328
6 32.3418660590
7 23.5623992241
11 13.9289072129
12 13.4029586585
22 7.2715580606
33 6.1916878016
37 3.0536601393
39 2.3562492367
54 2.2631385188
80 2.2577673484
90 14.2183896950
evaluations raw_y
1 171.4396771058
2 58.1261728990
5 36.4724853328
6 32.3418660590
7 23.5623992241
11 13.9289072129
12 13.4029586585
22 7.2715580606
33 6.1916878016
37 3.0536601393
39 2.3562492367
54 2.2631385188
80 2.2577673484
90 14.2183896950
evaluations raw_y
1 171.4396771058
2 58.1261728990
5 36.4724853328
6 32.3418660590
7 23.5623992241
11 13.9289072129
12 13.4029586585
22 7.2715580606
33 6.1916878016
37 3.0536601393
39 2.3562492367
54 2.2631385188
80 2.2577673484
90 14.2183896950
evaluations raw_y
1 171.4396771058
2 58.1261728990
5 36.4724853328
6 32.3418660590
7 23.5623992241
11 13.9289072129
12 13.4029586585
22 7.2715580606
33 6.1916878016
37 3.0536601393
39 2.3562492367
54 2.2631385188
80 2.2577673484
90 14.2183896950
evaluations raw_y
1 38.4351066063
3 19.6644519317
6 14.1091962220
7 12.7411188468
9 7.3307060610
27 6.1321443817
52 5.3262776927
54 5.0112006271
55 0.2285941338
90 1.4382118089
evaluations raw_y
1 38.4351066063
3 19.6644519317
6 14.1091962220
7 12.7411188468
9 7.3307060610
27 6.1321443817
52 5.3262776927
54 5.0112006271
55 0.2285941338
90 1.4382118089
evaluations raw_y
1 38.4351066063
3 19.6644519317
6 14.1091962220
7 12.7411188468
9 7.3307060610
27 6.1321443817
52 5.3262776927
54 5.0112006271
55 0.2285941338
90 1.4382118089
evaluations raw_y
1 38.4351066063
3 19.6644519317
6 14.1091962220
7 12.7411188468
9 7.3307060610
27 6.1321443817
52 5.3262776927
54 5.0112006271
55 0.2285941338
90 1.4382118089
evaluations raw_y
1 38.4351066063
3 19.6644519317
6 14.1091962220
7 12.7411188468
9 7.3307060610
27 6.1321443817
52 5.3262776927
54 5.0112006271
55 0.2285941338
90 1.4382118089
evaluations raw_y
1 4.4398345709
68 1.8369939477
75 1.3992137383
90 10.3776982545
evaluations raw_y
1 4.4398345709
68 1.8369939477
75 1.3992137383
90 10.3776982545
evaluations raw_y
1 4.4398345709
68 1.8369939477
75 1.3992137383
90 10.3776982545
evaluations raw_y
1 4.4398345709
68 1.8369939477
75 1.3992137383
90 10.3776982545
evaluations raw_y
1 4.4398345709
68 1.8369939477
75 1.3992137383
90 10.3776982545
evaluations raw_y
1 158.6803893188
2 45.8862152886
3 17.5512850084
8 13.1545380954
12 5.1831102917
31 4.3541595757
38 3.7704481495
64 3.7127300069
76 2.7316082000
79 2.0754461941
81 0.8766049793
90 5.5617193249
evaluations raw_y
1 158.6803893188
2 45.8862152886
3 17.5512850084
8 13.1545380954
12 5.1831102917
31 4.3541595757
38 3.7704481495
64 3.7127300069
76 2.7316082000
79 2.0754461941
81 0.8766049793
90 5.5617193249
evaluations raw_y
1 158.6803893188
2 45.8862152886
3 17.5512850084
8 13.1545380954
12 5.1831102917
31 4.3541595757
38 3.7704481495
64 3.7127300069
76 2.7316082000
79 2.0754461941
81 0.8766049793
90 5.5617193249
evaluations raw_y
1 158.6803893188
2 45.8862152886
3 17.5512850084
8 13.1545380954
12 5.1831102917
31 4.3541595757
38 3.7704481495
64 3.7127300069
76 2.7316082000
79 2.0754461941
81 0.8766049793
90 5.5617193249
evaluations raw_y
1 158.6803893188
2 45.8862152886
3 17.5512850084
8 13.1545380954
12 5.1831102917
31 4.3541595757
38 3.7704481495
64 3.7127300069
76 2.7316082000
79 2.0754461941
81 0.8766049793
90 5.5617193249
