evaluations raw_y
1 8052485.4825305063
2 2542711.4207475907
4 602691.0299818841
5 22277.3632705766
90 2018904.7360573329
evaluations raw_y
1 8052485.4825305063
2 2542711.4207475907
4 602691.0299818841
5 22277.3632705766
90 2018904.7360573329
evaluations raw_y
1 8052485.4825305063
2 2542711.4207475907
4 602691.0299818841
5 22277.3632705766
90 2018904.7360573329
evaluations raw_y
1 8052485.4825305063
2 2542711.4207475907
4 602691.0299818841
5 22277.3632705766
90 2018904.7360573329
evaluations raw_y
1 8052485.4825305063
2 2542711.4207475907
4 602691.0299818841
5 22277.3632705766
90 2018904.7360573329
evaluations raw_y
1 21723097.5807432123
2 2126745.7320691561
4 343673.7136443210
19 245161.3374482177
29 205554.9396719314
32 15218.7923150053
52 12003.0201225903
65 2367.5632579868
67 608.3737279360
90 2214749.2557133022
evaluations raw_y
1 21723097.5807432123
2 2126745.7320691561
4 343673.7136443210
19 245161.3374482177
29 205554.9396719314
32 15218.7923150053
52 12003.0201225903
65 2367.5632579868
67 608.3737279360
90 2214749.2557133022
evaluations raw_y
1 21723097.5807432123
2 2126745.7320691561
4 343673.7136443210
19 245161.3374482177
29 205554.9396719314
32 15218.7923150053
52 12003.0201225903
65 2367.5632579868
67 608.3737279360
90 2214749.2557133022
evaluations raw_y
1 21723097.5807432123
2 2126745.7320691561
4 343673.7136443210
19 245161.3374482177
29 205554.9396719314
32 15218.7923150053
52 12003.0201225903
65 2367.5632579868
67 608.3737279360
90 2214749.2557133022
evaluations raw_y
1 21723097.5807432123
2 2126745.7320691561
4 343673.7136443210
19 245161.3374482177
29 205554.9396719314
32 15218.7923150053
52 12003.0201225903
65 2367.5632579868
67 608.3737279360
90 2214749.2557133022
evaluations raw_y
1 9077118.6137494724
4 5572962.0645948807
8 2411142.8289400754
11 667902.0772687979
14 513668.8771838990
15 278184.6839691479
19 113365.8874937489
25 12345.6895248318
65 1184.7929564409
90 66986.5194280817
evaluations raw_y
1 9077118.6137494724
4 5572962.0645948807
8 2411142.8289400754
11 667902.0772687979
14 513668.8771838990
15 278184.6839691479
19 113365.8874937489
25 12345.6895248318
65 1184.7929564409
90 66986.5194280817
evaluations raw_y
1 9077118.6137494724
4 5572962.0645948807
8 2411142.8289400754
11 667902.0772687979
14 513668.8771838990
15 278184.6839691479
19 113365.8874937489
25 12345.6895248318
65 1184.7929564409
90 66986.5194280817
evaluations raw_y
1 9077118.6137494724
4 5572962.0645948807
8 2411142.8289400754
11 667902.0772687979
14 513668.8771838990
15 278184.6839691479
19 113365.8874937489
25 12345.6895248318
65 1184.7929564409
90 66986.5194280817
evaluations raw_y
1 9077118.6137494724
4 5572962.0645948807
8 2411142.8289400754
11 667902.0772687979
14 513668.8771838990
15 278184.6839691479
19 113365.8874937489
25 12345.6895248318
65 1184.7929564409
90 66986.5194280817
evaluations raw_y
1 26153492.4515904710
5 927293.8095967120
11 21866.3655447618
24 10497.7033044971
47 2043.0341763017
90 5063995.2112891870
evaluations raw_y
1 26153492.4515904710
5 927293.8095967120
11 21866.3655447618
24 10497.7033044971
47 2043.0341763017
90 5063995.2112891870
evaluations raw_y
1 26153492.4515904710
5 927293.8095967120
11 21866.3655447618
24 10497.7033044971
47 2043.0341763017
90 5063995.2112891870
evaluations raw_y
1 26153492.4515904710
5 927293.8095967120
11 21866.3655447618
24 10497.7033044971
47 2043.0341763017
90 5063995.2112891870
evaluations raw_y
1 26153492.4515904710
5 927293.8095967120
11 21866.3655447618
24 10497.7033044971
47 2043.0341763017
90 5063995.2112891870
evaluations raw_y
1 29137838.4059645757
2 247555.3885344775
3 53533.1143850258
27 37158.6454991405
90 35848.3450744975
evaluations raw_y
1 29137838.4059645757
2 247555.3885344775
3 53533.1143850258
27 37158.6454991405
90 35848.3450744975
evaluations raw_y
1 29137838.4059645757
2 247555.3885344775
3 53533.1143850258
27 37158.6454991405
90 35848.3450744975
evaluations raw_y
1 29137838.4059645757
2 247555.3885344775
3 53533.1143850258
27 37158.6454991405
90 35848.3450744975
evaluations raw_y
1 29137838.4059645757
2 247555.3885344775
3 53533.1143850258
27 37158.6454991405
90 35848.3450744975
evaluations raw_y
1 471984.0315036614
5 5437.5689450040
90 10051337.9782736227
evaluations raw_y
1 471984.0315036614
5 5437.5689450040
90 10051337.9782736227
evaluations raw_y
1 471984.0315036614
5 5437.5689450040
90 10051337.9782736227
evaluations raw_y
1 471984.0315036614
5 5437.5689450040
90 10051337.9782736227
evaluations raw_y
1 471984.0315036614
5 5437.5689450040
90 10051337.9782736227
evaluations raw_y
1 5378701.1828160016
2 1365410.6302860291
4 412475.3731333510
8 155227.4251608993
17 84519.0826904671
33 24264.1323028571
46 9172.1445521339
52 435.8840497144
70 227.9566935763
90 60343.6251484590
evaluations raw_y
1 5378701.1828160016
2 1365410.6302860291
4 412475.3731333510
8 155227.4251608993
17 84519.0826904671
33 24264.1323028571
46 9172.1445521339
52 435.8840497144
70 227.9566935763
90 60343.6251484590
evaluations raw_y
1 5378701.1828160016
2 1365410.6302860291
4 412475.3731333510
8 155227.4251608993
17 84519.0826904671
33 24264.1323028571
46 9172.1445521339
52 435.8840497144
70 227.9566935763
90 60343.6251484590
evaluations raw_y
1 5378701.1828160016
2 1365410.6302860291
4 412475.3731333510
8 155227.4251608993
17 84519.0826904671
33 24264.1323028571
46 9172.1445521339
52 435.8840497144
70 227.9566935763
90 60343.6251484590
evaluations raw_y
1 5378701.1828160016
2 1365410.6302860291
4 412475.3731333510
8 155227.4251608993
17 84519.0826904671
33 24264.1323028571
46 9172.1445521339
52 435.8840497144
70 227.9566935763
90 60343.6251484590
evaluations raw_y
1 63113161.1032219380
2 31693395.8268330842
4 449504.8888288844
11 9130.4682762929
23 2338.8370845765
90 873203.3082680975
evaluations raw_y
1 63113161.1032219380
2 31693395.8268330842
4 449504.8888288844
11 9130.4682762929
23 2338.8370845765
90 873203.3082680975
evaluations raw_y
1 63113161.1032219380
2 31693395.8268330842
4 449504.8888288844
11 9130.4682762929
23 2338.8370845765
90 873203.3082680975
evaluations raw_y
1 63113161.1032219380
2 31693395.8268330842
4 449504.8888288844
11 9130.4682762929
23 2338.8370845765
90 873203.3082680975
evaluations raw_y
1 63113161.1032219380
2 31693395.8268330842
4 449504.8888288844
11 9130.4682762929
23 2338.8370845765
90 873203.3082680975
evaluations raw_y
1 263648.9012498048
23 113959.3396212793
27 67556.9538928254
39 65223.4541198290
85 42743.9746860477
90 229347.0672947279
evaluations raw_y
1 263648.9012498048
23 113959.3396212793
27 67556.9538928254
39 65223.4541198290
85 42743.9746860477
90 229347.0672947279
evaluations raw_y
1 263648.9012498048
23 113959.3396212793
27 67556.9538928254
39 65223.4541198290
85 42743.9746860477
90 229347.0672947279
evaluations raw_y
1 263648.9012498048
23 113959.3396212793
27 67556.9538928254
39 65223.4541198290
85 42743.9746860477
90 229347.0672947279
evaluations raw_y
1 263648.9012498048
23 113959.3396212793
27 67556.9538928254
39 65223.4541198290
85 42743.9746860477
90 229347.0672947279
evaluations raw_y
1 20685844.1865123659
2 2484280.8728663707
3 51001.5010920384
28 33785.8871934837
43 11158.1509855972
90 1382550.2729088333
evaluations raw_y
1 20685844.1865123659
2 2484280.8728663707
3 51001.5010920384
28 33785.8871934837
43 11158.1509855972
90 1382550.2729088333
evaluations raw_y
1 20685844.1865123659
2 2484280.8728663707
3 51001.5010920384
28 33785.8871934837
43 11158.1509855972
90 1382550.2729088333
evaluations raw_y
1 20685844.1865123659
2 2484280.8728663707
3 51001.5010920384
28 33785.8871934837
43 11158.1509855972
90 1382550.2729088333
evaluations raw_y
1 20685844.1865123659
2 2484280.8728663707
3 51001.5010920384
28 33785.8871934837
43 11158.1509855972
90 1382550.2729088333
evaluations raw_y
1 249313.8967445814
3 138549.2474408057
4 54347.3485293710
90 57688.8389647643
evaluations raw_y
1 249313.8967445814
3 138549.2474408057
4 54347.3485293710
90 57688.8389647643
evaluations raw_y
1 249313.8967445814
3 138549.2474408057
4 54347.3485293710
90 57688.8389647643
evaluations raw_y
1 249313.8967445814
3 138549.2474408057
4 54347.3485293710
90 57688.8389647643
evaluations raw_y
1 249313.8967445814
3 138549.2474408057
4 54347.3485293710
90 57688.8389647643
evaluations raw_y
1 147637.5295827106
16 29922.5882403497
21 21762.1983939159
28 19436.1457131074
34 17019.3069873785
35 12400.7968387510
78 12099.2854920564
84 10781.0021178084
85 10586.4651404556
90 47219.2303709931
evaluations raw_y
1 147637.5295827106
16 29922.5882403497
21 21762.1983939159
28 19436.1457131074
34 17019.3069873785
35 12400.7968387510
78 12099.2854920564
84 10781.0021178084
85 10586.4651404556
90 47219.2303709931
evaluations raw_y
1 147637.5295827106
16 29922.5882403497
21 21762.1983939159
28 19436.1457131074
34 17019.3069873785
35 12400.7968387510
78 12099.2854920564
84 10781.0021178084
85 10586.4651404556
90 47219.2303709931
evaluations raw_y
1 147637.5295827106
16 29922.5882403497
21 21762.1983939159
28 19436.1457131074
34 17019.3069873785
35 12400.7968387510
78 12099.2854920564
84 10781.0021178084
85 10586.4651404556
90 47219.2303709931
evaluations raw_y
1 147637.5295827106
16 29922.5882403497
21 21762.1983939159
28 19436.1457131074
34 17019.3069873785
35 12400.7968387510
78 12099.2854920564
84 10781.0021178084
85 10586.4651404556
90 47219.2303709931
evaluations raw_y
1 7571023.0071517872
2 7301175.3779017543
3 53193.3245754547
24 11079.2505717038
31 5677.6925232583
32 2317.3125952697
48 1837.6656661667
53 1117.5369615147
55 896.7603143937
90 1245132.5987348270
evaluations raw_y
1 7571023.0071517872
2 7301175.3779017543
3 53193.3245754547
24 11079.2505717038
31 5677.6925232583
32 2317.3125952697
48 1837.6656661667
53 1117.5369615147
55 896.7603143937
90 1245132.5987348270
evaluations raw_y
1 7571023.0071517872
2 7301175.3779017543
3 53193.3245754547
24 11079.2505717038
31 5677.6925232583
32 2317.3125952697
48 1837.6656661667
53 1117.5369615147
55 896.7603143937
90 1245132.5987348270
evaluations raw_y
1 7571023.0071517872
2 7301175.3779017543
3 53193.3245754547
24 11079.2505717038
31 5677.6925232583
32 2317.3125952697
48 1837.6656661667
53 1117.5369615147
55 896.7603143937
90 1245132.5987348270
evaluations raw_y
1 7571023.0071517872
2 7301175.3779017543
3 53193.3245754547
24 11079.2505717038
31 5677.6925232583
32 2317.3125952697
48 1837.6656661667
53 1117.5369615147
55 896.7603143937
90 1245132.5987348270
evaluations raw_y
1 265662.1548909093
19 73354.0199936426
20 31335.7527251359
31 23188.8741668651
45 21851.3441647256
49 14936.6695106577
90 15041086.9701292887
evaluations raw_y
1 265662.1548909093
19 73354.0199936426
20 31335.7527251359
31 23188.8741668651
45 21851.3441647256
49 14936.6695106577
90 15041086.9701292887
evaluations raw_y
1 265662.1548909093
19 73354.0199936426
20 31335.7527251359
31 23188.8741668651
45 21851.3441647256
49 14936.6695106577
90 15041086.9701292887
evaluations raw_y
1 265662.1548909093
19 73354.0199936426
20 31335.7527251359
31 23188.8741668651
45 21851.3441647256
49 14936.6695106577
90 15041086.9701292887
evaluations raw_y
1 265662.1548909093
19 73354.0199936426
20 31335.7527251359
31 23188.8741668651
45 21851.3441647256
49 14936.6695106577
90 15041086.9701292887
