evaluations raw_y
1 176297.2254331395
2 100873.4936925718
4 21064.8348944717
34 17357.7016471169
99 12583.7407936018
100 12299.3308226704
122 9100.4937721919
125 6604.4210941266
158 5806.1576787043
160 5761.3933393447
171 4423.1199416338
202 3517.7562020270
203 2962.8255901481
232 2370.2406967820
264 2308.5011257696
274 1899.4285925884
295 1315.6256357554
300 81775.3614905195
evaluations raw_y
1 176297.2254331395
2 100873.4936925718
4 21064.8348944717
34 17357.7016471169
99 12583.7407936018
100 12299.3308226704
122 9100.4937721919
125 6604.4210941266
158 5806.1576787043
160 5761.3933393447
171 4423.1199416338
202 3517.7562020270
203 2962.8255901481
232 2370.2406967820
264 2308.5011257696
274 1899.4285925884
295 1315.6256357554
300 81775.3614905195
evaluations raw_y
1 176297.2254331395
2 100873.4936925718
4 21064.8348944717
34 17357.7016471169
99 12583.7407936018
100 12299.3308226704
122 9100.4937721919
125 6604.4210941266
158 5806.1576787043
160 5761.3933393447
171 4423.1199416338
202 3517.7562020270
203 2962.8255901481
232 2370.2406967820
264 2308.5011257696
274 1899.4285925884
295 1315.6256357554
300 81775.3614905195
evaluations raw_y
1 176297.2254331395
2 100873.4936925718
4 21064.8348944717
34 17357.7016471169
99 12583.7407936018
100 12299.3308226704
122 9100.4937721919
125 6604.4210941266
158 5806.1576787043
160 5761.3933393447
171 4423.1199416338
202 3517.7562020270
203 2962.8255901481
232 2370.2406967820
264 2308.5011257696
274 1899.4285925884
295 1315.6256357554
300 81775.3614905195
evaluations raw_y
1 176297.2254331395
2 100873.4936925718
4 21064.8348944717
34 17357.7016471169
99 12583.7407936018
100 12299.3308226704
122 9100.4937721919
125 6604.4210941266
158 5806.1576787043
160 5761.3933393447
171 4423.1199416338
202 3517.7562020270
203 2962.8255901481
232 2370.2406967820
264 2308.5011257696
274 1899.4285925884
295 1315.6256357554
300 81775.3614905195
evaluations raw_y
1 284152.2462942034
2 201664.2966167813
3 145852.1025900592
8 116533.2781874482
12 101979.4513435784
15 100132.5376487486
17 76945.3610315089
18 71807.7443824160
21 71178.1031022699
23 17835.8152202552
100 14613.3886985974
115 13464.9473984355
122 12053.3079967617
132 11338.3323623864
133 8557.2252810196
149 2677.2390373830
163 2586.1246817131
165 2382.8629282851
184 2376.5960898664
185 1601.1128313758
194 1128.1090292935
199 693.1876829569
251 691.3791776051
252 537.9604512396
253 492.8799115343
258 471.6366063572
261 444.4788254768
290 339.0830661041
300 126774.5271598330
evaluations raw_y
1 284152.2462942034
2 201664.2966167813
3 145852.1025900592
8 116533.2781874482
12 101979.4513435784
15 100132.5376487486
17 76945.3610315089
18 71807.7443824160
21 71178.1031022699
23 17835.8152202552
100 14613.3886985974
115 13464.9473984355
122 12053.3079967617
132 11338.3323623864
133 8557.2252810196
149 2677.2390373830
163 2586.1246817131
165 2382.8629282851
184 2376.5960898664
185 1601.1128313758
194 1128.1090292935
199 693.1876829569
251 691.3791776051
252 537.9604512396
253 492.8799115343
258 471.6366063572
261 444.4788254768
290 339.0830661041
300 126774.5271598330
evaluations raw_y
1 284152.2462942034
2 201664.2966167813
3 145852.1025900592
8 116533.2781874482
12 101979.4513435784
15 100132.5376487486
17 76945.3610315089
18 71807.7443824160
21 71178.1031022699
23 17835.8152202552
100 14613.3886985974
115 13464.9473984355
122 12053.3079967617
132 11338.3323623864
133 8557.2252810196
149 2677.2390373830
163 2586.1246817131
165 2382.8629282851
184 2376.5960898664
185 1601.1128313758
194 1128.1090292935
199 693.1876829569
251 691.3791776051
252 537.9604512396
253 492.8799115343
258 471.6366063572
261 444.4788254768
290 339.0830661041
300 126774.5271598330
evaluations raw_y
1 284152.2462942034
2 201664.2966167813
3 145852.1025900592
8 116533.2781874482
12 101979.4513435784
15 100132.5376487486
17 76945.3610315089
18 71807.7443824160
21 71178.1031022699
23 17835.8152202552
100 14613.3886985974
115 13464.9473984355
122 12053.3079967617
132 11338.3323623864
133 8557.2252810196
149 2677.2390373830
163 2586.1246817131
165 2382.8629282851
184 2376.5960898664
185 1601.1128313758
194 1128.1090292935
199 693.1876829569
251 691.3791776051
252 537.9604512396
253 492.8799115343
258 471.6366063572
261 444.4788254768
290 339.0830661041
300 126774.5271598330
evaluations raw_y
1 284152.2462942034
2 201664.2966167813
3 145852.1025900592
8 116533.2781874482
12 101979.4513435784
15 100132.5376487486
17 76945.3610315089
18 71807.7443824160
21 71178.1031022699
23 17835.8152202552
100 14613.3886985974
115 13464.9473984355
122 12053.3079967617
132 11338.3323623864
133 8557.2252810196
149 2677.2390373830
163 2586.1246817131
165 2382.8629282851
184 2376.5960898664
185 1601.1128313758
194 1128.1090292935
199 693.1876829569
251 691.3791776051
252 537.9604512396
253 492.8799115343
258 471.6366063572
261 444.4788254768
290 339.0830661041
300 126774.5271598330
evaluations raw_y
1 140967.1777228454
2 115415.5778411406
4 85909.0110285247
22 56580.1378705064
29 20995.7682362444
81 20781.4249883670
98 10339.7410826995
142 8635.3250847455
159 8404.0571234818
163 8293.1904841984
165 7473.5145912224
167 6634.4889621930
171 5441.6688644720
192 5060.7208086288
224 4036.6079099059
232 3961.6872089010
242 3071.4465588086
248 2580.2301003057
263 2164.3286496402
295 1843.1448061603
300 116445.3269078659
evaluations raw_y
1 140967.1777228454
2 115415.5778411406
4 85909.0110285247
22 56580.1378705064
29 20995.7682362444
81 20781.4249883670
98 10339.7410826995
142 8635.3250847455
159 8404.0571234818
163 8293.1904841984
165 7473.5145912224
167 6634.4889621930
171 5441.6688644720
192 5060.7208086288
224 4036.6079099059
232 3961.6872089010
242 3071.4465588086
248 2580.2301003057
263 2164.3286496402
295 1843.1448061603
300 116445.3269078659
evaluations raw_y
1 140967.1777228454
2 115415.5778411406
4 85909.0110285247
22 56580.1378705064
29 20995.7682362444
81 20781.4249883670
98 10339.7410826995
142 8635.3250847455
159 8404.0571234818
163 8293.1904841984
165 7473.5145912224
167 6634.4889621930
171 5441.6688644720
192 5060.7208086288
224 4036.6079099059
232 3961.6872089010
242 3071.4465588086
248 2580.2301003057
263 2164.3286496402
295 1843.1448061603
300 116445.3269078659
evaluations raw_y
1 140967.1777228454
2 115415.5778411406
4 85909.0110285247
22 56580.1378705064
29 20995.7682362444
81 20781.4249883670
98 10339.7410826995
142 8635.3250847455
159 8404.0571234818
163 8293.1904841984
165 7473.5145912224
167 6634.4889621930
171 5441.6688644720
192 5060.7208086288
224 4036.6079099059
232 3961.6872089010
242 3071.4465588086
248 2580.2301003057
263 2164.3286496402
295 1843.1448061603
300 116445.3269078659
evaluations raw_y
1 140967.1777228454
2 115415.5778411406
4 85909.0110285247
22 56580.1378705064
29 20995.7682362444
81 20781.4249883670
98 10339.7410826995
142 8635.3250847455
159 8404.0571234818
163 8293.1904841984
165 7473.5145912224
167 6634.4889621930
171 5441.6688644720
192 5060.7208086288
224 4036.6079099059
232 3961.6872089010
242 3071.4465588086
248 2580.2301003057
263 2164.3286496402
295 1843.1448061603
300 116445.3269078659
evaluations raw_y
1 144126.6393231336
2 17605.1787490372
15 12297.2644860664
66 8448.1617679744
106 6523.8171693399
114 5363.5360039824
131 5006.4867379292
142 4272.6339795515
159 4003.6356985966
163 3522.6127719231
167 3520.4984227844
205 3338.0647682272
211 3086.0645525590
251 2810.2931099877
274 2382.8506300832
292 2235.9855069765
300 113441.6442414259
evaluations raw_y
1 144126.6393231336
2 17605.1787490372
15 12297.2644860664
66 8448.1617679744
106 6523.8171693399
114 5363.5360039824
131 5006.4867379292
142 4272.6339795515
159 4003.6356985966
163 3522.6127719231
167 3520.4984227844
205 3338.0647682272
211 3086.0645525590
251 2810.2931099877
274 2382.8506300832
292 2235.9855069765
300 113441.6442414259
evaluations raw_y
1 144126.6393231336
2 17605.1787490372
15 12297.2644860664
66 8448.1617679744
106 6523.8171693399
114 5363.5360039824
131 5006.4867379292
142 4272.6339795515
159 4003.6356985966
163 3522.6127719231
167 3520.4984227844
205 3338.0647682272
211 3086.0645525590
251 2810.2931099877
274 2382.8506300832
292 2235.9855069765
300 113441.6442414259
evaluations raw_y
1 144126.6393231336
2 17605.1787490372
15 12297.2644860664
66 8448.1617679744
106 6523.8171693399
114 5363.5360039824
131 5006.4867379292
142 4272.6339795515
159 4003.6356985966
163 3522.6127719231
167 3520.4984227844
205 3338.0647682272
211 3086.0645525590
251 2810.2931099877
274 2382.8506300832
292 2235.9855069765
300 113441.6442414259
evaluations raw_y
1 144126.6393231336
2 17605.1787490372
15 12297.2644860664
66 8448.1617679744
106 6523.8171693399
114 5363.5360039824
131 5006.4867379292
142 4272.6339795515
159 4003.6356985966
163 3522.6127719231
167 3520.4984227844
205 3338.0647682272
211 3086.0645525590
251 2810.2931099877
274 2382.8506300832
292 2235.9855069765
300 113441.6442414259
evaluations raw_y
1 234820.3967038039
2 134492.6231089036
6 69493.7909886754
8 39318.7957289636
24 36659.3415843131
34 33652.9166102874
35 30572.2789120239
68 18422.9547351429
106 13914.2625833991
107 11424.1852285459
123 9144.4545011475
178 7625.2102931059
183 7573.0242914222
194 7146.3606946803
201 5304.4242971608
210 3781.6643743353
216 3563.1029900519
219 3172.6715985380
223 2320.3039266660
224 1609.6496952239
228 1336.9986251876
252 1255.9797714404
278 1204.8978596199
280 1169.8081237025
281 997.4529460083
284 882.3436008507
300 166020.6549758154
evaluations raw_y
1 234820.3967038039
2 134492.6231089036
6 69493.7909886754
8 39318.7957289636
24 36659.3415843131
34 33652.9166102874
35 30572.2789120239
68 18422.9547351429
106 13914.2625833991
107 11424.1852285459
123 9144.4545011475
178 7625.2102931059
183 7573.0242914222
194 7146.3606946803
201 5304.4242971608
210 3781.6643743353
216 3563.1029900519
219 3172.6715985380
223 2320.3039266660
224 1609.6496952239
228 1336.9986251876
252 1255.9797714404
278 1204.8978596199
280 1169.8081237025
281 997.4529460083
284 882.3436008507
300 166020.6549758154
evaluations raw_y
1 234820.3967038039
2 134492.6231089036
6 69493.7909886754
8 39318.7957289636
24 36659.3415843131
34 33652.9166102874
35 30572.2789120239
68 18422.9547351429
106 13914.2625833991
107 11424.1852285459
123 9144.4545011475
178 7625.2102931059
183 7573.0242914222
194 7146.3606946803
201 5304.4242971608
210 3781.6643743353
216 3563.1029900519
219 3172.6715985380
223 2320.3039266660
224 1609.6496952239
228 1336.9986251876
252 1255.9797714404
278 1204.8978596199
280 1169.8081237025
281 997.4529460083
284 882.3436008507
300 166020.6549758154
evaluations raw_y
1 234820.3967038039
2 134492.6231089036
6 69493.7909886754
8 39318.7957289636
24 36659.3415843131
34 33652.9166102874
35 30572.2789120239
68 18422.9547351429
106 13914.2625833991
107 11424.1852285459
123 9144.4545011475
178 7625.2102931059
183 7573.0242914222
194 7146.3606946803
201 5304.4242971608
210 3781.6643743353
216 3563.1029900519
219 3172.6715985380
223 2320.3039266660
224 1609.6496952239
228 1336.9986251876
252 1255.9797714404
278 1204.8978596199
280 1169.8081237025
281 997.4529460083
284 882.3436008507
300 166020.6549758154
evaluations raw_y
1 234820.3967038039
2 134492.6231089036
6 69493.7909886754
8 39318.7957289636
24 36659.3415843131
34 33652.9166102874
35 30572.2789120239
68 18422.9547351429
106 13914.2625833991
107 11424.1852285459
123 9144.4545011475
178 7625.2102931059
183 7573.0242914222
194 7146.3606946803
201 5304.4242971608
210 3781.6643743353
216 3563.1029900519
219 3172.6715985380
223 2320.3039266660
224 1609.6496952239
228 1336.9986251876
252 1255.9797714404
278 1204.8978596199
280 1169.8081237025
281 997.4529460083
284 882.3436008507
300 166020.6549758154
evaluations raw_y
1 231851.6769870413
2 113697.6780518061
4 97291.0852039175
6 63189.9978424773
17 34588.0389901290
25 18949.3527348086
66 14174.1489796307
123 13305.8115171073
146 9292.6023212586
148 8009.4846686023
158 6711.6324322950
161 4148.0806538206
184 3496.2820166192
204 3012.2088891098
208 2663.5933065456
213 2097.3913122721
300 83640.8282104932
evaluations raw_y
1 231851.6769870413
2 113697.6780518061
4 97291.0852039175
6 63189.9978424773
17 34588.0389901290
25 18949.3527348086
66 14174.1489796307
123 13305.8115171073
146 9292.6023212586
148 8009.4846686023
158 6711.6324322950
161 4148.0806538206
184 3496.2820166192
204 3012.2088891098
208 2663.5933065456
213 2097.3913122721
300 83640.8282104932
evaluations raw_y
1 231851.6769870413
2 113697.6780518061
4 97291.0852039175
6 63189.9978424773
17 34588.0389901290
25 18949.3527348086
66 14174.1489796307
123 13305.8115171073
146 9292.6023212586
148 8009.4846686023
158 6711.6324322950
161 4148.0806538206
184 3496.2820166192
204 3012.2088891098
208 2663.5933065456
213 2097.3913122721
300 83640.8282104932
evaluations raw_y
1 231851.6769870413
2 113697.6780518061
4 97291.0852039175
6 63189.9978424773
17 34588.0389901290
25 18949.3527348086
66 14174.1489796307
123 13305.8115171073
146 9292.6023212586
148 8009.4846686023
158 6711.6324322950
161 4148.0806538206
184 3496.2820166192
204 3012.2088891098
208 2663.5933065456
213 2097.3913122721
300 83640.8282104932
evaluations raw_y
1 231851.6769870413
2 113697.6780518061
4 97291.0852039175
6 63189.9978424773
17 34588.0389901290
25 18949.3527348086
66 14174.1489796307
123 13305.8115171073
146 9292.6023212586
148 8009.4846686023
158 6711.6324322950
161 4148.0806538206
184 3496.2820166192
204 3012.2088891098
208 2663.5933065456
213 2097.3913122721
300 83640.8282104932
evaluations raw_y
1 72866.1346537184
2 72742.3807061093
34 45491.5175737300
35 12838.6932751029
122 12093.1732810585
132 9709.1649052239
146 7043.4801967626
148 4244.4599194928
165 4193.8330893616
171 2388.7804464843
173 2305.4572076511
193 1413.5883550818
249 1192.1623478319
253 910.4211745777
278 799.4722640942
300 79205.6059664499
evaluations raw_y
1 72866.1346537184
2 72742.3807061093
34 45491.5175737300
35 12838.6932751029
122 12093.1732810585
132 9709.1649052239
146 7043.4801967626
148 4244.4599194928
165 4193.8330893616
171 2388.7804464843
173 2305.4572076511
193 1413.5883550818
249 1192.1623478319
253 910.4211745777
278 799.4722640942
300 79205.6059664499
evaluations raw_y
1 72866.1346537184
2 72742.3807061093
34 45491.5175737300
35 12838.6932751029
122 12093.1732810585
132 9709.1649052239
146 7043.4801967626
148 4244.4599194928
165 4193.8330893616
171 2388.7804464843
173 2305.4572076511
193 1413.5883550818
249 1192.1623478319
253 910.4211745777
278 799.4722640942
300 79205.6059664499
evaluations raw_y
1 72866.1346537184
2 72742.3807061093
34 45491.5175737300
35 12838.6932751029
122 12093.1732810585
132 9709.1649052239
146 7043.4801967626
148 4244.4599194928
165 4193.8330893616
171 2388.7804464843
173 2305.4572076511
193 1413.5883550818
249 1192.1623478319
253 910.4211745777
278 799.4722640942
300 79205.6059664499
evaluations raw_y
1 72866.1346537184
2 72742.3807061093
34 45491.5175737300
35 12838.6932751029
122 12093.1732810585
132 9709.1649052239
146 7043.4801967626
148 4244.4599194928
165 4193.8330893616
171 2388.7804464843
173 2305.4572076511
193 1413.5883550818
249 1192.1623478319
253 910.4211745777
278 799.4722640942
300 79205.6059664499
evaluations raw_y
1 48287.5296650795
12 2637.3597944005
187 2067.1965986032
200 1940.7560994299
210 1682.9349831651
211 1531.1221930399
212 1356.0323288346
227 1229.7768925389
228 967.1180354822
258 919.9385551587
300 45387.3658960895
evaluations raw_y
1 48287.5296650795
12 2637.3597944005
187 2067.1965986032
200 1940.7560994299
210 1682.9349831651
211 1531.1221930399
212 1356.0323288346
227 1229.7768925389
228 967.1180354822
258 919.9385551587
300 45387.3658960895
evaluations raw_y
1 48287.5296650795
12 2637.3597944005
187 2067.1965986032
200 1940.7560994299
210 1682.9349831651
211 1531.1221930399
212 1356.0323288346
227 1229.7768925389
228 967.1180354822
258 919.9385551587
300 45387.3658960895
evaluations raw_y
1 48287.5296650795
12 2637.3597944005
187 2067.1965986032
200 1940.7560994299
210 1682.9349831651
211 1531.1221930399
212 1356.0323288346
227 1229.7768925389
228 967.1180354822
258 919.9385551587
300 45387.3658960895
evaluations raw_y
1 48287.5296650795
12 2637.3597944005
187 2067.1965986032
200 1940.7560994299
210 1682.9349831651
211 1531.1221930399
212 1356.0323288346
227 1229.7768925389
228 967.1180354822
258 919.9385551587
300 45387.3658960895
evaluations raw_y
1 248434.7954414257
3 93614.3576604370
11 41077.2574045683
26 24570.9153157972
75 23858.5553434337
99 12128.5687329879
114 11620.6174341762
134 9122.1738644999
176 7711.5799313858
178 7034.8753981506
182 6411.0671035892
194 4010.7294445002
199 3874.2336188741
212 3707.3156868558
217 2873.2676062042
228 1761.0896565550
282 977.6716310673
283 952.1831315444
294 481.1581916694
300 134939.2977762624
evaluations raw_y
1 248434.7954414257
3 93614.3576604370
11 41077.2574045683
26 24570.9153157972
75 23858.5553434337
99 12128.5687329879
114 11620.6174341762
134 9122.1738644999
176 7711.5799313858
178 7034.8753981506
182 6411.0671035892
194 4010.7294445002
199 3874.2336188741
212 3707.3156868558
217 2873.2676062042
228 1761.0896565550
282 977.6716310673
283 952.1831315444
294 481.1581916694
300 134939.2977762624
evaluations raw_y
1 248434.7954414257
3 93614.3576604370
11 41077.2574045683
26 24570.9153157972
75 23858.5553434337
99 12128.5687329879
114 11620.6174341762
134 9122.1738644999
176 7711.5799313858
178 7034.8753981506
182 6411.0671035892
194 4010.7294445002
199 3874.2336188741
212 3707.3156868558
217 2873.2676062042
228 1761.0896565550
282 977.6716310673
283 952.1831315444
294 481.1581916694
300 134939.2977762624
evaluations raw_y
1 248434.7954414257
3 93614.3576604370
11 41077.2574045683
26 24570.9153157972
75 23858.5553434337
99 12128.5687329879
114 11620.6174341762
134 9122.1738644999
176 7711.5799313858
178 7034.8753981506
182 6411.0671035892
194 4010.7294445002
199 3874.2336188741
212 3707.3156868558
217 2873.2676062042
228 1761.0896565550
282 977.6716310673
283 952.1831315444
294 481.1581916694
300 134939.2977762624
evaluations raw_y
1 248434.7954414257
3 93614.3576604370
11 41077.2574045683
26 24570.9153157972
75 23858.5553434337
99 12128.5687329879
114 11620.6174341762
134 9122.1738644999
176 7711.5799313858
178 7034.8753981506
182 6411.0671035892
194 4010.7294445002
199 3874.2336188741
212 3707.3156868558
217 2873.2676062042
228 1761.0896565550
282 977.6716310673
283 952.1831315444
294 481.1581916694
300 134939.2977762624
evaluations raw_y
1 177266.9322029108
3 60488.0750149545
25 32972.9108833748
34 17681.5224061742
109 17425.4573894486
131 17188.7523115497
132 16203.0477504495
133 15309.3576127622
137 13644.7622957329
151 9005.5545515859
161 8022.2270744982
163 7183.8920839104
176 5498.9360492915
182 4985.2036540616
192 4792.4408292823
194 4528.2275065210
208 3939.1367375380
218 3300.6574159730
220 3006.3906017954
231 2584.5690721622
248 2286.6899006017
282 1980.0692049295
283 1754.4406268902
300 164412.1535563679
evaluations raw_y
1 177266.9322029108
3 60488.0750149545
25 32972.9108833748
34 17681.5224061742
109 17425.4573894486
131 17188.7523115497
132 16203.0477504495
133 15309.3576127622
137 13644.7622957329
151 9005.5545515859
161 8022.2270744982
163 7183.8920839104
176 5498.9360492915
182 4985.2036540616
192 4792.4408292823
194 4528.2275065210
208 3939.1367375380
218 3300.6574159730
220 3006.3906017954
231 2584.5690721622
248 2286.6899006017
282 1980.0692049295
283 1754.4406268902
300 164412.1535563679
evaluations raw_y
1 177266.9322029108
3 60488.0750149545
25 32972.9108833748
34 17681.5224061742
109 17425.4573894486
131 17188.7523115497
132 16203.0477504495
133 15309.3576127622
137 13644.7622957329
151 9005.5545515859
161 8022.2270744982
163 7183.8920839104
176 5498.9360492915
182 4985.2036540616
192 4792.4408292823
194 4528.2275065210
208 3939.1367375380
218 3300.6574159730
220 3006.3906017954
231 2584.5690721622
248 2286.6899006017
282 1980.0692049295
283 1754.4406268902
300 164412.1535563679
evaluations raw_y
1 177266.9322029108
3 60488.0750149545
25 32972.9108833748
34 17681.5224061742
109 17425.4573894486
131 17188.7523115497
132 16203.0477504495
133 15309.3576127622
137 13644.7622957329
151 9005.5545515859
161 8022.2270744982
163 7183.8920839104
176 5498.9360492915
182 4985.2036540616
192 4792.4408292823
194 4528.2275065210
208 3939.1367375380
218 3300.6574159730
220 3006.3906017954
231 2584.5690721622
248 2286.6899006017
282 1980.0692049295
283 1754.4406268902
300 164412.1535563679
evaluations raw_y
1 177266.9322029108
3 60488.0750149545
25 32972.9108833748
34 17681.5224061742
109 17425.4573894486
131 17188.7523115497
132 16203.0477504495
133 15309.3576127622
137 13644.7622957329
151 9005.5545515859
161 8022.2270744982
163 7183.8920839104
176 5498.9360492915
182 4985.2036540616
192 4792.4408292823
194 4528.2275065210
208 3939.1367375380
218 3300.6574159730
220 3006.3906017954
231 2584.5690721622
248 2286.6899006017
282 1980.0692049295
283 1754.4406268902
300 164412.1535563679
evaluations raw_y
1 155447.1180317299
2 123256.4961972739
3 90010.8379960361
8 14653.9570963083
141 11587.9725949474
179 8387.5718965307
185 8161.8532913166
195 6161.8622253175
200 5414.1130982125
218 4924.2214787751
285 4802.2722705297
286 4577.3642095500
300 66937.5441942276
evaluations raw_y
1 155447.1180317299
2 123256.4961972739
3 90010.8379960361
8 14653.9570963083
141 11587.9725949474
179 8387.5718965307
185 8161.8532913166
195 6161.8622253175
200 5414.1130982125
218 4924.2214787751
285 4802.2722705297
286 4577.3642095500
300 66937.5441942276
evaluations raw_y
1 155447.1180317299
2 123256.4961972739
3 90010.8379960361
8 14653.9570963083
141 11587.9725949474
179 8387.5718965307
185 8161.8532913166
195 6161.8622253175
200 5414.1130982125
218 4924.2214787751
285 4802.2722705297
286 4577.3642095500
300 66937.5441942276
evaluations raw_y
1 155447.1180317299
2 123256.4961972739
3 90010.8379960361
8 14653.9570963083
141 11587.9725949474
179 8387.5718965307
185 8161.8532913166
195 6161.8622253175
200 5414.1130982125
218 4924.2214787751
285 4802.2722705297
286 4577.3642095500
300 66937.5441942276
evaluations raw_y
1 155447.1180317299
2 123256.4961972739
3 90010.8379960361
8 14653.9570963083
141 11587.9725949474
179 8387.5718965307
185 8161.8532913166
195 6161.8622253175
200 5414.1130982125
218 4924.2214787751
285 4802.2722705297
286 4577.3642095500
300 66937.5441942276
evaluations raw_y
1 419229.2305777552
2 188819.1477703310
3 155781.8854161127
7 67479.3019044717
19 58675.9683995285
34 28036.0993042961
66 23038.8225414689
131 21764.0345091341
132 20305.9574276804
141 20067.5579427227
142 16523.8644874324
143 14774.5871425408
157 8986.8517150505
158 7986.8031757028
179 6702.1049933641
202 5981.4052823138
224 5298.4211377034
232 4759.6708536858
249 3984.3017977809
251 3885.5904770698
252 3751.1999753598
258 3642.0009064651
267 3563.3445278698
278 2841.6691511934
283 2766.9203953094
298 2492.5579483722
300 78975.1300834701
evaluations raw_y
1 419229.2305777552
2 188819.1477703310
3 155781.8854161127
7 67479.3019044717
19 58675.9683995285
34 28036.0993042961
66 23038.8225414689
131 21764.0345091341
132 20305.9574276804
141 20067.5579427227
142 16523.8644874324
143 14774.5871425408
157 8986.8517150505
158 7986.8031757028
179 6702.1049933641
202 5981.4052823138
224 5298.4211377034
232 4759.6708536858
249 3984.3017977809
251 3885.5904770698
252 3751.1999753598
258 3642.0009064651
267 3563.3445278698
278 2841.6691511934
283 2766.9203953094
298 2492.5579483722
300 78975.1300834701
evaluations raw_y
1 419229.2305777552
2 188819.1477703310
3 155781.8854161127
7 67479.3019044717
19 58675.9683995285
34 28036.0993042961
66 23038.8225414689
131 21764.0345091341
132 20305.9574276804
141 20067.5579427227
142 16523.8644874324
143 14774.5871425408
157 8986.8517150505
158 7986.8031757028
179 6702.1049933641
202 5981.4052823138
224 5298.4211377034
232 4759.6708536858
249 3984.3017977809
251 3885.5904770698
252 3751.1999753598
258 3642.0009064651
267 3563.3445278698
278 2841.6691511934
283 2766.9203953094
298 2492.5579483722
300 78975.1300834701
evaluations raw_y
1 419229.2305777552
2 188819.1477703310
3 155781.8854161127
7 67479.3019044717
19 58675.9683995285
34 28036.0993042961
66 23038.8225414689
131 21764.0345091341
132 20305.9574276804
141 20067.5579427227
142 16523.8644874324
143 14774.5871425408
157 8986.8517150505
158 7986.8031757028
179 6702.1049933641
202 5981.4052823138
224 5298.4211377034
232 4759.6708536858
249 3984.3017977809
251 3885.5904770698
252 3751.1999753598
258 3642.0009064651
267 3563.3445278698
278 2841.6691511934
283 2766.9203953094
298 2492.5579483722
300 78975.1300834701
evaluations raw_y
1 419229.2305777552
2 188819.1477703310
3 155781.8854161127
7 67479.3019044717
19 58675.9683995285
34 28036.0993042961
66 23038.8225414689
131 21764.0345091341
132 20305.9574276804
141 20067.5579427227
142 16523.8644874324
143 14774.5871425408
157 8986.8517150505
158 7986.8031757028
179 6702.1049933641
202 5981.4052823138
224 5298.4211377034
232 4759.6708536858
249 3984.3017977809
251 3885.5904770698
252 3751.1999753598
258 3642.0009064651
267 3563.3445278698
278 2841.6691511934
283 2766.9203953094
298 2492.5579483722
300 78975.1300834701
evaluations raw_y
1 136553.9929194761
3 57649.8298122996
9 53431.6051111226
10 17822.8085650944
23 14935.7700644478
68 13829.6296769619
109 8741.0387196316
110 6468.7509630097
122 5165.4026050913
128 5026.3781261811
134 2139.7106542659
148 2055.2573075258
150 2024.9852022302
159 1487.6086634931
161 1374.7781149493
179 882.4798323838
203 763.3826656891
235 745.0702394993
268 526.3629481709
300 94071.5311405245
evaluations raw_y
1 136553.9929194761
3 57649.8298122996
9 53431.6051111226
10 17822.8085650944
23 14935.7700644478
68 13829.6296769619
109 8741.0387196316
110 6468.7509630097
122 5165.4026050913
128 5026.3781261811
134 2139.7106542659
148 2055.2573075258
150 2024.9852022302
159 1487.6086634931
161 1374.7781149493
179 882.4798323838
203 763.3826656891
235 745.0702394993
268 526.3629481709
300 94071.5311405245
evaluations raw_y
1 136553.9929194761
3 57649.8298122996
9 53431.6051111226
10 17822.8085650944
23 14935.7700644478
68 13829.6296769619
109 8741.0387196316
110 6468.7509630097
122 5165.4026050913
128 5026.3781261811
134 2139.7106542659
148 2055.2573075258
150 2024.9852022302
159 1487.6086634931
161 1374.7781149493
179 882.4798323838
203 763.3826656891
235 745.0702394993
268 526.3629481709
300 94071.5311405245
evaluations raw_y
1 136553.9929194761
3 57649.8298122996
9 53431.6051111226
10 17822.8085650944
23 14935.7700644478
68 13829.6296769619
109 8741.0387196316
110 6468.7509630097
122 5165.4026050913
128 5026.3781261811
134 2139.7106542659
148 2055.2573075258
150 2024.9852022302
159 1487.6086634931
161 1374.7781149493
179 882.4798323838
203 763.3826656891
235 745.0702394993
268 526.3629481709
300 94071.5311405245
evaluations raw_y
1 136553.9929194761
3 57649.8298122996
9 53431.6051111226
10 17822.8085650944
23 14935.7700644478
68 13829.6296769619
109 8741.0387196316
110 6468.7509630097
122 5165.4026050913
128 5026.3781261811
134 2139.7106542659
148 2055.2573075258
150 2024.9852022302
159 1487.6086634931
161 1374.7781149493
179 882.4798323838
203 763.3826656891
235 745.0702394993
268 526.3629481709
300 94071.5311405245
evaluations raw_y
1 389320.3079430726
2 127449.7774056088
3 110267.6100861559
5 57236.5871722552
25 41647.8671973069
34 17434.6042122724
61 4138.1000401206
146 3924.9704709770
148 3262.7689189021
167 2918.8614393058
171 2122.5001021485
173 1581.4064548040
212 1481.2027878514
252 1202.1302065790
267 1200.5883826644
268 1083.5958260255
271 1059.0835299815
280 1018.4450431249
290 939.9300603630
300 394532.8656788316
evaluations raw_y
1 389320.3079430726
2 127449.7774056088
3 110267.6100861559
5 57236.5871722552
25 41647.8671973069
34 17434.6042122724
61 4138.1000401206
146 3924.9704709770
148 3262.7689189021
167 2918.8614393058
171 2122.5001021485
173 1581.4064548040
212 1481.2027878514
252 1202.1302065790
267 1200.5883826644
268 1083.5958260255
271 1059.0835299815
280 1018.4450431249
290 939.9300603630
300 394532.8656788316
evaluations raw_y
1 389320.3079430726
2 127449.7774056088
3 110267.6100861559
5 57236.5871722552
25 41647.8671973069
34 17434.6042122724
61 4138.1000401206
146 3924.9704709770
148 3262.7689189021
167 2918.8614393058
171 2122.5001021485
173 1581.4064548040
212 1481.2027878514
252 1202.1302065790
267 1200.5883826644
268 1083.5958260255
271 1059.0835299815
280 1018.4450431249
290 939.9300603630
300 394532.8656788316
evaluations raw_y
1 389320.3079430726
2 127449.7774056088
3 110267.6100861559
5 57236.5871722552
25 41647.8671973069
34 17434.6042122724
61 4138.1000401206
146 3924.9704709770
148 3262.7689189021
167 2918.8614393058
171 2122.5001021485
173 1581.4064548040
212 1481.2027878514
252 1202.1302065790
267 1200.5883826644
268 1083.5958260255
271 1059.0835299815
280 1018.4450431249
290 939.9300603630
300 394532.8656788316
evaluations raw_y
1 389320.3079430726
2 127449.7774056088
3 110267.6100861559
5 57236.5871722552
25 41647.8671973069
34 17434.6042122724
61 4138.1000401206
146 3924.9704709770
148 3262.7689189021
167 2918.8614393058
171 2122.5001021485
173 1581.4064548040
212 1481.2027878514
252 1202.1302065790
267 1200.5883826644
268 1083.5958260255
271 1059.0835299815
280 1018.4450431249
290 939.9300603630
300 394532.8656788316
