evaluations raw_y
1 52500.1759859712
2 4922.8274019410
7 3481.1829526887
12 3.9792327689
90 4.7120161990
evaluations raw_y
1 5738.5555944982
4 1789.0898430219
13 4.0082003187
90 22566.1750797948
evaluations raw_y
1 9672.0986830264
2 9627.4269334398
3 2904.5800206518
5 2555.4573336771
7 1843.0390489856
13 3.8642317687
26 3.5237579138
89 3.4703554820
90 45407.1775679100
evaluations raw_y
1 94998.7654112786
2 33009.1014799457
3 618.2360043361
23 266.5983694470
73 3.6180957081
90 44184.9359027257
evaluations raw_y
1 210082.6414865348
2 41049.7623183471
6 4.6042707493
68 3.8836941376
90 56149.0458070669
evaluations raw_y
1 72416.2798284331
3 5393.1159054436
12 2310.3977389918
17 870.4549093435
21 640.2188338035
26 516.9138631696
27 2.9622604759
90 105278.4374502563
evaluations raw_y
1 5871.4072863744
6 5045.4771504607
7 1964.6121660411
13 835.2884714492
21 5.6372584177
90 2188.3587603333
evaluations raw_y
1 6173.6992545971
3 747.8556756698
4 6.7185133697
50 5.4165259496
81 4.3993990565
90 89920.5503013298
evaluations raw_y
1 1447.7245355776
3 468.3277668388
26 1.9151815781
90 62744.6690617008
evaluations raw_y
1 100393.6979361032
2 37622.0760460295
3 12231.1968944793
4 2925.5919378869
9 507.5410408610
39 406.6880866004
43 42.2557948847
44 4.0259164851
90 513.9592940655
evaluations raw_y
1 9672.0986830264
2 9627.4269334398
3 2904.5800206518
5 2555.4573336771
7 1843.0390489856
13 3.8642317687
26 3.5237579138
89 3.4703554820
90 45407.1775679100
evaluations raw_y
1 45459.0238413246
3 2605.2371169941
10 2604.0024019705
18 4.1243778859
41 3.8695646899
63 3.4072442489
90 22205.6175552442
evaluations raw_y
1 13902.6156732626
3 6179.8463012722
4 127.1364796134
58 3.7369170616
90 12707.8895147889
evaluations raw_y
1 113341.9346023137
2 77779.8480200175
3 52080.8018368416
4 8058.9675435011
5 739.4184094324
10 47.9342245471
51 4.5564367245
90 73386.6458216457
evaluations raw_y
1 41854.8671345744
2 12028.4274449458
6 5110.9343898321
12 3116.3654875045
26 448.2634878589
35 5.8442606594
90 3312.1721853938
evaluations raw_y
1 5038.8576960559
2 3335.9074874107
6 3185.0085836387
7 4.3231733075
90 2136.9654674240
evaluations raw_y
1 582.4631124458
13 4.5626459294
90 67530.0802537377
evaluations raw_y
1 1978.1246581168
3 1122.5822697550
19 54.4049921552
31 13.0204785542
90 5840.4857642215
evaluations raw_y
1 7831.3058578991
3 5.4572697510
33 4.3114942856
79 2.5613512849
90 4798.9200784738
evaluations raw_y
1 23607.5794993173
3 2834.0022621718
12 355.2064502525
35 157.2195026355
50 3.3369948330
90 49833.2062598177
evaluations raw_y
1 36543.2149887636
2 149.8172417472
59 3.9709935345
90 10097.4478550403
evaluations raw_y
1 65927.5807693368
2 2489.3623377796
4 1848.5882310097
28 1709.0200857139
52 1213.8677107448
62 3.5181649469
90 20712.1293594727
evaluations raw_y
1 10541.9093503947
4 821.2535178255
27 361.2122270847
47 172.9101196732
56 5.8977355379
88 2.6742934781
90 87834.4598220704
evaluations raw_y
1 23243.8309730884
3 902.6405703192
12 3.5461085297
90 50296.7635136645
evaluations raw_y
1 18374.5368753132
5 1647.1214900557
14 359.1606544621
35 4.1499243034
90 339.0456260041
evaluations raw_y
1 22194.3801710068
2 12124.0123581835
3 90.6200283508
4 5.1486308022
74 5.1289638621
81 4.2225964182
90 88907.1351088983
evaluations raw_y
1 13106.9475881900
3 579.2470395403
6 5.8468908243
90 39260.9270155089
evaluations raw_y
1 55167.0394401263
3 31258.9366650986
4 8802.0609491223
11 5238.4761999162
16 3220.3695111972
19 2472.7813357240
29 1053.5348133670
39 677.7090346423
45 4.0460931410
90 72722.4701807757
evaluations raw_y
1 53277.5206928833
4 51011.4653797552
5 243.5890169191
7 13.4408467493
83 3.6522818103
90 35584.6361563709
evaluations raw_y
1 90937.6310126061
2 34025.3092921894
5 583.1249913325
12 4.7846110766
32 3.9950669305
90 9214.0086584029
evaluations raw_y
1 4278.1736013338
3 582.8054831695
13 3.3805141482
90 21986.5312909815
evaluations raw_y
1 144590.1260356511
2 115338.5603571520
3 113767.5787214155
6 107939.3445474575
7 63421.1709386428
8 56197.5371878244
10 5197.2864413014
14 1505.3320320969
27 1317.7643055568
40 1297.2376162902
43 99.6412935786
90 26928.4776214643
evaluations raw_y
1 32597.4464939099
3 8341.9205854052
4 2835.0475626110
5 621.5421535670
35 3.4518656957
36 3.0841935114
90 66641.5107058514
evaluations raw_y
1 67604.4490450108
2 41479.4030190708
3 6855.1226590118
4 2359.9431137462
9 1920.5836538872
27 808.6622098416
29 4.4185607831
60 2.9559229878
90 29540.6511059331
evaluations raw_y
1 21449.9272652202
3 17000.1338811774
5 5628.8228656514
17 2422.7503561094
22 1138.6503888927
23 216.8339885444
26 40.8918376539
68 4.9914962092
78 2.0226387549
90 9280.0107830184
evaluations raw_y
1 582.2321930422
13 2.4836656466
58 1.1901719430
90 66468.1038615809
evaluations raw_y
1 3092.5528103795
3 5.5496119365
10 4.9235420434
46 4.8222671756
90 4642.0396292916
evaluations raw_y
1 29743.5739052968
4 3275.3748088386
5 2239.3676009225
6 2229.8363335761
9 730.3669534214
31 3.2921687310
45 3.0562605983
90 88364.6184279885
evaluations raw_y
1 4742.4962970597
4 1309.3191144718
15 3.9022370532
90 70375.5917842790
evaluations raw_y
1 126141.7957921051
2 166.0032078762
34 4.8612912697
86 1.7645668133
90 33405.4172547665
evaluations raw_y
1 86680.4920629125
2 1417.1008803073
5 1309.2254883429
8 602.3483311458
48 290.5048515549
53 234.3559273813
78 2.4204243223
90 89164.5487876584
evaluations raw_y
1 87970.1106092910
3 2410.9115299522
29 1054.1795333797
35 548.4166238242
39 23.4020354974
52 4.4947548607
90 203955.0306956474
evaluations raw_y
1 5362.6987968381
3 2160.8594914393
4 5.1741924121
36 4.8043592601
60 3.8625662468
90 10079.7570221872
evaluations raw_y
1 47409.6756825157
5 1988.1580853021
7 1795.4485798119
19 1608.1204032747
30 159.9829793675
43 25.3158638356
62 4.0247936211
69 3.1339846967
90 25921.4808746825
evaluations raw_y
1 92661.4453660317
2 75548.5712126493
3 44955.4562956827
4 14461.2302813885
9 3934.0536369768
27 2463.0097564893
36 1208.5873901692
41 837.2543588223
46 827.7790336033
90 13309.6725216711
evaluations raw_y
1 99228.3553665550
2 57264.2389785299
3 13482.4743784884
4 2926.4794610986
17 936.1524423843
39 411.1735214573
43 2.9758814060
90 173.9256419100
evaluations raw_y
1 19579.2191126944
2 13100.0922813236
4 6253.2653214318
7 5714.4745661518
11 1619.5237946139
12 3.5561239501
90 127471.8690967815
evaluations raw_y
1 90937.6310126061
2 34025.3092921894
5 583.1249913325
12 4.7846110766
32 3.9950669305
90 9214.0086584029
evaluations raw_y
1 43567.6934909458
2 23.2638301059
16 4.6423049549
86 3.2344568445
90 2998.0606231048
evaluations raw_y
1 94776.9332884216
3 5981.9780658753
5 3.4333452822
90 67258.1463735842
evaluations raw_y
1 2911.7215138737
2 5.5839575726
23 5.3911530167
90 46874.2038983637
evaluations raw_y
1 15596.6816859437
3 8878.1279800353
8 277.9472882258
29 81.8722022700
53 71.6737205029
67 3.9367426896
90 4.7920680497
evaluations raw_y
1 37129.1860920455
3 11147.5607374970
8 842.1249888012
23 19.1727205517
35 4.6570718230
90 15468.7554233871
evaluations raw_y
1 5.2260574749
42 3.6682968932
90 25619.5646854581
evaluations raw_y
1 69738.9698424937
2 2194.1768324892
15 10.7061203644
61 6.9440534994
88 4.4241320333
90 77370.9861761325
evaluations raw_y
1 6905.6567889702
3 4817.9617827094
8 1533.6303525766
19 89.6602225043
31 15.6499102199
90 3720.6998135710
evaluations raw_y
1 29743.5739052968
4 3275.3748088386
5 2239.3676009225
6 2229.8363335761
9 730.3669534214
31 3.2921687310
45 3.0562605983
90 88364.6184279885
evaluations raw_y
1 47409.6756825157
5 1988.1580853021
7 1795.4485798119
19 1608.1204032747
30 159.9829793675
43 25.3158638356
62 4.0247936211
69 3.1339846967
90 25921.4808746825
evaluations raw_y
1 7603.6803275271
9 5.6672159084
11 4.2912664667
90 97017.8015098142
evaluations raw_y
1 3.2990590910
90 212295.8450568381
evaluations raw_y
1 13728.8457411509
3 8447.5912109653
5 272.8632307589
27 255.9207403582
46 93.7340217487
82 4.2927966663
90 13926.6654007041
evaluations raw_y
1 56671.8047573667
2 30383.5678739185
3 16280.1042880127
5 14284.9034115181
6 4661.4183018730
12 3843.0749115303
13 713.5178322891
16 434.9751737884
20 4.6942668939
52 4.5556056713
90 223661.5899825506
evaluations raw_y
1 28959.4485758707
2 14914.7815970618
3 180.6798539304
29 2.4587070526
90 46459.9799889497
evaluations raw_y
1 3.4134853316
90 53920.5132219910
evaluations raw_y
1 14296.2616419563
4 9378.6900735129
5 6147.2094417727
6 1271.5909906825
27 269.9496650255
56 3.5239918516
90 11526.8926539432
evaluations raw_y
1 144590.1260356511
2 115338.5603571520
3 113767.5787214155
6 107939.3445474575
7 63421.1709386428
8 56197.5371878244
10 5197.2864413014
14 1505.3320320969
27 1317.7643055568
40 1297.2376162902
43 99.6412935786
90 26928.4776214643
evaluations raw_y
1 67604.4490450108
2 41479.4030190708
3 6855.1226590118
4 2359.9431137462
9 1920.5836538872
27 808.6622098416
29 4.4185607831
60 2.9559229878
90 29540.6511059331
evaluations raw_y
1 151549.7173473309
3 57896.3803038496
6 54404.0469129268
7 12494.5475235240
9 9694.5160137366
12 1767.8645161542
16 22.2828466649
90 4241.6457670916
evaluations raw_y
1 145573.0934028705
2 134597.5856254874
4 77035.6754644477
5 4928.0180310395
6 441.0904845177
11 17.2786127624
17 4.6925682799
90 10744.5142849092
evaluations raw_y
1 156649.2129156373
2 208.6193382241
3 66.2804611963
22 4.6684831833
90 4146.7783994670
