evaluations raw_y
1 493.4132950781
2 114.2318810368
5 98.5553992544
6 79.6397765929
17 61.6148422521
20 41.5814998018
21 32.9896959458
30 23.7381743602
31 19.4572244312
86 16.3302938034
89 21.3651820990
evaluations raw_y
1 493.4132950781
2 114.2318810368
5 98.5553992544
6 79.6397765929
18 47.9955694365
23 41.8215366529
44 40.8064701054
49 32.2677942935
65 24.6384369133
86 24.6264958392
89 38.4606501682
evaluations raw_y
1 493.4132950781
2 114.2318810368
5 98.5553992544
6 79.6397765929
11 75.6695200844
18 46.6495979489
21 31.8366302520
34 24.6011104743
64 24.1823886553
65 15.9469633381
89 28.4253676576
evaluations raw_y
1 493.4132950781
2 114.2318810368
5 98.5553992544
6 79.6397765929
14 59.1797002371
15 47.3233310409
19 34.2293841536
43 33.5375655399
54 27.0745422235
56 20.2692690937
70 15.3210676502
85 8.7071962534
89 16.8770979907
evaluations raw_y
1 493.4132950781
2 114.2318810368
5 98.5553992544
6 79.6397765929
11 52.0967265683
12 49.5060356066
15 42.2960495772
29 31.3860427824
33 26.0401876792
43 17.8881453704
69 9.8934901903
89 27.9945895421
evaluations raw_y
1 37.3656950076
30 27.3043790716
38 27.0899333204
39 21.3014537456
66 17.8478687034
86 13.4857423196
87 11.1323582257
89 10.8747324402
evaluations raw_y
1 37.3656950076
15 25.4488960729
77 24.1319552969
79 24.0692525604
89 25.0135544148
evaluations raw_y
1 37.3656950076
16 32.0426792648
42 13.0862553912
79 10.1400656612
86 7.7188405954
88 7.4843522241
89 12.9385408044
evaluations raw_y
1 37.3656950076
38 22.9818758742
57 19.0484225612
89 24.8315250768
evaluations raw_y
1 37.3656950076
44 27.3867153491
48 21.1642254866
49 5.6641909304
86 5.3040786254
89 35.1060542349
evaluations raw_y
1 236.1933908186
2 175.5336122160
3 168.2164141722
6 102.5602856417
7 100.5391138800
8 99.6676376764
11 46.8113844456
30 27.6045808832
31 26.3007373505
40 19.2038819376
47 17.6175057194
60 17.0732323939
72 16.6070069322
75 11.4180708416
79 6.0438499220
89 24.6107097600
evaluations raw_y
1 236.1933908186
2 175.5336122160
3 168.2164141722
6 102.5602856417
7 100.5391138800
8 99.6676376764
11 56.2201207612
17 55.8530057033
27 18.7338584988
49 15.8233346401
73 15.4464556443
78 14.8298397041
82 11.8625404349
84 11.3072679190
89 18.8267361898
evaluations raw_y
1 236.1933908186
2 175.5336122160
3 168.2164141722
6 102.5602856417
7 100.5391138800
8 99.6676376764
10 73.2729921900
18 50.3634715694
25 36.2787653810
36 28.1801866820
71 19.0118905447
87 18.9421044449
89 27.5876747465
evaluations raw_y
1 236.1933908186
2 175.5336122160
3 168.2164141722
6 102.5602856417
7 100.5391138800
8 99.6676376764
10 62.0308304693
15 22.8577076737
49 19.2551336718
56 16.4807898381
77 16.0334854189
79 15.9537362904
87 15.3218519155
89 13.7171686818
evaluations raw_y
1 236.1933908186
2 175.5336122160
3 168.2164141722
6 102.5602856417
7 100.5391138800
8 99.6676376764
10 42.7032178102
11 40.1751579682
35 24.1168086150
49 19.1385378051
75 12.5824128436
77 11.4300017939
79 8.7070996256
81 7.1431147858
85 6.2729146457
89 15.0585941927
evaluations raw_y
1 383.1613608513
4 114.3915669357
8 81.3388157420
13 27.9152712747
56 26.9177281309
61 14.1343019186
68 9.1168600586
73 6.3500195281
89 29.8186838889
evaluations raw_y
1 383.1613608513
4 114.3915669357
8 81.3388157420
21 57.6532453546
32 24.2080799271
72 20.5102146003
77 20.2365194191
87 17.3528037876
89 30.1738795447
evaluations raw_y
1 383.1613608513
4 114.3915669357
8 81.3388157420
21 69.2025029527
50 45.9448569033
71 44.6040433711
82 44.2609876987
89 44.6149532161
evaluations raw_y
1 383.1613608513
4 114.3915669357
8 81.3388157420
11 74.7875549734
13 56.5105492198
14 54.9755411254
15 46.6241560828
18 28.7257198180
42 16.7975949991
71 16.6587248813
80 13.0169434232
89 20.1898873908
evaluations raw_y
1 383.1613608513
4 114.3915669357
8 81.3388157420
10 43.8143033998
12 42.3107556343
14 38.1316130872
20 36.4951280451
31 32.1723617593
86 32.0871809269
89 31.5152668217
evaluations raw_y
1 50.6614188117
59 41.1037798748
80 40.9303228097
85 33.7050746340
89 62.5827043325
evaluations raw_y
1 50.6614188117
16 28.5193946544
39 19.1257326037
48 14.1209643576
61 9.3371821756
78 5.3332804664
89 20.8652838609
evaluations raw_y
1 50.6614188117
21 20.8982842209
48 15.7580931196
50 12.1318531316
59 8.0484716850
70 6.0769631639
76 5.1556975525
89 5.7218407671
evaluations raw_y
1 50.6614188117
48 43.3916185895
56 43.2186978575
68 35.9283082765
79 35.4962217265
80 25.9635447054
82 18.3705146079
87 17.7293601584
89 40.8252921498
evaluations raw_y
1 50.6614188117
10 13.4198354583
66 11.5956990819
76 11.0942535863
77 11.0796722680
89 11.5562271128
evaluations raw_y
1 1476.5837158343
2 61.4049324640
12 48.7025033092
28 34.3383062917
38 31.0221750290
49 20.7305113628
69 18.8322914226
75 18.6239994260
81 12.4973451614
89 24.8052995214
evaluations raw_y
1 1476.5837158343
2 61.4049324640
14 59.7072918823
16 44.5954946934
22 36.0613915340
52 32.2814072125
56 22.8838407955
69 13.8779008110
81 13.3060336399
89 52.3123135816
evaluations raw_y
1 1476.5837158343
2 61.4049324640
20 32.2352224926
42 20.4567574775
49 8.4902299362
63 7.6217570944
89 13.9619239378
evaluations raw_y
1 1476.5837158343
2 61.4049324640
48 47.5058382689
54 39.0845889153
56 38.5061051610
75 33.9329218780
80 23.0363108682
89 40.0450109134
evaluations raw_y
1 1476.5837158343
2 61.4049324640
12 44.2681826252
30 33.2347276226
51 30.3525146307
52 23.1319741645
73 22.9576196682
75 18.9620217230
76 17.4111928275
82 16.7623886521
88 14.6349908972
89 16.9712028662
evaluations raw_y
1 42.1176849440
2 13.5149393806
89 20.8008202110
evaluations raw_y
1 42.1176849440
2 13.5149393806
89 33.5560238501
evaluations raw_y
1 42.1176849440
2 13.5149393806
89 55.6522651260
evaluations raw_y
1 42.1176849440
2 13.5149393806
89 55.3508281679
evaluations raw_y
1 42.1176849440
2 13.5149393806
64 6.6348912148
89 35.6574045169
evaluations raw_y
1 63.6787494757
2 50.0681763604
12 28.3810554954
41 18.3966982285
74 14.6996885348
84 13.9681895706
87 13.9364049335
89 14.5365879131
evaluations raw_y
1 63.6787494757
2 50.0681763604
17 24.9321562158
27 16.2547464861
51 15.9670096305
54 5.9439743887
84 3.7554838575
89 5.5078902696
evaluations raw_y
1 63.6787494757
2 50.0681763604
89 58.5659921269
evaluations raw_y
1 63.6787494757
2 50.0681763604
22 39.0624514799
45 29.8431674027
50 21.0926498649
65 17.5667238419
74 12.3444788165
81 11.3486137502
89 14.6011800592
evaluations raw_y
1 63.6787494757
2 50.0681763604
11 31.3790276806
38 24.3940354443
49 16.1493529348
55 14.2087303566
76 13.1850236892
79 11.1812233985
89 12.6353089512
evaluations raw_y
1 36.3605391977
37 17.9362518323
62 12.2246718573
84 10.4224037673
89 22.5964270695
evaluations raw_y
1 36.3605391977
18 34.9887367409
20 27.8472604557
21 20.3900506810
60 9.6372444134
82 5.5110717974
86 3.1537719564
88 2.3383589685
89 8.6404899134
evaluations raw_y
1 36.3605391977
20 25.7713407638
50 21.0305207210
67 20.1561106472
75 17.9497685359
79 16.1581290344
89 45.9249271608
evaluations raw_y
1 36.3605391977
38 23.9336945727
57 19.5210062785
59 18.1857656149
89 16.0625304236
evaluations raw_y
1 36.3605391977
34 23.7132315600
67 17.0038949269
81 11.8405255060
84 11.6965247995
89 11.7960141581
evaluations raw_y
1 157.2547559834
5 55.6105512014
7 53.1391970781
49 50.4211050924
53 36.2990228258
69 28.5163763077
71 25.2155221551
85 16.6054669831
89 35.2899835834
evaluations raw_y
1 157.2547559834
5 55.6105512014
7 53.1391970781
43 40.1813148028
58 37.7899587285
74 25.2743225122
89 47.5712867995
evaluations raw_y
1 157.2547559834
5 55.6105512014
7 53.1391970781
22 30.8666822599
55 29.3931688663
57 18.6702674217
75 14.5559511383
77 13.7240582756
82 12.3139911898
89 18.4919628576
evaluations raw_y
1 157.2547559834
5 55.6105512014
7 53.1391970781
10 32.1167241300
28 30.1234140349
31 24.7749707931
39 13.0238028680
42 11.7800761714
69 10.2159121713
89 15.2757740929
evaluations raw_y
1 157.2547559834
5 55.6105512014
7 53.1391970781
21 33.9949378493
68 27.2771929999
69 13.0181609823
89 41.2712832006
evaluations raw_y
1 548.0890891304
3 109.1971852651
8 71.8837034231
10 47.1203606638
19 43.1217337847
26 37.4056618458
27 28.2263555639
32 11.4834108262
76 9.9203802979
89 10.8663201817
evaluations raw_y
1 548.0890891304
3 109.1971852651
8 71.8837034231
11 37.1328908635
26 31.6905102726
40 21.7361452398
43 21.0101217868
56 18.8869334225
69 13.9210031068
89 21.5552534521
evaluations raw_y
1 548.0890891304
3 109.1971852651
8 71.8837034231
10 33.8891364024
13 29.2865423158
24 15.3481237158
57 14.3468006230
58 12.6140706209
59 12.4310823608
61 12.2929277244
62 11.6710441078
83 11.5477261647
89 13.8979303083
evaluations raw_y
1 548.0890891304
3 109.1971852651
8 71.8837034231
15 59.2273228430
28 58.9140023120
29 24.2853599902
43 22.9851954936
60 21.5679486820
61 12.3326798069
81 8.9489153730
89 23.2865098862
evaluations raw_y
1 548.0890891304
3 109.1971852651
8 71.8837034231
22 51.7434433378
23 42.4385885714
35 27.4954150866
52 22.4266599283
53 9.5003498412
89 17.0597281204
evaluations raw_y
1 247.9598437104
5 140.6204715951
16 110.9021118602
17 97.5819424889
18 73.6011613991
21 35.1683782728
47 19.3436169076
89 42.7253756996
evaluations raw_y
1 247.9598437104
5 140.6204715951
10 137.0414708670
15 63.2991652004
16 57.6401352063
18 42.1600502062
20 40.9040620015
26 34.7937229810
38 26.1946986400
89 29.1679861748
evaluations raw_y
1 247.9598437104
5 140.6204715951
10 124.3831965969
11 70.1280308445
13 62.2819785880
27 54.1370501668
29 40.4316200641
35 22.0540553458
42 12.1982595487
67 11.3630252100
79 9.8636684980
83 6.1928114073
86 2.7732838030
89 12.3617120954
evaluations raw_y
1 247.9598437104
5 140.6204715951
20 136.8853233817
24 129.0088034930
28 114.4857427476
30 90.1069237710
41 84.3208046954
61 80.9446133329
66 80.6345182746
82 78.0584848480
86 69.4108983715
89 95.5972714583
evaluations raw_y
1 247.9598437104
5 140.6204715951
17 135.6786463052
20 94.5790856546
21 80.3801619905
23 64.9828037172
32 52.2663413393
66 34.5352332757
71 33.6693866711
75 22.6120379984
85 20.2097912047
87 11.4686510917
89 50.4050631833
evaluations raw_y
1 243.1070635501
4 98.5230799579
6 73.4305807067
7 51.0082231563
27 40.0222322515
37 21.9378520656
41 20.4846553653
48 18.9518678246
75 18.3130263918
84 17.8564970743
89 20.4602211225
evaluations raw_y
1 243.1070635501
4 98.5230799579
6 73.4305807067
7 51.0082231563
25 43.5232596599
26 42.4369510533
27 17.0166130281
60 13.4030361824
79 8.6706861593
89 11.0530788588
evaluations raw_y
1 243.1070635501
4 98.5230799579
6 73.4305807067
7 51.0082231563
17 38.7205522894
29 20.8284936093
53 8.7585300891
83 8.5446589045
84 6.5201460720
85 5.9016117161
89 7.0238653191
evaluations raw_y
1 243.1070635501
4 98.5230799579
6 73.4305807067
7 51.0082231563
26 45.5073661736
30 44.1301570145
34 41.3310335588
36 30.2902008644
53 21.2503481297
62 17.3794210955
64 11.9045939873
76 11.3411823245
89 41.2901574098
evaluations raw_y
1 243.1070635501
4 98.5230799579
6 73.4305807067
7 51.0082231563
24 40.6979122642
44 24.3997989851
57 7.3543230457
85 7.0760893080
89 5.1749285227
evaluations raw_y
1 48.4672472629
31 37.1021921490
52 30.6664115996
89 40.2838070443
evaluations raw_y
1 48.4672472629
28 38.5258317773
29 29.7015029764
46 27.7417550598
49 25.7125127680
63 22.9196469822
74 20.6649518184
77 7.1508076419
89 9.7833525348
evaluations raw_y
1 48.4672472629
32 32.6818071856
33 27.6101705771
42 25.3012295570
89 26.3707426227
evaluations raw_y
1 48.4672472629
24 42.8758395436
42 21.0318992995
66 16.6282816716
87 16.2091409787
89 17.5516440179
evaluations raw_y
1 48.4672472629
89 55.9331551550
