evaluations raw_y
1 8296323.2912186170
5 559443.1719103312
7 701.3479948574
52 81.6706882923
139 48.1017176260
150 6511949.1326264134
evaluations raw_y
1 8296323.2912186170
5 559443.1719103312
7 701.3479948574
150 2120869.5797949228
evaluations raw_y
1 8296323.2912186170
5 559443.1719103312
7 701.3479948574
150 608141.0953999021
evaluations raw_y
1 8296323.2912186170
5 559443.1719103312
7 701.3479948574
96 40.9947089651
150 2991768.8193254881
evaluations raw_y
1 8296323.2912186170
5 559443.1719103312
7 701.3479948574
83 606.3672969160
145 255.7702110007
150 14135.8893798277
evaluations raw_y
1 117659.5330550305
10 18965.8666232159
29 13643.7759430222
84 12345.4351160646
130 4890.1694451912
150 28346853.6972540468
evaluations raw_y
1 117659.5330550305
10 18965.8666232159
54 3961.9383052046
76 127.5302571497
150 145703.3344982242
evaluations raw_y
1 117659.5330550305
10 18965.8666232159
23 15393.4750514445
135 782.2970949264
150 19514503.1459139287
evaluations raw_y
1 117659.5330550305
10 18965.8666232159
45 10285.2045538991
53 8909.6084526317
72 2942.1788475161
86 1932.3024072914
150 11148323.0187346339
evaluations raw_y
1 117659.5330550305
10 18965.8666232159
73 35.8993791960
150 14035.8796846248
evaluations raw_y
1 2109238.4308931213
8 43766.5103496095
81 30824.8355159246
107 102.2219635785
150 20685388.5541668460
evaluations raw_y
1 2109238.4308931213
8 43766.5103496095
19 17309.4767146080
94 12887.0271573865
150 31471.9340838282
evaluations raw_y
1 2109238.4308931213
8 43766.5103496095
95 30429.8469336379
120 27619.8536155318
122 18699.2878895260
150 16309680.4580809902
evaluations raw_y
1 2109238.4308931213
8 43766.5103496095
20 9939.9990338410
127 2061.5151086642
150 1374466.7021303403
evaluations raw_y
1 2109238.4308931213
8 43766.5103496095
18 3812.9338536480
82 1102.7124188477
122 578.0921517982
144 76.8314131049
150 66093452.4588532820
evaluations raw_y
1 3673426.7086530440
3 1460670.9056586307
4 425809.8240770061
8 182466.3560329289
9 36159.2382077951
44 23640.7549267106
62 7739.8508032079
87 3823.8815702687
124 238.6300297303
150 29906388.7566897161
evaluations raw_y
1 3673426.7086530440
3 1460670.9056586307
4 425809.8240770061
8 182466.3560329289
9 36159.2382077951
28 10442.2587351709
29 74.6359382846
150 4120305.0200575958
evaluations raw_y
1 3673426.7086530440
3 1460670.9056586307
4 425809.8240770061
8 182466.3560329289
9 36159.2382077951
25 215.9955714761
150 7472690.8189805504
evaluations raw_y
1 3673426.7086530440
3 1460670.9056586307
4 425809.8240770061
8 182466.3560329289
9 36159.2382077951
37 3938.2240896082
48 3192.3454766871
81 1126.7742848605
150 2081310.9941673256
evaluations raw_y
1 3673426.7086530440
3 1460670.9056586307
4 425809.8240770061
8 182466.3560329289
9 36159.2382077951
101 1458.2813422836
150 147162.9451607094
evaluations raw_y
1 2169955.8284757710
2 487236.9878889230
9 300741.0407438294
13 5085.4912864984
75 957.8818668457
150 3943554.4989108234
evaluations raw_y
1 2169955.8284757710
2 487236.9878889230
9 300741.0407438294
13 5085.4912864984
20 1024.4227301997
49 731.0786135867
103 59.7104564842
150 7463715.6328450246
evaluations raw_y
1 2169955.8284757710
2 487236.9878889230
9 300741.0407438294
13 5085.4912864984
90 22.5900921552
150 25314640.9359365739
evaluations raw_y
1 2169955.8284757710
2 487236.9878889230
9 300741.0407438294
13 5085.4912864984
88 352.2253115611
150 160991.2823800502
evaluations raw_y
1 2169955.8284757710
2 487236.9878889230
9 300741.0407438294
13 5085.4912864984
17 28.9902272028
150 3091743.3879318796
evaluations raw_y
1 509299.1357136675
10 214722.3657400147
29 111726.3261406311
67 45831.4547522883
90 18482.5760600421
95 6189.4725496010
117 198.0821869607
150 1498816.9903102517
evaluations raw_y
1 509299.1357136675
10 214722.3657400147
17 114082.4328963230
20 42298.3808459966
27 36307.9507521686
48 3048.9209854467
116 2382.2340102859
150 2099176.8344072620
evaluations raw_y
1 509299.1357136675
10 214722.3657400147
18 76369.0864914296
24 25297.7301253413
29 595.0552376545
150 10830246.2924219985
evaluations raw_y
1 509299.1357136675
10 214722.3657400147
19 63368.7231974420
52 42095.2605425046
72 32389.0611273283
75 3614.1197386339
150 8175511.5470255623
evaluations raw_y
1 509299.1357136675
10 214722.3657400147
20 20482.9528558406
62 13096.1432932028
90 654.2802098362
150 5649229.9729134897
evaluations raw_y
1 795750.0159979585
2 22853.7867008675
93 18491.7479144382
137 54.5120931346
150 19891844.0471086651
evaluations raw_y
1 795750.0159979585
2 22853.7867008675
16 1505.5857144413
119 262.3292635812
150 4597849.2928998396
evaluations raw_y
1 795750.0159979585
2 22853.7867008675
77 1227.2002282504
150 1812516.5455799049
evaluations raw_y
1 795750.0159979585
2 22853.7867008675
58 13505.9741804492
121 12613.8284796649
124 131.1476698926
150 73305049.1848838925
evaluations raw_y
1 795750.0159979585
2 22853.7867008675
17 18510.1689745015
64 12850.8717748060
75 8557.6063295292
150 14477262.3236279227
evaluations raw_y
1 14361209.5336254574
4 3413595.6830119528
11 359276.4910743446
19 50536.9555908157
25 18021.4704592085
27 16029.4243558470
64 11784.6506082549
150 383648.2303983179
evaluations raw_y
1 14361209.5336254574
4 3413595.6830119528
11 359276.4910743446
16 37338.1735565736
48 2639.0400403952
150 3119172.0606395509
evaluations raw_y
1 14361209.5336254574
4 3413595.6830119528
11 359276.4910743446
21 5361.2671905523
150 7057168.6883546943
evaluations raw_y
1 14361209.5336254574
4 3413595.6830119528
11 359276.4910743446
29 162170.5045885495
36 114069.9518678055
44 41626.1117507390
51 13913.2478246852
92 160.4955404819
150 33396874.7109734043
evaluations raw_y
1 14361209.5336254574
4 3413595.6830119528
11 359276.4910743446
38 65931.6398468243
50 40319.0560139175
53 3799.7933309452
63 240.2056759552
150 1611273.4675724870
evaluations raw_y
1 5833.8828059387
9 1085.6019862829
81 95.3567420451
150 5517448.1735349903
evaluations raw_y
1 5833.8828059387
9 1085.6019862829
58 263.8200471932
150 16108624.1904370915
evaluations raw_y
1 5833.8828059387
9 1085.6019862829
34 135.1503084549
150 20930011.7379898429
evaluations raw_y
1 5833.8828059387
9 1085.6019862829
150 17276390.1999229118
evaluations raw_y
1 5833.8828059387
9 1085.6019862829
33 312.2989118168
150 26376700.9942217618
evaluations raw_y
1 2018951.0617227247
2 314592.5173658624
27 675.8607485397
100 17.2936836070
150 498988.5085778620
evaluations raw_y
1 2018951.0617227247
2 314592.5173658624
25 258645.8159212476
37 110473.9367949698
40 109167.8995784834
46 10353.7587035555
85 3223.7298473620
122 324.8902788806
150 1320804.5172481253
evaluations raw_y
1 2018951.0617227247
2 314592.5173658624
16 137437.6352816577
49 27613.0945543235
75 5626.0802884072
150 18938599.1144861318
evaluations raw_y
1 2018951.0617227247
2 314592.5173658624
19 308090.9603325113
24 14976.6766479733
150 2203358.5820821808
evaluations raw_y
1 2018951.0617227247
2 314592.5173658624
27 219284.1811657736
36 125.4608866751
150 1855581.8767958132
evaluations raw_y
1 68449938.9755186439
2 29692601.6752075329
3 2884290.0052882270
21 494183.0048524417
37 31392.3810852457
69 11351.8909900003
150 8561766.9511289932
evaluations raw_y
1 68449938.9755186439
2 29692601.6752075329
3 2884290.0052882270
16 53357.4868757378
34 50637.7132250971
58 11247.8905196631
150 3780832.6448734757
evaluations raw_y
1 68449938.9755186439
2 29692601.6752075329
3 2884290.0052882270
24 2207773.5532810790
26 1092.6963259221
150 64390241.4791522473
evaluations raw_y
1 68449938.9755186439
2 29692601.6752075329
3 2884290.0052882270
16 2285236.6504318365
20 94416.9047783933
64 53566.5403601464
119 11495.2489737871
150 2843534.2006254257
evaluations raw_y
1 68449938.9755186439
2 29692601.6752075329
3 2884290.0052882270
18 468692.7247491805
27 7360.5182911291
150 42230752.5946425050
evaluations raw_y
1 318944.5507738629
5 236612.5557698620
18 63589.1077623651
28 7447.1689754152
129 103.7008722922
150 91619.7803423024
evaluations raw_y
1 318944.5507738629
5 236612.5557698620
25 6917.0488270119
28 4717.0857441873
70 43.0407924527
150 21945783.7466647401
evaluations raw_y
1 318944.5507738629
5 236612.5557698620
27 40281.7114664195
66 3456.4024388774
111 344.4390451459
150 3854579.7236401713
evaluations raw_y
1 318944.5507738629
5 236612.5557698620
31 22397.3020777488
38 347.2962870642
150 1558194.4705662185
evaluations raw_y
1 318944.5507738629
5 236612.5557698620
21 24685.8932543441
38 14460.0956087101
115 1811.0314416401
150 9042215.7695117947
evaluations raw_y
1 4969921.7762312172
3 63309.9709433196
9 15535.9961151044
40 9544.6342963228
62 54.1426619285
150 23241021.1000178941
evaluations raw_y
1 4969921.7762312172
3 63309.9709433196
9 15535.9961151044
73 3338.7121213471
150 418184.8536824794
evaluations raw_y
1 4969921.7762312172
3 63309.9709433196
9 15535.9961151044
40 5127.5730990202
55 4467.6643878127
81 3819.6088492130
91 3255.2773016215
150 6820310.6648482466
evaluations raw_y
1 4969921.7762312172
3 63309.9709433196
9 15535.9961151044
120 855.1433902739
150 13162128.2421692070
evaluations raw_y
1 4969921.7762312172
3 63309.9709433196
9 15535.9961151044
57 3006.8237104841
150 78091685.4633615911
evaluations raw_y
1 503339.8073443354
6 47262.7970022682
13 1886.0129716786
150 129127.9196886647
evaluations raw_y
1 503339.8073443354
6 47262.7970022682
13 1886.0129716786
150 7538566.3642047253
evaluations raw_y
1 503339.8073443354
6 47262.7970022682
13 1886.0129716786
118 557.4827974460
150 1302434.0470884789
evaluations raw_y
1 503339.8073443354
6 47262.7970022682
13 1886.0129716786
150 10124854.7191222906
evaluations raw_y
1 503339.8073443354
6 47262.7970022682
13 1886.0129716786
132 1733.9671265651
150 24637997.5325760953
