evaluations raw_y
1 3818.9986890343
10 2643.4595245903
53 1119.8119083552
60 2542636.8187860032
evaluations raw_y
1 3818.9986890343
31 611.9959595186
60 9818988.0982945338
evaluations raw_y
1 3818.9986890343
35 3735.6427523877
60 479839.2755411239
evaluations raw_y
1 3818.9986890343
53 2394.4348356957
60 4652159.8731861059
evaluations raw_y
1 3818.9986890343
10 39.5282788330
60 22228048.9796016179
evaluations raw_y
1 14244701.8251010235
2 6653189.5108586065
6 175651.7905126762
13 112063.1458658333
59 5635.9729343755
60 118758.5710859055
evaluations raw_y
1 14244701.8251010235
2 6653189.5108586065
6 175651.7905126762
19 12766.1699838022
20 3582.0247274811
60 652638.2056950355
evaluations raw_y
1 14244701.8251010235
2 6653189.5108586065
6 175651.7905126762
8 73870.4934395567
39 49932.1677404361
42 30613.3103039051
60 45934002.4136751592
evaluations raw_y
1 14244701.8251010235
2 6653189.5108586065
6 175651.7905126762
39 124224.6486138761
43 97757.3797710722
52 62698.2126273546
60 7323793.9743677201
evaluations raw_y
1 14244701.8251010235
2 6653189.5108586065
6 175651.7905126762
44 45387.2121339694
60 17730224.0516468659
evaluations raw_y
1 6429429.2789531788
6 188526.5597184919
26 36667.7197497664
60 284319.1392201636
evaluations raw_y
1 6429429.2789531788
6 188526.5597184919
27 46580.0508048226
36 2.3662562183
60 34052406.4759679213
evaluations raw_y
1 6429429.2789531788
6 188526.5597184919
59 130047.6004293894
60 8631226.8421116937
evaluations raw_y
1 6429429.2789531788
6 188526.5597184919
23 3745.5176432803
60 1127886.7959777401
evaluations raw_y
1 6429429.2789531788
6 188526.5597184919
9 73344.3810165259
58 298.4409879509
60 2267131.7417935873
evaluations raw_y
1 4530388.9549344247
2 24422.6503624179
57 266.8836571477
60 67280720.3136721551
evaluations raw_y
1 4530388.9549344247
2 24422.6503624179
60 2134872.0874351673
evaluations raw_y
1 4530388.9549344247
2 24422.6503624179
14 106.2003662260
60 24745469.8290431090
evaluations raw_y
1 4530388.9549344247
2 24422.6503624179
56 2154.9245959926
60 24870626.4747634754
evaluations raw_y
1 4530388.9549344247
2 24422.6503624179
30 17213.7547753329
44 1392.0692132723
60 565819.0182077641
evaluations raw_y
1 2474296.3964322233
4 252779.8465157872
5 41525.4045601488
25 13.2479677420
60 13263779.0371535979
evaluations raw_y
1 2474296.3964322233
4 252779.8465157872
5 41525.4045601488
60 73317213.4578568190
evaluations raw_y
1 2474296.3964322233
4 252779.8465157872
5 41525.4045601488
8 278.6676931956
60 13114224.0486102663
evaluations raw_y
1 2474296.3964322233
4 252779.8465157872
5 41525.4045601488
60 32586.5748444351
evaluations raw_y
1 2474296.3964322233
4 252779.8465157872
5 41525.4045601488
16 15042.5461019097
60 4498083.0123224799
evaluations raw_y
1 8577958.6614884771
2 3967444.0096245883
3 2002905.1210946380
8 815717.3922812021
22 3730.7660202232
60 18991693.3790000118
evaluations raw_y
1 8577958.6614884771
2 3967444.0096245883
3 2002905.1210946380
8 1335401.8454301283
10 952967.9380884686
21 360361.9671664771
35 244492.7536583856
46 109588.7391211211
60 1168566.8183053066
evaluations raw_y
1 8577958.6614884771
2 3967444.0096245883
3 2002905.1210946380
8 258462.2699212879
9 113666.7038715509
30 42498.2454739303
31 18959.9895319783
60 678677.8715759744
evaluations raw_y
1 8577958.6614884771
2 3967444.0096245883
3 2002905.1210946380
8 233479.1282510717
12 76440.9747230973
60 4408166.2830080846
evaluations raw_y
1 8577958.6614884771
2 3967444.0096245883
3 2002905.1210946380
7 1648560.8777933503
11 59619.8457285467
17 24302.8097836435
28 500.4614776989
60 293168.3017621357
evaluations raw_y
1 32936.3131949160
12 29.9326492218
60 19841.4752937762
evaluations raw_y
1 32936.3131949160
9 22579.4876869840
51 2960.6581018968
60 54759778.3738808632
evaluations raw_y
1 32936.3131949160
10 2376.4369459536
57 718.9453230970
60 384440.9033657566
evaluations raw_y
1 32936.3131949160
33 48.5771827502
60 15861136.8198241424
evaluations raw_y
1 32936.3131949160
60 2019989.0466023453
evaluations raw_y
1 3375296.6290013362
4 2032634.0258588286
7 1102190.0179182468
18 105.0957441573
60 9038411.0547412932
evaluations raw_y
1 3375296.6290013362
4 2032634.0258588286
8 862.0914175985
60 4392494.4229440130
evaluations raw_y
1 3375296.6290013362
4 2032634.0258588286
9 644959.6448471866
17 22915.5384265126
31 21235.1480282034
60 507756.8859826445
evaluations raw_y
1 3375296.6290013362
4 2032634.0258588286
8 587641.4920591997
13 441702.1084025152
14 230168.1484801069
17 36997.7742928753
25 19264.6947793849
36 6135.6758785083
60 37663503.1714201570
evaluations raw_y
1 3375296.6290013362
4 2032634.0258588286
10 2042.9292923116
60 285833.8043084209
evaluations raw_y
1 47.2663652796
60 9972200.3926669154
evaluations raw_y
1 47.2663652796
60 13830324.3630059939
evaluations raw_y
1 47.2663652796
60 18943243.8513901867
evaluations raw_y
1 47.2663652796
60 24163859.1667909808
evaluations raw_y
1 47.2663652796
60 124302.1931601115
evaluations raw_y
1 82277.4228962735
5 35285.0442757783
60 8691.9204025968
evaluations raw_y
1 82277.4228962735
5 35285.0442757783
37 31404.3447585411
60 1939461.3398193435
evaluations raw_y
1 82277.4228962735
5 35285.0442757783
44 3096.7574376461
60 2151645.3116410682
evaluations raw_y
1 82277.4228962735
5 35285.0442757783
36 3562.0314605042
60 6506559.8945300458
evaluations raw_y
1 82277.4228962735
5 35285.0442757783
11 21938.5657944126
17 9019.5380939524
60 6588.3151123250
evaluations raw_y
1 1388389.5164074190
3 611975.0936682408
12 284830.7381050098
24 229698.6058962628
60 3312914.1884154412
evaluations raw_y
1 1388389.5164074190
3 611975.0936682408
8 40200.4432855514
53 16179.8144107084
60 20283690.9357042834
evaluations raw_y
1 1388389.5164074190
3 611975.0936682408
16 8.7012030289
60 1846894.2553091291
evaluations raw_y
1 1388389.5164074190
3 611975.0936682408
9 392141.1681232466
25 6779.5765707617
60 17946087.3874120377
evaluations raw_y
1 1388389.5164074190
3 611975.0936682408
9 4223.5110880567
60 15167470.6905315146
evaluations raw_y
1 40787515.3158057034
2 7439385.6390984263
3 157317.5327716720
12 57355.4303028895
17 37850.2899575294
54 20683.6474361954
60 987304.9104851065
evaluations raw_y
1 40787515.3158057034
2 7439385.6390984263
3 157317.5327716720
7 2938.7912052830
60 358811.8701794964
evaluations raw_y
1 40787515.3158057034
2 7439385.6390984263
3 157317.5327716720
9 15576.5970665694
24 5377.9832389671
60 18048687.7655599415
evaluations raw_y
1 40787515.3158057034
2 7439385.6390984263
3 157317.5327716720
11 140339.3750105214
13 39119.4366493003
29 18875.8373636676
47 1906.2238989201
60 29635606.1551212408
evaluations raw_y
1 40787515.3158057034
2 7439385.6390984263
3 157317.5327716720
60 12305417.8758695424
evaluations raw_y
1 17972302.5259076916
2 3480796.5852091503
13 138082.3326002925
40 12723.4818899552
60 10012792.6175193153
evaluations raw_y
1 17972302.5259076916
2 3480796.5852091503
12 505210.5164256493
14 40155.4068964642
51 24022.3689947198
60 49399.7728573614
evaluations raw_y
1 17972302.5259076916
2 3480796.5852091503
7 147198.6718096292
21 17403.3904330358
37 14075.5566823410
60 141288.9562099535
evaluations raw_y
1 17972302.5259076916
2 3480796.5852091503
7 1242262.2435012553
13 344252.6290448072
23 152130.1688491267
60 161201.6155915563
evaluations raw_y
1 17972302.5259076916
2 3480796.5852091503
9 1936399.5642575310
15 89207.0027035956
24 45793.4139199555
60 19713935.3491606601
evaluations raw_y
1 2269051.6635524300
3 1715377.2722837969
4 1516833.1640629766
5 89447.5287875817
17 87275.3939006396
28 49611.5692036611
40 1805.6747761542
60 5513374.6474710787
evaluations raw_y
1 2269051.6635524300
3 1715377.2722837969
4 1516833.1640629766
5 89447.5287875817
32 2341.5638279960
47 1176.6917296494
60 2053348.7593461820
evaluations raw_y
1 2269051.6635524300
3 1715377.2722837969
4 1516833.1640629766
5 89447.5287875817
38 7174.5010587540
60 82196.5214413351
evaluations raw_y
1 2269051.6635524300
3 1715377.2722837969
4 1516833.1640629766
5 89447.5287875817
7 16250.1574219850
27 933.3898119645
60 3373115.7944804532
evaluations raw_y
1 2269051.6635524300
3 1715377.2722837969
4 1516833.1640629766
5 89447.5287875817
32 3978.4593622900
60 21965908.5813815817
