evaluations raw_y
1 20923.8022621012
2 8145.3227257410
7 1808.2505590118
52 79.4073297763
113 73.0877753887
118 68.7362464324
136 29.9597787332
150 285.9579381086
evaluations raw_y
1 20923.8022621012
2 8145.3227257410
7 1808.2505590118
52 79.4073297763
113 73.0877753887
118 68.7362464324
136 29.9597787332
150 285.9579381086
evaluations raw_y
1 20923.8022621012
2 8145.3227257410
7 1808.2505590118
52 79.4073297763
113 73.0877753887
118 68.7362464324
136 29.9597787332
150 285.9579381086
evaluations raw_y
1 20923.8022621012
2 8145.3227257410
7 1808.2505590118
52 79.4073297763
113 73.0877753887
118 68.7362464324
136 29.9597787332
150 285.9579381086
evaluations raw_y
1 20923.8022621012
2 8145.3227257410
7 1808.2505590118
52 79.4073297763
113 73.0877753887
118 68.7362464324
136 29.9597787332
150 285.9579381086
evaluations raw_y
1 8876.4319987212
15 3859.2071590073
29 3639.4164232348
32 269.8472588052
38 248.7099668303
70 170.3928038565
72 161.1881749690
73 123.5375334761
94 107.9800125845
108 92.3283726777
114 81.0386248855
119 80.3071763080
120 70.3022894650
122 56.7694758296
123 17.8798692172
150 22.6697730906
evaluations raw_y
1 8876.4319987212
15 3859.2071590073
29 3639.4164232348
32 269.8472588052
38 248.7099668303
70 170.3928038565
72 161.1881749690
73 123.5375334761
94 107.9800125845
108 92.3283726777
114 81.0386248855
119 80.3071763080
120 70.3022894650
122 56.7694758296
123 17.8798692172
150 22.6697730906
evaluations raw_y
1 8876.4319987212
15 3859.2071590073
29 3639.4164232348
32 269.8472588052
38 248.7099668303
70 170.3928038565
72 161.1881749690
73 123.5375334761
94 107.9800125845
108 92.3283726777
114 81.0386248855
119 80.3071763080
120 70.3022894650
122 56.7694758296
123 17.8798692172
150 22.6697730906
evaluations raw_y
1 8876.4319987212
15 3859.2071590073
29 3639.4164232348
32 269.8472588052
38 248.7099668303
70 170.3928038565
72 161.1881749690
73 123.5375334761
94 107.9800125845
108 92.3283726777
114 81.0386248855
119 80.3071763080
120 70.3022894650
122 56.7694758296
123 17.8798692172
150 22.6697730906
evaluations raw_y
1 8876.4319987212
15 3859.2071590073
29 3639.4164232348
32 269.8472588052
38 248.7099668303
70 170.3928038565
72 161.1881749690
73 123.5375334761
94 107.9800125845
108 92.3283726777
114 81.0386248855
119 80.3071763080
120 70.3022894650
122 56.7694758296
123 17.8798692172
150 22.6697730906
evaluations raw_y
1 64698.8157119977
4 14941.9268846775
5 7988.3059982257
7 3430.2189754476
14 2125.2700419121
42 620.7330333456
58 541.3619704280
65 491.2155524252
66 325.7982857155
78 295.3850635520
91 140.9113843184
103 120.1853280601
131 94.7942263000
144 54.5771060480
147 35.4020354705
150 978.9298240835
evaluations raw_y
1 64698.8157119977
4 14941.9268846775
5 7988.3059982257
7 3430.2189754476
14 2125.2700419121
42 620.7330333456
58 541.3619704280
65 491.2155524252
66 325.7982857155
78 295.3850635520
91 140.9113843184
103 120.1853280601
131 94.7942263000
144 54.5771060480
147 35.4020354705
150 978.9298240835
evaluations raw_y
1 64698.8157119977
4 14941.9268846775
5 7988.3059982257
7 3430.2189754476
14 2125.2700419121
42 620.7330333456
58 541.3619704280
65 491.2155524252
66 325.7982857155
78 295.3850635520
91 140.9113843184
103 120.1853280601
131 94.7942263000
144 54.5771060480
147 35.4020354705
150 978.9298240835
evaluations raw_y
1 64698.8157119977
4 14941.9268846775
5 7988.3059982257
7 3430.2189754476
14 2125.2700419121
42 620.7330333456
58 541.3619704280
65 491.2155524252
66 325.7982857155
78 295.3850635520
91 140.9113843184
103 120.1853280601
131 94.7942263000
144 54.5771060480
147 35.4020354705
150 978.9298240835
evaluations raw_y
1 64698.8157119977
4 14941.9268846775
5 7988.3059982257
7 3430.2189754476
14 2125.2700419121
42 620.7330333456
58 541.3619704280
65 491.2155524252
66 325.7982857155
78 295.3850635520
91 140.9113843184
103 120.1853280601
131 94.7942263000
144 54.5771060480
147 35.4020354705
150 978.9298240835
evaluations raw_y
1 49779.6430638491
3 978.9668655015
8 555.7989313541
38 259.2075325247
64 181.9740453933
89 174.9408328276
90 126.2832211357
122 85.5929901124
127 82.2438443695
128 49.7049734174
150 140.1336321422
evaluations raw_y
1 49779.6430638491
3 978.9668655015
8 555.7989313541
38 259.2075325247
64 181.9740453933
89 174.9408328276
90 126.2832211357
122 85.5929901124
127 82.2438443695
128 49.7049734174
150 140.1336321422
evaluations raw_y
1 49779.6430638491
3 978.9668655015
8 555.7989313541
38 259.2075325247
64 181.9740453933
89 174.9408328276
90 126.2832211357
122 85.5929901124
127 82.2438443695
128 49.7049734174
150 140.1336321422
evaluations raw_y
1 49779.6430638491
3 978.9668655015
8 555.7989313541
38 259.2075325247
64 181.9740453933
89 174.9408328276
90 126.2832211357
122 85.5929901124
127 82.2438443695
128 49.7049734174
150 140.1336321422
evaluations raw_y
1 49779.6430638491
3 978.9668655015
8 555.7989313541
38 259.2075325247
64 181.9740453933
89 174.9408328276
90 126.2832211357
122 85.5929901124
127 82.2438443695
128 49.7049734174
150 140.1336321422
evaluations raw_y
1 123770.4906750369
5 84784.6997032183
6 35060.2991671535
20 24909.6128016210
25 19967.5106020109
29 13975.1618925671
36 1574.6112122898
37 1370.5556861861
47 423.7332825034
67 306.5715137542
77 283.4397272132
80 279.1924721278
87 130.6587562194
94 91.6765847305
150 152.3349239297
evaluations raw_y
1 123770.4906750369
5 84784.6997032183
6 35060.2991671535
20 24909.6128016210
25 19967.5106020109
29 13975.1618925671
36 1574.6112122898
37 1370.5556861861
47 423.7332825034
67 306.5715137542
77 283.4397272132
80 279.1924721278
87 130.6587562194
94 91.6765847305
150 152.3349239297
evaluations raw_y
1 123770.4906750369
5 84784.6997032183
6 35060.2991671535
20 24909.6128016210
25 19967.5106020109
29 13975.1618925671
36 1574.6112122898
37 1370.5556861861
47 423.7332825034
67 306.5715137542
77 283.4397272132
80 279.1924721278
87 130.6587562194
94 91.6765847305
150 152.3349239297
evaluations raw_y
1 123770.4906750369
5 84784.6997032183
6 35060.2991671535
20 24909.6128016210
25 19967.5106020109
29 13975.1618925671
36 1574.6112122898
37 1370.5556861861
47 423.7332825034
67 306.5715137542
77 283.4397272132
80 279.1924721278
87 130.6587562194
94 91.6765847305
150 152.3349239297
evaluations raw_y
1 123770.4906750369
5 84784.6997032183
6 35060.2991671535
20 24909.6128016210
25 19967.5106020109
29 13975.1618925671
36 1574.6112122898
37 1370.5556861861
47 423.7332825034
67 306.5715137542
77 283.4397272132
80 279.1924721278
87 130.6587562194
94 91.6765847305
150 152.3349239297
evaluations raw_y
1 53948.2218864968
4 15612.6135637445
7 4287.9174749722
26 3799.1571734564
27 1800.7317929652
30 451.8824859399
54 258.3239778139
60 156.4747783121
83 124.4204892400
117 66.9011597326
125 58.2602077539
127 41.4954213356
129 33.7017001543
150 196870.1690400633
evaluations raw_y
1 53948.2218864968
4 15612.6135637445
7 4287.9174749722
26 3799.1571734564
27 1800.7317929652
30 451.8824859399
54 258.3239778139
60 156.4747783121
83 124.4204892400
117 66.9011597326
125 58.2602077539
127 41.4954213356
129 33.7017001543
150 196870.1690400633
evaluations raw_y
1 53948.2218864968
4 15612.6135637445
7 4287.9174749722
26 3799.1571734564
27 1800.7317929652
30 451.8824859399
54 258.3239778139
60 156.4747783121
83 124.4204892400
117 66.9011597326
125 58.2602077539
127 41.4954213356
129 33.7017001543
150 196870.1690400633
evaluations raw_y
1 53948.2218864968
4 15612.6135637445
7 4287.9174749722
26 3799.1571734564
27 1800.7317929652
30 451.8824859399
54 258.3239778139
60 156.4747783121
83 124.4204892400
117 66.9011597326
125 58.2602077539
127 41.4954213356
129 33.7017001543
150 196870.1690400633
evaluations raw_y
1 53948.2218864968
4 15612.6135637445
7 4287.9174749722
26 3799.1571734564
27 1800.7317929652
30 451.8824859399
54 258.3239778139
60 156.4747783121
83 124.4204892400
117 66.9011597326
125 58.2602077539
127 41.4954213356
129 33.7017001543
150 196870.1690400633
evaluations raw_y
1 25253.9495861882
2 419.5199477942
78 414.9601595003
84 235.3811412967
91 47.8174843235
148 36.7802900778
150 268.5462520788
evaluations raw_y
1 25253.9495861882
2 419.5199477942
78 414.9601595003
84 235.3811412967
91 47.8174843235
148 36.7802900778
150 268.5462520788
evaluations raw_y
1 25253.9495861882
2 419.5199477942
78 414.9601595003
84 235.3811412967
91 47.8174843235
148 36.7802900778
150 268.5462520788
evaluations raw_y
1 25253.9495861882
2 419.5199477942
78 414.9601595003
84 235.3811412967
91 47.8174843235
148 36.7802900778
150 268.5462520788
evaluations raw_y
1 25253.9495861882
2 419.5199477942
78 414.9601595003
84 235.3811412967
91 47.8174843235
148 36.7802900778
150 268.5462520788
evaluations raw_y
1 88554.3456799816
5 66746.3477874721
6 35932.4445149066
11 35735.9725238746
13 1394.4175286416
38 1349.7646503484
39 441.0795517654
47 317.3434972918
55 63.1838390565
150 314.2984891113
evaluations raw_y
1 88554.3456799816
5 66746.3477874721
6 35932.4445149066
11 35735.9725238746
13 1394.4175286416
38 1349.7646503484
39 441.0795517654
47 317.3434972918
55 63.1838390565
150 314.2984891113
evaluations raw_y
1 88554.3456799816
5 66746.3477874721
6 35932.4445149066
11 35735.9725238746
13 1394.4175286416
38 1349.7646503484
39 441.0795517654
47 317.3434972918
55 63.1838390565
150 314.2984891113
evaluations raw_y
1 88554.3456799816
5 66746.3477874721
6 35932.4445149066
11 35735.9725238746
13 1394.4175286416
38 1349.7646503484
39 441.0795517654
47 317.3434972918
55 63.1838390565
150 314.2984891113
evaluations raw_y
1 88554.3456799816
5 66746.3477874721
6 35932.4445149066
11 35735.9725238746
13 1394.4175286416
38 1349.7646503484
39 441.0795517654
47 317.3434972918
55 63.1838390565
150 314.2984891113
evaluations raw_y
1 314667.7651638166
2 130964.4638423138
3 41263.6354342368
4 22731.3681453608
10 21826.1597530004
15 3984.1964566708
30 3846.0288924587
31 1871.7645711659
47 1466.0740936450
58 725.0311848034
73 612.6554819998
78 295.6735793465
82 282.2504744999
118 265.6826734743
119 185.5187274319
127 84.5320254870
150 417.1922835219
evaluations raw_y
1 314667.7651638166
2 130964.4638423138
3 41263.6354342368
4 22731.3681453608
10 21826.1597530004
15 3984.1964566708
30 3846.0288924587
31 1871.7645711659
47 1466.0740936450
58 725.0311848034
73 612.6554819998
78 295.6735793465
82 282.2504744999
118 265.6826734743
119 185.5187274319
127 84.5320254870
150 417.1922835219
evaluations raw_y
1 314667.7651638166
2 130964.4638423138
3 41263.6354342368
4 22731.3681453608
10 21826.1597530004
15 3984.1964566708
30 3846.0288924587
31 1871.7645711659
47 1466.0740936450
58 725.0311848034
73 612.6554819998
78 295.6735793465
82 282.2504744999
118 265.6826734743
119 185.5187274319
127 84.5320254870
150 417.1922835219
evaluations raw_y
1 314667.7651638166
2 130964.4638423138
3 41263.6354342368
4 22731.3681453608
10 21826.1597530004
15 3984.1964566708
30 3846.0288924587
31 1871.7645711659
47 1466.0740936450
58 725.0311848034
73 612.6554819998
78 295.6735793465
82 282.2504744999
118 265.6826734743
119 185.5187274319
127 84.5320254870
150 417.1922835219
evaluations raw_y
1 314667.7651638166
2 130964.4638423138
3 41263.6354342368
4 22731.3681453608
10 21826.1597530004
15 3984.1964566708
30 3846.0288924587
31 1871.7645711659
47 1466.0740936450
58 725.0311848034
73 612.6554819998
78 295.6735793465
82 282.2504744999
118 265.6826734743
119 185.5187274319
127 84.5320254870
150 417.1922835219
evaluations raw_y
1 290968.4860013392
2 13460.6900217171
3 8277.8198713972
4 1743.7794705381
30 588.4540287888
31 234.8968860581
111 207.3013838593
128 108.3367238773
134 14.7314947516
150 217.1052085251
evaluations raw_y
1 290968.4860013392
2 13460.6900217171
3 8277.8198713972
4 1743.7794705381
30 588.4540287888
31 234.8968860581
111 207.3013838593
128 108.3367238773
134 14.7314947516
150 217.1052085251
evaluations raw_y
1 290968.4860013392
2 13460.6900217171
3 8277.8198713972
4 1743.7794705381
30 588.4540287888
31 234.8968860581
111 207.3013838593
128 108.3367238773
134 14.7314947516
150 217.1052085251
evaluations raw_y
1 290968.4860013392
2 13460.6900217171
3 8277.8198713972
4 1743.7794705381
30 588.4540287888
31 234.8968860581
111 207.3013838593
128 108.3367238773
134 14.7314947516
150 217.1052085251
evaluations raw_y
1 290968.4860013392
2 13460.6900217171
3 8277.8198713972
4 1743.7794705381
30 588.4540287888
31 234.8968860581
111 207.3013838593
128 108.3367238773
134 14.7314947516
150 217.1052085251
evaluations raw_y
1 50971.2621955305
3 5580.2233672705
27 2455.2566525721
37 1556.7755487696
42 846.9909514581
65 825.6786755614
68 656.6163319601
69 215.7010208525
74 85.3687189508
135 82.7453810140
142 75.7904342630
150 380.0681117522
evaluations raw_y
1 50971.2621955305
3 5580.2233672705
27 2455.2566525721
37 1556.7755487696
42 846.9909514581
65 825.6786755614
68 656.6163319601
69 215.7010208525
74 85.3687189508
135 82.7453810140
142 75.7904342630
150 380.0681117522
evaluations raw_y
1 50971.2621955305
3 5580.2233672705
27 2455.2566525721
37 1556.7755487696
42 846.9909514581
65 825.6786755614
68 656.6163319601
69 215.7010208525
74 85.3687189508
135 82.7453810140
142 75.7904342630
150 380.0681117522
evaluations raw_y
1 50971.2621955305
3 5580.2233672705
27 2455.2566525721
37 1556.7755487696
42 846.9909514581
65 825.6786755614
68 656.6163319601
69 215.7010208525
74 85.3687189508
135 82.7453810140
142 75.7904342630
150 380.0681117522
evaluations raw_y
1 50971.2621955305
3 5580.2233672705
27 2455.2566525721
37 1556.7755487696
42 846.9909514581
65 825.6786755614
68 656.6163319601
69 215.7010208525
74 85.3687189508
135 82.7453810140
142 75.7904342630
150 380.0681117522
evaluations raw_y
1 132344.8388537837
5 27376.7833740277
12 1977.9899842998
29 1035.8248958874
40 1022.4059845862
43 436.4768370510
75 188.2959253141
108 88.4670198390
118 78.6968297149
144 69.1304214080
146 41.3777853054
150 365.2124408290
evaluations raw_y
1 132344.8388537837
5 27376.7833740277
12 1977.9899842998
29 1035.8248958874
40 1022.4059845862
43 436.4768370510
75 188.2959253141
108 88.4670198390
118 78.6968297149
144 69.1304214080
146 41.3777853054
150 365.2124408290
evaluations raw_y
1 132344.8388537837
5 27376.7833740277
12 1977.9899842998
29 1035.8248958874
40 1022.4059845862
43 436.4768370510
75 188.2959253141
108 88.4670198390
118 78.6968297149
144 69.1304214080
146 41.3777853054
150 365.2124408290
evaluations raw_y
1 132344.8388537837
5 27376.7833740277
12 1977.9899842998
29 1035.8248958874
40 1022.4059845862
43 436.4768370510
75 188.2959253141
108 88.4670198390
118 78.6968297149
144 69.1304214080
146 41.3777853054
150 365.2124408290
evaluations raw_y
1 132344.8388537837
5 27376.7833740277
12 1977.9899842998
29 1035.8248958874
40 1022.4059845862
43 436.4768370510
75 188.2959253141
108 88.4670198390
118 78.6968297149
144 69.1304214080
146 41.3777853054
150 365.2124408290
evaluations raw_y
1 162678.2355994844
2 11965.4407308054
7 10815.8988365680
8 5672.4215141237
27 1339.4716718040
28 194.5327320298
92 70.7278841332
99 38.3628375790
123 26.0780418119
150 20042.3365527063
evaluations raw_y
1 162678.2355994844
2 11965.4407308054
7 10815.8988365680
8 5672.4215141237
27 1339.4716718040
28 194.5327320298
92 70.7278841332
99 38.3628375790
123 26.0780418119
150 20042.3365527063
evaluations raw_y
1 162678.2355994844
2 11965.4407308054
7 10815.8988365680
8 5672.4215141237
27 1339.4716718040
28 194.5327320298
92 70.7278841332
99 38.3628375790
123 26.0780418119
150 20042.3365527063
evaluations raw_y
1 162678.2355994844
2 11965.4407308054
7 10815.8988365680
8 5672.4215141237
27 1339.4716718040
28 194.5327320298
92 70.7278841332
99 38.3628375790
123 26.0780418119
150 20042.3365527063
evaluations raw_y
1 162678.2355994844
2 11965.4407308054
7 10815.8988365680
8 5672.4215141237
27 1339.4716718040
28 194.5327320298
92 70.7278841332
99 38.3628375790
123 26.0780418119
150 20042.3365527063
evaluations raw_y
1 150682.7090459154
2 9890.5133466541
15 7868.2167982959
19 3227.0280458399
48 835.2795946069
49 633.2156364990
51 80.1646576154
99 33.3208771359
100 20.0306036494
150 23.9041317888
evaluations raw_y
1 150682.7090459154
2 9890.5133466541
15 7868.2167982959
19 3227.0280458399
48 835.2795946069
49 633.2156364990
51 80.1646576154
99 33.3208771359
100 20.0306036494
150 23.9041317888
evaluations raw_y
1 150682.7090459154
2 9890.5133466541
15 7868.2167982959
19 3227.0280458399
48 835.2795946069
49 633.2156364990
51 80.1646576154
99 33.3208771359
100 20.0306036494
150 23.9041317888
evaluations raw_y
1 150682.7090459154
2 9890.5133466541
15 7868.2167982959
19 3227.0280458399
48 835.2795946069
49 633.2156364990
51 80.1646576154
99 33.3208771359
100 20.0306036494
150 23.9041317888
evaluations raw_y
1 150682.7090459154
2 9890.5133466541
15 7868.2167982959
19 3227.0280458399
48 835.2795946069
49 633.2156364990
51 80.1646576154
99 33.3208771359
100 20.0306036494
150 23.9041317888
