evaluations raw_y
1 1.9781920742
5 0.8690845152
6 0.7393427882
11 0.0531390637
43 0.0344827262
54 0.3131068562
evaluations raw_y
1 0.1152351758
26 0.0463196245
41 0.0445837570
54 0.2740317386
evaluations raw_y
1 35.1156852509
2 30.7931535919
3 3.1990180083
5 1.9641518213
6 1.8233923287
8 1.4462806540
13 1.3587298206
15 0.1688563060
18 0.1056920631
48 0.0543929908
54 0.1749127271
evaluations raw_y
1 23.4169645146
2 8.8380747948
3 2.2246585341
11 0.9167733499
18 0.0985570222
47 0.0813027094
54 0.2705637707
evaluations raw_y
1 0.6260200117
13 0.5927749818
22 0.3370054584
25 0.3324359839
29 0.1160827866
35 0.0269717262
54 0.0205532117
evaluations raw_y
1 14.8120476193
2 2.1228498162
5 1.1840538469
10 0.6931273954
24 0.1906521172
41 0.0228699854
54 0.2956082685
evaluations raw_y
1 1.6423311340
5 1.6069223912
6 1.2586196027
11 1.2230022640
18 0.2524349687
23 0.1904867434
40 0.0298425610
53 0.0138054764
54 0.1145790008
evaluations raw_y
1 0.2768473330
9 0.2076376942
26 0.1326961107
44 0.0222400658
54 0.0767472373
evaluations raw_y
1 1.4464348206
9 0.7556771601
19 0.3239633701
29 0.1793659163
32 0.1233708765
45 0.0652455509
47 0.0085947080
54 0.1129776263
evaluations raw_y
1 1.2745728921
5 1.1817543617
12 0.4573736070
14 0.2308831806
19 0.1798811973
22 0.1583789906
25 0.0221208131
54 0.0045930221
evaluations raw_y
1 14.7731345777
3 1.4591721592
5 1.3891486522
6 1.3073819670
8 0.8030148228
21 0.4115841601
34 0.1932773209
39 0.1283273927
45 0.0701313204
49 0.0285032256
54 0.1690697807
evaluations raw_y
1 0.4897425265
5 0.3418784441
9 0.2669254152
27 0.1151972434
37 0.0483822071
54 0.0829109346
evaluations raw_y
1 2.7974620635
3 1.9119565133
16 1.2138559962
21 1.1503495320
23 0.7842453531
33 0.1057637462
45 0.0834460749
54 0.9174214520
evaluations raw_y
1 55.6257026783
2 4.5982882500
4 2.3702812898
8 1.5456463781
13 0.6039140280
19 0.4196394292
27 0.1951661956
33 0.1523627529
41 0.1347388942
43 0.0829111578
45 0.0445098132
51 0.0268736810
52 0.0229416084
54 0.0537933105
evaluations raw_y
1 7.9963239733
2 2.4831866194
4 0.3603752670
10 0.0534151054
47 0.0512463599
54 0.0989617345
evaluations raw_y
1 62.9071256185
2 1.9785637568
13 1.5440903092
17 0.9531018477
24 0.0384682133
54 0.1966366403
evaluations raw_y
1 58.4997923470
3 1.2203667786
7 0.1536255814
29 0.1275841474
32 0.1086019368
50 0.0796052683
54 0.2885234998
evaluations raw_y
1 180.9670361376
2 2.0701886700
14 0.0137755882
45 0.0040944265
54 0.3368749143
evaluations raw_y
1 1.9414387179
19 0.9666895232
20 0.7024561712
28 0.4746236482
38 0.3473781286
39 0.0574509672
54 0.9433040892
evaluations raw_y
1 7.9952772624
3 0.3476656070
8 0.3211668289
49 0.1952455415
54 0.4288998887
evaluations raw_y
1 53.0475315119
3 0.9057829535
8 0.8777673783
22 0.3140395255
37 0.1857371041
49 0.1144228631
54 0.0693277052
evaluations raw_y
1 30.1309204433
2 16.4920187769
3 3.1862049398
8 2.6300340473
14 1.6093558176
18 1.0032916819
25 0.3063140726
40 0.2790458077
49 0.1347604653
51 0.0799764047
54 0.1730957483
evaluations raw_y
1 57.3161910822
2 4.3524350789
11 2.8054914597
12 0.4901058079
44 0.1636243246
54 0.9071262018
evaluations raw_y
1 393.1895807398
2 150.5724068253
3 3.8801743990
6 1.0199010662
36 0.8229219136
49 0.1976701388
50 0.1589675898
54 0.9248644482
evaluations raw_y
1 22.4278584301
5 17.5296027664
6 2.4705859021
7 1.3776403641
20 0.5298249501
31 0.1422631376
44 0.0338201423
54 0.2848664722
evaluations raw_y
1 51.7460419629
2 44.0308995656
4 3.3918354980
17 1.1698897151
19 1.0034766107
23 0.5194677995
33 0.1941740582
37 0.0856316406
54 0.8441827007
evaluations raw_y
1 64.9911950114
2 63.3195499823
3 1.1851012951
29 0.1730517210
35 0.0106922106
54 0.0189962021
evaluations raw_y
1 29.3573119150
5 19.7953872009
6 4.1609845792
9 3.4984096727
10 1.5518208228
18 1.0561944658
21 0.1882777650
38 0.1453531276
51 0.0826152737
54 0.1544792355
evaluations raw_y
1 2.5659583115
8 1.9457369481
12 1.6405681389
21 0.6316039503
30 0.5626837718
39 0.3526709112
44 0.2572932584
52 0.2303907155
54 0.7800771765
evaluations raw_y
1 135.2139990859
2 14.8262200174
3 2.8015053115
7 2.3903366948
11 0.9888532453
16 0.5926394194
22 0.4180775380
26 0.1654541606
35 0.0272106057
54 0.3259109934
evaluations raw_y
1 25.6426783078
2 2.7430172189
6 2.0818336660
7 0.4282942058
16 0.0254923441
54 0.2228530326
evaluations raw_y
1 22.2092913459
2 0.4935710132
24 0.1059058802
31 0.0985916634
46 0.0961809091
51 0.0808680911
54 0.5655824323
evaluations raw_y
1 82.1199656182
2 3.3002934827
4 0.7143286669
6 0.3483466288
21 0.1883304341
27 0.0712095852
54 1.2006861149
evaluations raw_y
1 31.5064653161
2 10.7253015209
3 3.3459283291
6 0.1382189886
39 0.0704485476
47 0.0681450195
48 0.0616845616
52 0.0413049452
54 0.1302345107
evaluations raw_y
1 31.9794344919
2 2.2226392279
4 2.2009744466
9 0.6810535172
14 0.2956504786
34 0.0859595379
43 0.0073940324
54 0.6824491954
evaluations raw_y
1 6.0194020233
3 0.7535704122
14 0.2648041016
19 0.2597921986
33 0.1137489647
34 0.1013419757
45 0.0510100016
54 0.2318339976
evaluations raw_y
1 40.9520860000
2 23.5326185506
3 7.4393227602
4 1.8690593133
15 0.9105576990
20 0.3211152571
36 0.0452856697
38 0.0097422329
54 0.2940564805
evaluations raw_y
1 53.1805463425
2 1.7338034604
12 1.0336581718
26 0.3891456640
36 0.1114883131
52 0.0955906772
54 0.6861424866
evaluations raw_y
1 2.7455466934
7 1.6118762173
25 0.9595443289
28 0.1938786865
52 0.0511059569
54 0.1004047229
evaluations raw_y
1 126.9709723857
2 69.3621086678
3 5.7986387819
6 4.5550638391
7 1.2110291736
25 0.9221831668
38 0.5824291272
41 0.1281777440
47 0.0852718644
54 1.2534531849
evaluations raw_y
1 37.6220059142
2 5.6963478327
13 0.2546143350
54 2.7026531451
evaluations raw_y
1 178.0528561405
2 4.4673646545
7 3.2026034056
10 2.2117653420
12 0.6202682999
18 0.5864834620
38 0.0342465952
54 0.0902228946
evaluations raw_y
1 3.1151217746
3 2.8671543025
9 1.2358062557
22 0.6740777314
29 0.4140883290
37 0.2501390933
46 0.0966700965
54 0.1362316850
evaluations raw_y
1 5.6839444527
2 4.0279212538
3 0.2894676559
7 0.2492237675
38 0.1276864175
44 0.1071396047
54 0.1682287502
evaluations raw_y
1 4.0646998345
9 2.6228573238
13 2.2022229544
14 1.5158032795
17 1.4239774759
21 0.4389775519
28 0.2822379511
45 0.0417320828
54 0.8644922066
evaluations raw_y
1 27.3520985717
2 9.2747916995
7 2.0349946313
13 1.8889182539
20 1.8715117888
22 0.7542469816
37 0.4964819211
49 0.2991120523
54 0.0785756302
evaluations raw_y
1 0.8082298436
27 0.7742243468
29 0.3802895881
46 0.1260288038
49 0.0235813474
54 0.3552310777
evaluations raw_y
1 48.3875563530
2 21.5443717541
4 8.6492915656
8 2.3776809170
17 2.1741293347
23 1.9995352067
26 1.6938569657
35 1.6124511354
46 1.1004817443
51 0.4573561949
54 4.5614575951
evaluations raw_y
1 11.4187624506
3 3.8947382583
5 3.4475686366
8 3.0927261462
10 1.6271486117
38 1.3245348489
41 0.6728746687
47 0.5938504274
50 0.4115371764
54 2.0764893269
evaluations raw_y
1 4.1958005401
17 2.9379107958
26 1.8164312684
31 1.0517588569
38 0.7100091599
54 2.5417028216
evaluations raw_y
1 20.6938061433
3 6.6245558233
5 1.3855641312
7 1.2440972226
17 0.5391924672
32 0.3998317464
33 0.2868437039
36 0.1575163152
44 0.0554786732
48 0.0277778846
54 0.4796668659
evaluations raw_y
1 3.4843533493
3 3.3191316550
12 0.8035051241
14 0.5327890836
20 0.5208617440
35 0.3236808780
39 0.2444655945
46 0.0370948675
49 0.0268729220
54 0.7983997796
evaluations raw_y
1 1.2232843577
4 0.5618904765
7 0.2892670654
10 0.1752010388
47 0.1185604903
54 0.2127066333
evaluations raw_y
1 13.2015621624
3 0.6293836600
5 0.3002826428
31 0.1157784534
54 1.1164380669
evaluations raw_y
1 21.0886669383
2 18.8130731424
3 1.5835426992
16 0.3867944167
17 0.2597996303
30 0.2526601587
33 0.2252632914
46 0.0983110935
51 0.0915381475
54 0.3998174515
evaluations raw_y
1 1.0060926090
5 0.4377268812
28 0.2242224652
54 0.0623515023
evaluations raw_y
1 4.3719316253
3 3.0129153156
4 1.6367021128
5 0.9534085125
26 0.1156012048
54 2.0893434787
evaluations raw_y
1 16.3030596488
2 6.5412671207
4 1.5283189916
9 1.2857993951
11 0.8765911576
19 0.2892857131
24 0.1152294094
36 0.1077450428
44 0.0194270956
54 0.0480081327
evaluations raw_y
1 2.1158629219
4 0.1067977687
28 0.0362870771
54 0.2854536276
evaluations raw_y
1 30.5563123089
2 4.4749209238
3 3.6350368815
5 2.6131015733
20 2.2271885214
23 1.6572324268
39 1.0110780587
43 0.9041065917
44 0.6427102025
47 0.6006078401
49 0.2389321431
52 0.0283340691
54 1.1669391579
evaluations raw_y
1 18.0993110582
2 5.7854921224
12 4.7124055581
17 0.6938418006
19 0.5336696328
27 0.2399426390
50 0.1271251513
53 0.0791721329
54 1.0027068230
evaluations raw_y
1 39.6606919182
2 2.2456780138
11 1.3128783105
27 0.9747558575
30 0.3870042119
40 0.3619594469
42 0.3052935251
44 0.0488961255
54 0.9311257915
evaluations raw_y
1 67.5084861058
3 16.6835050016
5 12.3979810901
7 4.2206294522
9 2.2353300246
21 1.3574930106
23 1.0852018091
27 0.3985061770
51 0.2194457260
54 3.3118299168
evaluations raw_y
1 5.2244207013
6 2.2106846078
7 1.7124567868
14 1.1635250554
19 0.8328539742
22 0.4088791629
37 0.3741220526
39 0.2596565623
50 0.0926800201
54 0.1531165839
evaluations raw_y
1 50.5231999696
3 47.9395576722
4 44.0611104363
5 1.7542515298
15 1.2406313212
25 0.8387393895
35 0.2927633916
36 0.1580389735
54 6.3731905344
evaluations raw_y
1 9.4144116609
2 3.3245312347
3 3.0183095449
4 0.9002137703
9 0.4894559054
20 0.1527777332
22 0.0591055194
43 0.0244645522
54 0.2686408454
evaluations raw_y
1 21.5808309636
3 6.9379380372
5 1.4496101534
10 1.0756538091
18 1.0183665902
24 0.5978844016
32 0.3128187629
37 0.2662844592
38 0.2467609913
39 0.2025242413
41 0.1604640035
48 0.1232872538
52 0.0938529130
54 0.2638677853
evaluations raw_y
1 51.6921512146
2 4.3617171035
3 1.5615567060
8 1.2077386035
21 1.1155089677
23 0.5690330203
28 0.3128120508
46 0.0182247108
54 0.1987607239
evaluations raw_y
1 6.4386680217
2 3.7428553379
4 3.4043681142
16 2.1289579494
43 2.0885371119
44 1.1375987951
50 0.9723548763
52 0.4577640098
54 1.3440406991
evaluations raw_y
1 3.6125281341
4 0.4288449798
31 0.3030853972
44 0.1745684498
53 0.1506729545
54 0.5533394949
