evaluations raw_y
1 8352919.0684401523
6 170895.1169304347
32 20992.7486787309
103 15002.4856854684
108 10228.9445334812
109 6700.4026088233
143 1379671.3915892101
evaluations raw_y
1 8352919.0684401523
6 170895.1169304347
16 123151.2380970060
131 108527.9251988918
142 73873.3858018976
143 205147.7256032356
evaluations raw_y
1 8352919.0684401523
6 170895.1169304347
62 153381.4320843483
76 53058.5548157745
100 50197.4644620378
107 38921.3759514787
143 281324.8920619526
evaluations raw_y
1 8352919.0684401523
6 170895.1169304347
32 15836.5090906638
66 6690.9397578389
143 1447665.2522108722
evaluations raw_y
1 8352919.0684401523
6 170895.1169304347
41 163423.5042703096
44 78792.5209474206
53 31127.4133405064
60 28988.7789581491
143 38332.2851336219
evaluations raw_y
1 1916673.1100402910
2 328720.7582824411
27 200931.9213763976
40 64550.5107084432
97 53445.5605839234
138 50889.3816448353
143 48148.2456409314
evaluations raw_y
1 1916673.1100402910
2 328720.7582824411
19 186306.9683057421
26 131610.3979617303
51 64333.2036726594
61 32486.0211048542
143 769027.7427566815
evaluations raw_y
1 1916673.1100402910
2 328720.7582824411
17 236905.8816607741
25 152895.8533049361
49 20961.2417163592
66 18342.9285291276
103 18333.9786561815
117 5378.3598425225
143 223484.7745944968
evaluations raw_y
1 1916673.1100402910
2 328720.7582824411
53 61066.6914410481
89 36165.0074224238
93 9967.9993433653
143 72960.2991113267
evaluations raw_y
1 1916673.1100402910
2 328720.7582824411
29 284055.2133314214
32 65612.1622051506
56 15346.8169607175
137 9005.3119142578
143 33371.1190570048
evaluations raw_y
1 26394867.3571090251
2 9663175.8228183873
4 6473049.3313884595
6 682404.1120558551
12 113513.0447265271
24 70658.6006281300
39 59093.1540299519
88 36973.3969555076
102 18271.3565814685
143 32266.6334904621
evaluations raw_y
1 26394867.3571090251
2 9663175.8228183873
4 6473049.3313884595
6 682404.1120558551
12 113513.0447265271
16 112494.1096045603
41 10077.8801854720
55 9717.6880725504
71 9467.7205502973
72 4920.6778876422
101 2227.7377286849
143 2676.8935356151
evaluations raw_y
1 26394867.3571090251
2 9663175.8228183873
4 6473049.3313884595
6 682404.1120558551
12 113513.0447265271
34 82827.3468349324
47 58522.2371905631
98 29322.5256712114
100 14510.6666305210
117 4794.9007931308
127 3397.6075746934
134 3130.1132554879
141 1150.7699877674
143 30501.2145327389
evaluations raw_y
1 26394867.3571090251
2 9663175.8228183873
4 6473049.3313884595
6 682404.1120558551
12 113513.0447265271
21 41011.8465012471
28 24055.4716313092
73 22194.6150610977
85 3317.4219571939
124 641.8150898641
143 31102.2768753752
evaluations raw_y
1 26394867.3571090251
2 9663175.8228183873
4 6473049.3313884595
6 682404.1120558551
12 113513.0447265271
46 95087.3592169872
49 82136.9577579996
54 32675.2564150438
57 8519.7438624813
143 27726.7791597557
evaluations raw_y
1 4627991.6979240486
6 353434.6782659722
14 103607.4319124560
36 56813.1859061022
101 18207.5629359992
143 65595.9463915983
evaluations raw_y
1 4627991.6979240486
6 353434.6782659722
14 103607.4319124560
46 102085.6559089590
58 57408.9722634816
62 54200.1543361421
80 46752.1004765245
115 17837.1250708509
120 675.0076491600
143 31963.3771765752
evaluations raw_y
1 4627991.6979240486
6 353434.6782659722
14 103607.4319124560
105 15086.1765201701
127 8811.7216702935
143 569029.0507446904
evaluations raw_y
1 4627991.6979240486
6 353434.6782659722
14 103607.4319124560
83 54306.2015470587
130 9134.6268571944
143 196869.3755913945
evaluations raw_y
1 4627991.6979240486
6 353434.6782659722
14 103607.4319124560
37 89374.9438544026
115 64866.6917854390
127 9166.0707014139
138 7724.1947814814
143 194523.6686983540
evaluations raw_y
1 5674729.9975828296
5 4700786.5477598896
9 3817760.5653870748
10 600477.2674467490
36 303864.0914884510
126 284694.2958464692
139 174699.1723907751
143 351151.1303192487
evaluations raw_y
1 5674729.9975828296
5 4700786.5477598896
9 3817760.5653870748
10 600477.2674467490
16 232020.2535771915
17 22671.3239097998
139 9354.4108658503
143 73536.5260573155
evaluations raw_y
1 5674729.9975828296
5 4700786.5477598896
9 3817760.5653870748
10 600477.2674467490
23 533780.2971482899
44 148653.7950494770
55 47522.0928415559
65 24785.6177198988
84 23642.8231908267
109 19656.3781473679
137 14526.8364735980
143 3449758.0911162272
evaluations raw_y
1 5674729.9975828296
5 4700786.5477598896
9 3817760.5653870748
10 600477.2674467490
20 549848.9115467279
32 123715.3332015917
34 80046.2878844043
48 70058.4034448103
75 49306.5566138821
77 42504.9016086634
90 38388.8579446715
133 37247.6407473105
135 36881.7356732004
141 22803.6093670268
143 127455.1442962339
evaluations raw_y
1 5674729.9975828296
5 4700786.5477598896
9 3817760.5653870748
10 600477.2674467490
21 185166.3983900525
35 152696.9022396619
52 138897.2678064392
69 135809.5900734400
81 66603.3027034899
86 40949.5926555451
125 29531.5944161564
135 9069.7222997079
143 1347371.0460324499
evaluations raw_y
1 14784005.2859952357
2 3711713.0911254864
5 1266229.4212048510
11 608436.7336913216
20 546818.0303920520
23 443881.6302200267
26 347097.1405461570
27 125097.0644353440
41 33259.1649207835
54 15578.9573105499
74 3501.7724978968
143 234575.9485149335
evaluations raw_y
1 14784005.2859952357
2 3711713.0911254864
5 1266229.4212048510
11 608436.7336913216
17 416590.0705065617
20 224835.7508464709
26 49328.7379766927
32 22523.5490775152
56 3758.8678058350
102 1465.0422746507
143 2518.7717851602
evaluations raw_y
1 14784005.2859952357
2 3711713.0911254864
5 1266229.4212048510
11 608436.7336913216
31 316191.1469595020
81 31379.8604634689
143 159713.4993688311
evaluations raw_y
1 14784005.2859952357
2 3711713.0911254864
5 1266229.4212048510
11 608436.7336913216
23 500595.9940641959
31 198762.8954978105
34 155860.3161844899
40 73390.7839357061
45 13668.9189033741
59 9290.9068332799
134 7141.1260184634
141 6182.6588490530
143 134256.7766676242
evaluations raw_y
1 14784005.2859952357
2 3711713.0911254864
5 1266229.4212048510
11 608436.7336913216
24 452962.8352429167
27 261981.4497658614
32 49256.3496925670
33 23926.1894801764
49 19264.6526287921
68 9639.8701750321
105 7864.0733436091
122 6336.9852708060
143 5797.3805379537
evaluations raw_y
1 343737.5463002376
15 48139.0284270972
46 10192.3275628215
80 7117.0383556804
123 2033.9498302649
143 65950.7120198065
evaluations raw_y
1 343737.5463002376
15 48139.0284270972
126 19885.5918957456
143 166120.1565721440
evaluations raw_y
1 343737.5463002376
15 48139.0284270972
48 17230.6684728807
88 14021.7260941262
91 13930.3136956562
119 11145.1790412871
143 83751.7862719394
evaluations raw_y
1 343737.5463002376
15 48139.0284270972
143 2358011.8649293198
evaluations raw_y
1 343737.5463002376
15 48139.0284270972
43 30827.5907851955
76 16897.9860369932
105 9050.1696897939
143 92062.2891993011
evaluations raw_y
1 5869136.5568247065
2 4381071.2676096261
7 3234651.0003904579
8 658327.4087966681
11 623118.9262820670
15 532398.3266388456
16 145719.8840384722
33 97142.1513955222
36 59935.2644972306
71 44940.8361655926
143 48834.7658818837
evaluations raw_y
1 5869136.5568247065
2 4381071.2676096261
7 3234651.0003904579
8 658327.4087966681
11 623118.9262820670
15 532398.3266388456
32 176224.3949477963
51 61808.8556504578
143 2414704.5591918752
evaluations raw_y
1 5869136.5568247065
2 4381071.2676096261
7 3234651.0003904579
8 658327.4087966681
11 623118.9262820670
15 532398.3266388456
30 134731.0379313628
52 131659.0392171922
72 78299.7778268519
84 60422.2273207249
88 48554.6035188156
104 38890.9168740581
109 27341.9895017530
132 22529.8709365322
143 38161.1546136787
evaluations raw_y
1 5869136.5568247065
2 4381071.2676096261
7 3234651.0003904579
8 658327.4087966681
11 623118.9262820670
15 532398.3266388456
25 235591.7457664210
27 21521.4165468008
68 13769.0865836420
83 2940.2447154195
130 2469.7181975910
139 1492.6957234476
143 30099.8470256902
evaluations raw_y
1 5869136.5568247065
2 4381071.2676096261
7 3234651.0003904579
8 658327.4087966681
11 623118.9262820670
15 532398.3266388456
16 380464.1561156859
21 231949.5809086011
25 34002.6337432126
84 27188.6605760284
143 126140.5515382696
evaluations raw_y
1 27484202.6800889634
3 618275.8532605795
7 348529.5703614652
16 103809.1064147620
36 42953.1102994438
71 27640.9107598419
98 20103.0730686779
108 13570.5300327267
143 37185.0280938362
evaluations raw_y
1 27484202.6800889634
3 618275.8532605795
7 348529.5703614652
20 75224.0044636245
58 20336.2285728052
68 7670.6532423780
106 1581.3360774024
143 3498.3440357512
evaluations raw_y
1 27484202.6800889634
3 618275.8532605795
7 348529.5703614652
17 318196.3561914022
18 308419.0266530555
21 255385.8125752558
35 38743.9579166741
143 41608.8932834425
evaluations raw_y
1 27484202.6800889634
3 618275.8532605795
7 348529.5703614652
17 89695.2756257072
21 15251.2689122367
97 10050.3331778201
143 16015.7624881523
evaluations raw_y
1 27484202.6800889634
3 618275.8532605795
7 348529.5703614652
20 58694.4417729011
27 41100.5051183776
42 40759.5226699631
56 33177.7366503424
64 19934.4309808104
98 15493.7201580754
108 11685.9052044728
110 10998.5015883737
117 4623.4091197178
127 1412.9467162547
143 81225.3442143665
evaluations raw_y
1 3274178.4835608266
6 993041.2655846489
10 261692.8478341085
15 22902.0382211803
104 18178.5992113477
111 12387.9773436424
143 779437.4722919646
evaluations raw_y
1 3274178.4835608266
6 993041.2655846489
10 261692.8478341085
15 22902.0382211803
143 119663.4885048735
evaluations raw_y
1 3274178.4835608266
6 993041.2655846489
10 261692.8478341085
15 22902.0382211803
27 9287.6906620266
143 377631.6021991924
evaluations raw_y
1 3274178.4835608266
6 993041.2655846489
10 261692.8478341085
15 22902.0382211803
134 20102.4841424174
140 13330.7480630111
143 531829.5070101774
evaluations raw_y
1 3274178.4835608266
6 993041.2655846489
10 261692.8478341085
15 22902.0382211803
36 21428.1452977791
108 10444.0486422981
143 200470.5686287754
evaluations raw_y
1 31957024.8434323370
2 210142.3499095323
27 208451.9724367218
30 73586.9104248081
67 19788.1821462745
143 321462.6932900593
evaluations raw_y
1 31957024.8434323370
2 210142.3499095323
36 64769.8842757717
94 29355.0442384981
143 462050.8973268162
evaluations raw_y
1 31957024.8434323370
2 210142.3499095323
24 203613.8919482542
25 133790.0294544815
82 98389.9023848245
123 82322.2018246843
130 78659.5109012868
136 74315.5437278108
143 165889.4509740083
evaluations raw_y
1 31957024.8434323370
2 210142.3499095323
26 80366.6820917364
65 23156.0536039259
125 16852.0762953627
126 12635.2614398809
130 11708.0661034979
141 10896.7023456059
143 34809.3504408389
evaluations raw_y
1 31957024.8434323370
2 210142.3499095323
29 128738.4706412775
31 92039.6183002964
89 30685.6297122106
143 8500147.6780982036
evaluations raw_y
1 25775217.9072211273
2 16777178.2505269274
3 1460606.0239344197
8 375116.3451229749
19 146845.0213803179
50 126608.9932032562
115 45371.1506650111
136 9089.7867490894
143 1369613.1909531783
evaluations raw_y
1 25775217.9072211273
2 16777178.2505269274
3 1460606.0239344197
8 375116.3451229749
20 190352.4575413389
24 102835.4809384954
40 40214.4223255796
64 8917.0657900510
143 30451.4721199862
evaluations raw_y
1 25775217.9072211273
2 16777178.2505269274
3 1460606.0239344197
8 375116.3451229749
20 118882.6337976880
23 107395.8098568006
64 93664.6822693392
68 3365.1061523624
143 10201.0376679157
evaluations raw_y
1 25775217.9072211273
2 16777178.2505269274
3 1460606.0239344197
8 375116.3451229749
16 42751.2722936176
52 14717.9835105472
83 12578.6769395554
121 2008.3169904419
143 8320.1205072482
evaluations raw_y
1 25775217.9072211273
2 16777178.2505269274
3 1460606.0239344197
8 375116.3451229749
19 19022.7635611885
25 16668.4386751940
56 5513.5187964557
116 2638.9422028990
126 2041.2112236083
143 8177.5171732702
evaluations raw_y
1 17111066.9903900474
2 7620969.2417444307
3 474337.8454130176
5 14986.5291929436
112 13644.1341052956
122 10967.6517228902
142 5499.2596228366
143 426845.6760021009
evaluations raw_y
1 17111066.9903900474
2 7620969.2417444307
3 474337.8454130176
5 14986.5291929436
79 13439.5595205516
114 10159.1746403038
143 29665.2221535095
evaluations raw_y
1 17111066.9903900474
2 7620969.2417444307
3 474337.8454130176
5 14986.5291929436
41 10874.1452560875
143 357965.3465459052
evaluations raw_y
1 17111066.9903900474
2 7620969.2417444307
3 474337.8454130176
5 14986.5291929436
67 7570.0789853574
143 478897.0345607107
evaluations raw_y
1 17111066.9903900474
2 7620969.2417444307
3 474337.8454130176
5 14986.5291929436
143 499306.0473867388
evaluations raw_y
1 18727259.7606441006
2 3969686.7085058102
4 3192565.8402370880
6 2897495.6672168057
9 95770.3904408087
26 71275.2977326991
51 6746.9577645966
85 831.9472114453
143 75237.3133449524
evaluations raw_y
1 18727259.7606441006
2 3969686.7085058102
4 3192565.8402370880
6 2897495.6672168057
9 95770.3904408087
56 32641.9560908080
99 27061.3062664593
143 108656.0382818436
evaluations raw_y
1 18727259.7606441006
2 3969686.7085058102
4 3192565.8402370880
6 2897495.6672168057
9 95770.3904408087
18 79644.1112569058
22 70800.5159603737
24 10296.1375350889
83 9271.9356400318
88 6550.1622643341
125 2768.9885246964
143 42962.5209061832
evaluations raw_y
1 18727259.7606441006
2 3969686.7085058102
4 3192565.8402370880
6 2897495.6672168057
9 95770.3904408087
26 13238.7111618103
38 2116.1839954594
143 11848.9105310132
evaluations raw_y
1 18727259.7606441006
2 3969686.7085058102
4 3192565.8402370880
6 2897495.6672168057
9 95770.3904408087
25 65320.3173884797
41 39829.4971165386
81 19564.9746302483
86 6654.3958556962
93 6143.3237533544
143 38931.4837127288
